# stamp x y z yaw linear_v angular_v
0.376000 0.000000 0.000000 -0.000709 0.000000 0.000001 -0.000009
0.396000 0.000001 0.000000 -0.001311 0.000000 -0.000010 -0.000003
0.416000 0.000002 0.000000 -0.001549 0.000000 -0.000020 -0.000004
0.436000 0.000004 0.000000 -0.001626 0.000000 -0.000025 -0.000004
0.456000 0.000006 0.000000 -0.001648 0.000000 -0.000027 -0.000004
0.476000 0.000008 0.000000 -0.001655 0.000000 -0.000028 -0.000004
0.496000 0.000009 0.000000 -0.001657 0.000000 -0.000028 -0.000004
0.516000 0.000011 0.000000 -0.001657 0.000000 -0.000028 -0.000004
0.536000 0.000013 0.000000 -0.001657 0.000000 -0.000028 -0.000004
0.556000 0.000015 0.000000 -0.001657 0.000000 -0.000028 -0.000004
0.576000 0.000016 0.000000 -0.001657 0.000000 -0.000028 -0.000004
0.596000 0.000018 0.000000 -0.001657 0.000000 -0.000028 -0.000004
0.616000 0.000020 0.000000 -0.001657 0.000000 -0.000028 -0.000004
0.636000 0.000022 0.000000 -0.001657 0.000000 -0.000028 -0.000004
0.656000 0.000023 0.000000 -0.001657 0.000000 -0.000028 -0.000004
0.676000 0.000025 0.000000 -0.001657 0.000000 -0.000028 -0.000004
0.696000 0.000027 0.000000 -0.001657 0.000000 -0.000028 -0.000004
0.716000 0.000029 0.000000 -0.001657 0.000000 -0.000028 -0.000004
0.736000 0.000030 0.000000 -0.001657 0.000000 -0.000028 -0.000004
0.756000 0.000032 0.000000 -0.001657 0.000000 -0.000028 -0.000004
0.776000 0.000034 0.000000 -0.001657 0.000000 -0.000028 -0.000004
0.796000 0.000036 0.000000 -0.001657 0.000000 -0.000028 -0.000004
0.816000 0.000037 0.000000 -0.001657 0.000000 -0.000028 -0.000004
0.836000 0.001399 0.000000 -0.001656 -0.000000 0.072502 0.000029
0.856000 0.005049 0.000000 -0.001655 -0.000000 0.170072 0.000039
0.876000 0.010611 0.000000 -0.001655 -0.000000 0.266194 0.000032
0.896000 0.018083 0.000000 -0.001656 -0.000000 0.362038 0.000034
0.916000 0.027469 0.000000 -0.001656 -0.000000 0.457826 0.000035
0.936000 0.038769 0.000000 -0.001656 -0.000000 0.553601 0.000035
0.956000 0.051985 0.000000 -0.001656 -0.000000 0.649371 0.000035
0.976000 0.067116 0.000000 -0.001656 -0.000000 0.745136 0.000035
0.996000 0.084162 0.000000 -0.001656 -0.000000 0.840896 0.000036
1.016000 0.103124 0.000000 -0.001656 -0.000000 0.936653 0.000036
1.036000 0.124000 0.000000 -0.001656 -0.000000 1.032405 0.000036
1.056000 0.146792 0.000000 -0.001656 -0.000000 1.128154 0.000037
1.076000 0.171498 0.000000 -0.001656 -0.000000 1.223898 0.000038
1.096000 0.198120 0.000000 -0.001656 -0.000000 1.319639 0.000039
1.116000 0.226656 0.000000 -0.001656 -0.000000 1.415375 0.000040
1.136000 0.257107 0.000000 -0.001656 -0.000000 1.511108 0.000041
1.156000 0.289472 0.000000 -0.001656 -0.000000 1.606836 0.000042
1.176000 0.323752 0.000000 -0.001656 -0.000000 1.702560 0.000044
1.196000 0.359946 0.000000 -0.001656 -0.000000 1.798280 0.000046
1.216000 0.398055 0.000000 -0.001656 -0.000000 1.893996 0.000049
1.236000 0.438078 0.000000 -0.001656 -0.000000 1.989708 0.000050
1.256000 0.480015 0.000000 -0.001656 -0.000000 2.085416 0.000054
1.276000 0.523866 0.000000 -0.001656 -0.000000 2.181120 0.000060
1.296000 0.569632 0.000000 -0.001656 -0.000000 2.276819 0.000067
1.316000 0.617311 0.000000 -0.001656 -0.000000 2.372515 0.000079
1.336000 0.666904 0.000001 -0.001656 -0.000000 2.468202 0.000099
1.356000 0.718410 0.000001 -0.001656 0.000000 2.564088 0.000274
1.376000 0.771764 -0.000013 -0.001656 0.000018 2.660868 0.000453
1.396000 0.826479 -0.000013 -0.001656 0.000020 2.755759 -0.000384
1.416000 0.882053 -0.000012 -0.001656 0.000018 2.778418 -0.000018
1.436000 0.937612 -0.000012 -0.001657 0.000017 2.777739 -0.000080
1.456000 0.993169 -0.000013 -0.001657 0.000015 2.777740 -0.000069
1.476000 1.048726 -0.000013 -0.001657 0.000014 2.777739 -0.000043
1.496000 1.104283 -0.000013 -0.001657 0.000014 2.777739 -0.000018
1.516000 1.159840 -0.000012 -0.001657 0.000013 2.777739 -0.000024
1.536000 1.215397 -0.000012 -0.001657 0.000013 2.777740 0.000016
1.556000 1.270954 -0.000011 -0.001657 0.000013 2.777740 0.000012
1.576000 1.326512 -0.000010 -0.001657 0.000013 2.777739 -0.000057
1.596000 1.382069 -0.000011 -0.001657 0.000011 2.777737 -0.000126
1.616000 1.437626 -0.000013 -0.001657 0.000009 2.777737 -0.000110
1.636000 1.493183 -0.000013 -0.001657 0.000008 2.777739 0.000002
1.656000 1.548740 -0.000013 -0.001657 0.000008 2.777740 -0.000008
1.676000 1.604297 -0.000013 -0.001657 0.000008 2.777740 0.000001
1.696000 1.659854 -0.000012 -0.001657 0.000008 2.777741 0.000012
1.716000 1.715411 -0.000011 -0.001657 0.000008 2.777741 0.000009
1.736000 1.770968 -0.000011 -0.001657 0.000008 2.777741 -0.000001
1.756000 1.826526 -0.000010 -0.001657 0.000009 2.777741 -0.000001
1.776000 1.882083 -0.000010 -0.001657 0.000009 2.777741 -0.000003
1.796000 1.937640 -0.000009 -0.001657 0.000009 2.777741 -0.000005
1.816000 1.993197 -0.000009 -0.001657 0.000009 2.777741 -0.000005
1.836000 2.048754 -0.000008 -0.001657 0.000009 2.777741 -0.000005
1.856000 2.104311 -0.000008 -0.001657 0.000009 2.777741 -0.000005
1.876000 2.159868 -0.000007 -0.001657 0.000009 2.777741 -0.000004
1.896000 2.215426 -0.000007 -0.001657 0.000009 2.777741 -0.000004
1.916000 2.270983 -0.000006 -0.001657 0.000009 2.777741 -0.000003
1.936000 2.326540 -0.000007 -0.001657 0.000008 2.777739 -0.000089
1.956000 2.382097 -0.000008 -0.001657 0.000006 2.777739 -0.000081
1.976000 2.437654 -0.000009 -0.001657 0.000005 2.777737 -0.000047
1.996000 2.493211 -0.000009 -0.001657 0.000004 2.777740 -0.000012
2.016000 2.548768 -0.000009 -0.001657 0.000004 2.777740 -0.000020
2.036000 2.604325 -0.000009 -0.001657 0.000004 2.777741 0.000031
2.056000 2.659882 -0.000008 -0.001657 0.000005 2.777741 0.000028
2.076000 2.715440 -0.000007 -0.001657 0.000005 2.777740 0.000020
2.096000 2.770997 -0.000007 -0.001657 0.000006 2.777740 0.000010
2.116000 2.826554 -0.000006 -0.001657 0.000006 2.777740 0.000012
2.136000 2.882111 -0.000006 -0.001657 0.000006 2.777739 -0.000009
2.156000 2.937668 -0.000006 -0.001657 0.000006 2.777739 -0.000007
2.176000 2.993225 -0.000005 -0.001657 0.000005 2.777739 -0.000005
2.196000 3.048782 -0.000005 -0.001657 0.000005 2.777739 -0.000004
2.216000 3.104339 -0.000005 -0.001657 0.000005 2.777739 -0.000004
2.236000 3.159896 -0.000005 -0.001657 0.000005 2.777740 -0.000000
2.256000 3.215454 -0.000004 -0.001657 0.000005 2.777740 -0.000001
2.276000 3.271011 -0.000004 -0.001657 0.000005 2.777741 -0.000031
2.296000 3.326568 -0.000005 -0.001657 0.000004 2.777739 -0.000053
2.316000 3.382125 -0.000005 -0.001657 0.000003 2.777739 -0.000048
2.336000 3.437682 -0.000006 -0.001657 0.000003 2.777740 0.000003
2.356000 3.493239 -0.000005 -0.001657 0.000003 2.777740 -0.000002
2.376000 3.548796 -0.000005 -0.001657 0.000003 2.777740 0.000000
2.396000 3.604353 -0.000005 -0.001657 0.000003 2.777741 0.000004
2.416000 3.659911 -0.000005 -0.001657 0.000003 2.777741 0.000002
2.436000 3.715468 -0.000004 -0.001657 0.000003 2.777741 -0.000006
2.456000 3.771025 -0.000004 -0.001657 0.000003 2.777741 -0.000005
2.476000 3.826582 -0.000004 -0.001657 0.000003 2.777741 -0.000005
2.496000 3.882139 -0.000004 -0.001657 0.000003 2.777741 -0.000005
2.516000 3.937696 -0.000004 -0.001657 0.000003 2.777741 -0.000005
2.536000 3.993253 -0.000003 -0.001657 0.000003 2.777741 -0.000004
2.556000 4.048811 -0.000003 -0.001657 0.000003 2.777741 -0.000004
2.576000 4.104368 -0.000003 -0.001657 0.000003 2.777741 -0.000004
2.596000 4.159925 -0.000003 -0.001657 0.000003 2.777741 -0.000003
2.616000 4.215482 -0.000003 -0.001657 0.000003 2.777741 -0.000003
2.636000 4.271039 -0.000003 -0.001657 0.000003 2.777740 -0.000036
2.656000 4.326596 -0.000003 -0.001657 0.000002 2.777740 -0.000032
2.676000 4.382153 -0.000004 -0.001657 0.000002 2.777740 -0.000018
2.696000 4.437710 -0.000004 -0.001657 0.000002 2.777740 -0.000004
2.716000 4.493268 -0.000004 -0.001657 0.000002 2.777740 -0.000006
2.736000 4.548825 -0.000004 -0.001657 0.000002 2.777740 0.000013
2.756000 4.604382 -0.000003 -0.001657 0.000002 2.777740 0.000011
2.776000 4.659939 -0.000003 -0.001657 0.000002 2.777740 0.000007
2.796000 4.715496 -0.000003 -0.001657 0.000002 2.777740 0.000003
2.816000 4.771053 -0.000003 -0.001657 0.000002 2.777740 0.000004
2.836000 4.826610 -0.000002 -0.001657 0.000002 2.777739 -0.000003
2.856000 4.882167 -0.000002 -0.001657 0.000002 2.777739 -0.000003
2.876000 4.937724 -0.000002 -0.001657 0.000002 2.777739 -0.000002
2.896000 4.993282 -0.000002 -0.001657 0.000002 2.777739 -0.000002
2.916000 5.048839 -0.000002 -0.001657 0.000002 2.777740 -0.000002
2.936000 5.104396 -0.000002 -0.001657 0.000002 2.777740 -0.000001
2.956000 5.159953 -0.000002 -0.001657 0.000002 2.777740 -0.000002
2.976000 5.215510 -0.000002 -0.001657 0.000002 2.777740 -0.000002
2.996000 5.271067 -0.000002 -0.001657 0.000002 2.777740 -0.000003
3.016000 5.326624 -0.000001 -0.001657 0.000002 2.777740 -0.000003
3.036000 5.382181 -0.000002 -0.001657 0.000002 2.777740 -0.000025
3.056000 5.437738 -0.000002 -0.001657 0.000002 2.777740 -0.000023
3.076000 5.493296 -0.000002 -0.001657 0.000001 2.777740 -0.000015
3.096000 5.548853 -0.000002 -0.001657 0.000001 2.777741 -0.000008
3.116000 5.604410 -0.000002 -0.001657 0.000001 2.777741 -0.000010
3.136000 5.659967 -0.000002 -0.001657 0.000001 2.777741 0.000003
3.156000 5.715524 -0.000002 -0.001657 0.000001 2.777741 0.000002
3.176000 5.771081 -0.000002 -0.001657 0.000001 2.777741 -0.000001
3.196000 5.826638 -0.000002 -0.001657 0.000001 2.777741 -0.000002
3.216000 5.882196 -0.000002 -0.001657 0.000001 2.777741 -0.000002
3.236000 5.937753 -0.000001 -0.001657 0.000001 2.777741 -0.000005
3.256000 5.993310 -0.000001 -0.001657 0.000001 2.777741 -0.000004
3.276000 6.048867 -0.000001 -0.001657 0.000001 2.777741 -0.000003
3.296000 6.104424 -0.000001 -0.001657 0.000001 2.777741 -0.000003
3.316000 6.159981 -0.000001 -0.001657 0.000001 2.777741 -0.000003
3.336000 6.215538 -0.000001 -0.001657 0.000001 2.777740 -0.000002
3.356000 6.271096 -0.000001 -0.001657 0.000001 2.777740 -0.000002
3.376000 6.326653 -0.000001 -0.001657 0.000001 2.777740 -0.000008
3.396000 6.382210 -0.000001 -0.001657 0.000001 2.777740 -0.000016
3.416000 6.437767 -0.000001 -0.001657 0.000001 2.777740 -0.000013
3.436000 6.493324 -0.000001 -0.001657 0.000001 2.777740 0.000002
3.456000 6.548881 -0.000001 -0.001657 0.000001 2.777740 0.000000
3.476000 6.604438 -0.000001 -0.001657 0.000001 2.777740 0.000001
3.496000 6.659995 -0.000001 -0.001657 0.000001 2.777740 0.000002
3.516000 6.715552 -0.000001 -0.001657 0.000001 2.777740 0.000002
3.536000 6.771110 -0.000001 -0.001657 0.000001 2.777740 -0.000000
3.556000 6.826667 -0.000001 -0.001657 0.000001 2.777739 -0.000000
3.576000 6.882224 -0.000001 -0.001657 0.000001 2.777740 -0.000001
3.596000 6.937781 -0.000001 -0.001657 0.000001 2.777740 -0.000001
3.616000 6.993338 -0.000001 -0.001657 0.000001 2.777740 -0.000001
3.636000 7.048895 -0.000001 -0.001657 0.000001 2.777740 -0.000002
3.656000 7.104452 -0.000001 -0.001657 0.000001 2.777740 -0.000002
3.676000 7.160009 -0.000001 -0.001657 0.000001 2.777740 -0.000003
3.696000 7.215566 -0.000001 -0.001657 0.000001 2.777740 -0.000003
3.716000 7.271124 -0.000001 -0.001657 0.000001 2.777740 -0.000004
3.736000 7.326681 -0.000001 -0.001657 0.000001 2.777740 -0.000012
3.756000 7.382238 -0.000001 -0.001657 0.000001 2.777740 -0.000011
3.776000 7.437795 -0.000001 -0.001657 0.000001 2.777740 -0.000008
3.796000 7.493352 -0.000001 -0.001657 0.000000 2.777741 -0.000005
3.816000 7.548909 -0.000001 -0.001657 0.000000 2.777741 -0.000006
3.836000 7.604466 -0.000001 -0.001657 0.000000 2.777741 -0.000003
3.856000 7.660024 -0.000001 -0.001657 0.000001 2.777741 -0.000003
3.876000 7.715581 -0.000001 -0.001657 0.000001 2.777741 -0.000004
3.896000 7.771138 -0.000001 -0.001657 0.000001 2.777741 -0.000004
3.916000 7.826695 -0.000001 -0.001657 0.000001 2.777741 -0.000004
3.936000 7.882252 -0.000001 -0.001657 0.000001 2.777741 -0.000004
3.956000 7.937809 -0.000001 -0.001657 0.000001 2.777741 -0.000003
3.976000 7.993366 -0.000001 -0.001657 0.000001 2.777741 -0.000003
3.996000 8.048924 -0.000001 -0.001657 0.000001 2.777741 -0.000003
4.016000 8.104481 -0.000001 -0.001657 0.000001 2.777740 -0.000002
4.036000 8.160038 -0.000001 -0.001657 0.000001 2.777740 -0.000002
4.056000 8.215595 -0.000001 -0.001657 0.000001 2.777740 -0.000001
4.076000 8.271152 -0.000001 -0.001657 0.000001 2.777740 -0.000003
4.096000 8.326709 -0.000001 -0.001657 0.000000 2.777740 -0.000005
4.116000 8.382266 -0.000001 -0.001657 0.000000 2.777740 -0.000004
4.136000 8.437823 -0.000001 -0.001657 0.000000 2.777740 0.000001
4.156000 8.493380 -0.000001 -0.001657 0.000000 2.777740 0.000000
4.176000 8.548938 -0.000001 -0.001657 0.000000 2.777740 0.000000
4.196000 8.604495 -0.000001 -0.001657 0.000000 2.777740 0.000000
4.216000 8.660052 -0.000001 -0.001657 0.000000 2.777739 -0.000000
4.236000 8.715609 -0.000001 -0.001657 0.000000 2.777740 0.000001
4.256000 8.771166 -0.000001 -0.001657 0.000000 2.777740 0.000000
4.276000 8.826723 -0.000001 -0.001657 0.000000 2.777740 -0.000001
4.296000 8.882280 -0.000001 -0.001657 0.000000 2.777740 -0.000001
4.316000 8.937837 -0.000000 -0.001657 0.000000 2.777740 -0.000002
4.336000 8.993394 -0.000000 -0.001657 0.000000 2.777740 -0.000002
4.356000 9.048952 -0.000000 -0.001657 0.000000 2.777740 -0.000003
4.376000 9.104509 -0.000000 -0.001657 0.000000 2.777740 -0.000003
4.396000 9.160066 -0.000000 -0.001657 0.000000 2.777740 -0.000004
4.416000 9.215623 -0.000000 -0.001657 0.000000 2.777740 -0.000004
4.436000 9.271180 -0.000000 -0.001657 0.000000 2.777740 -0.000007
4.456000 9.326737 -0.000000 -0.001657 0.000000 2.777741 -0.000007
4.476000 9.382294 -0.000000 -0.001657 0.000000 2.777741 -0.000006
4.496000 9.437852 -0.000000 -0.001657 0.000000 2.777741 -0.000004
4.516000 9.493409 -0.000000 -0.001657 0.000000 2.777741 -0.000005
4.536000 9.548966 -0.000000 -0.001657 0.000000 2.777741 -0.000005
4.556000 9.604523 -0.000000 -0.001657 0.000000 2.777741 -0.000005
4.576000 9.660080 -0.000000 -0.001657 0.000000 2.777741 -0.000004
4.596000 9.715637 -0.000000 -0.001657 0.000000 2.777741 -0.000004
4.616000 9.771194 -0.000000 -0.001657 0.000000 2.777741 -0.000004
4.636000 9.826751 -0.000000 -0.001657 0.000000 2.777741 -0.000003
4.656000 9.882309 -0.000000 -0.001657 0.000000 2.777741 -0.000003
4.676000 9.937866 -0.000000 -0.001657 0.000000 2.777741 -0.000002
4.696000 9.993423 -0.000000 -0.001657 0.000000 2.777740 -0.000002
4.716000 10.048980 -0.000000 -0.001657 0.000000 2.777740 -0.000002
4.736000 10.104537 -0.000000 -0.001657 0.000000 2.777740 -0.000000
4.756000 10.160094 -0.000000 -0.001657 0.000000 2.777740 -0.000000
4.776000 10.215651 -0.000000 -0.001657 0.000000 2.777740 -0.000000
4.796000 10.271209 -0.000000 -0.001657 0.000000 2.777740 -0.000000
4.816000 10.326766 -0.000000 -0.001657 0.000000 2.777740 0.000000
4.836000 10.382323 -0.000000 -0.001657 0.000000 2.777740 -0.000001
4.856000 10.437880 -0.000000 -0.001657 0.000000 2.777740 -0.000001
4.876000 10.493437 -0.000000 -0.001657 0.000000 2.777739 -0.000000
4.896000 10.548994 -0.000000 -0.001657 0.000000 2.777740 0.000000
4.916000 10.604551 -0.000000 -0.001657 0.000000 2.777740 -0.000000
4.936000 10.660108 -0.000000 -0.001657 0.000000 2.777740 -0.000001
4.956000 10.715665 -0.000000 -0.001657 0.000000 2.777740 -0.000001
4.976000 10.771223 -0.000000 -0.001657 0.000000 2.777740 -0.000001
4.996000 10.826780 -0.000000 -0.001657 0.000000 2.777740 -0.000002
5.016000 10.882337 -0.000000 -0.001657 0.000000 2.777740 -0.000002
5.036000 10.937894 -0.000000 -0.001657 0.000000 2.777740 -0.000003
5.056000 10.993451 -0.000000 -0.001657 0.000000 2.777740 -0.000003
5.076000 11.049008 -0.000000 -0.001657 0.000000 2.777740 -0.000004
5.096000 11.104565 -0.000000 -0.001657 0.000000 2.777740 -0.000004
5.116000 11.160122 -0.000000 -0.001657 0.000000 2.777741 -0.000004
5.136000 11.215679 -0.000000 -0.001657 0.000000 2.777741 -0.000005
5.156000 11.271237 -0.000000 -0.001657 0.000000 2.777741 -0.000005
5.176000 11.326794 -0.000000 -0.001657 0.000000 2.777741 -0.000006
5.196000 11.382351 -0.000000 -0.001657 0.000000 2.777741 -0.000007
5.216000 11.437908 -0.000000 -0.001657 0.000000 2.777741 -0.000006
5.236000 11.493465 -0.000000 -0.001657 0.000000 2.777741 -0.000004
5.256000 11.549022 -0.000000 -0.001657 0.000000 2.777741 -0.000004
5.276000 11.604579 -0.000000 -0.001657 0.000000 2.777741 -0.000004
5.296000 11.660137 -0.000000 -0.001657 0.000000 2.777741 -0.000004
5.316000 11.715694 -0.000000 -0.001657 0.000000 2.777741 -0.000003
5.336000 11.771251 -0.000000 -0.001657 0.000000 2.777741 -0.000003
5.356000 11.826808 -0.000000 -0.001657 0.000000 2.777741 -0.000002
5.376000 11.882365 -0.000000 -0.001657 0.000000 2.777740 -0.000002
5.396000 11.937922 -0.000000 -0.001657 0.000000 2.777740 -0.000002
5.416000 11.993479 -0.000000 -0.001657 0.000000 2.777740 -0.000001
5.436000 12.049037 -0.000000 -0.001657 0.000000 2.777740 -0.000001
5.456000 12.104594 -0.000000 -0.001657 0.000000 2.777740 -0.000000
5.476000 12.160151 -0.000000 -0.001657 0.000000 2.777740 -0.000000
5.496000 12.215708 -0.000000 -0.001657 0.000000 2.777740 0.000000
5.516000 12.271265 -0.000000 -0.001657 0.000000 2.777740 0.000000
5.536000 12.326822 -0.000000 -0.001657 0.000000 2.777740 0.000000
5.556000 12.382379 -0.000000 -0.001657 0.000000 2.777740 0.000000
5.576000 12.437936 -0.000000 -0.001657 0.000000 2.777739 -0.000000
5.596000 12.493493 -0.000000 -0.001657 0.000000 2.777740 -0.000000
5.616000 12.549051 -0.000000 -0.001657 0.000000 2.777740 -0.000001
5.636000 12.604608 -0.000000 -0.001657 0.000000 2.777740 -0.000001
5.656000 12.660165 -0.000000 -0.001657 0.000000 2.777740 -0.000001
5.676000 12.715722 -0.000000 -0.001657 0.000000 2.777740 -0.000002
5.696000 12.771279 -0.000000 -0.001657 0.000000 2.777740 -0.000002
5.716000 12.826836 -0.000000 -0.001657 0.000000 2.777740 -0.000003
5.736000 12.882393 -0.000000 -0.001657 0.000000 2.777740 -0.000003
5.756000 12.937950 -0.000000 -0.001657 0.000000 2.777740 -0.000004
5.776000 12.993507 -0.000000 -0.001657 0.000000 2.777740 -0.000004
5.796000 13.049065 -0.000000 -0.001657 0.000000 2.777741 -0.000004
5.816000 13.104622 -0.000000 -0.001657 0.000000 2.777741 -0.000005
5.836000 13.160179 -0.000000 -0.001657 0.000000 2.777741 -0.000005
5.856000 13.215736 -0.000000 -0.001657 0.000000 2.777741 -0.000005
5.876000 13.271293 -0.000000 -0.001657 0.000000 2.777741 -0.000006
5.896000 13.326850 -0.000000 -0.001657 0.000000 2.777741 -0.000006
5.916000 13.382407 -0.000000 -0.001657 0.000000 2.777741 -0.000006
5.936000 13.437965 -0.000000 -0.001657 0.000000 2.777741 -0.000004
5.956000 13.493522 -0.000000 -0.001657 0.000000 2.777741 -0.000004
5.976000 13.549079 -0.000000 -0.001657 0.000000 2.777741 -0.000004
5.996000 13.604636 -0.000000 -0.001657 0.000000 2.777741 -0.000003
6.016000 13.660193 -0.000000 -0.001657 0.000000 2.777741 -0.000003
6.036000 13.715750 -0.000000 -0.001657 0.000000 2.777741 -0.000002
6.056000 13.771307 -0.000000 -0.001657 0.000000 2.777740 -0.000002
6.076000 13.826865 -0.000000 -0.001657 0.000000 2.777740 -0.000001
6.096000 13.882422 -0.000000 -0.001657 0.000000 2.777740 -0.000001
6.116000 13.937979 -0.000000 -0.001657 0.000000 2.777740 -0.000001
6.136000 13.993536 -0.000000 -0.001657 0.000000 2.777740 -0.000000
6.156000 14.049093 -0.000000 -0.001657 0.000000 2.777740 -0.000000
6.176000 14.104650 -0.000000 -0.001657 0.000000 2.777740 0.000000
6.196000 14.160207 -0.000000 -0.001657 0.000000 2.777740 0.000000
6.216000 14.215764 -0.000000 -0.001657 0.000000 2.777740 0.000000
6.236000 14.271321 -0.000000 -0.001657 0.000000 2.777740 0.000000
6.256000 14.326879 -0.000000 -0.001657 0.000000 2.777739 -0.000000
6.276000 14.382436 -0.000000 -0.001657 0.000000 2.777740 -0.000000
6.296000 14.437993 -0.000000 -0.001657 0.000000 2.777740 -0.000001
6.316000 14.493550 -0.000000 -0.001657 0.000000 2.777740 -0.000001
6.336000 14.549107 -0.000000 -0.001657 0.000000 2.777740 -0.000001
6.356000 14.604664 -0.000000 -0.001657 0.000000 2.777740 -0.000002
6.376000 14.660221 -0.000000 -0.001657 0.000000 2.777740 -0.000002
6.396000 14.715778 -0.000000 -0.001657 0.000000 2.777740 -0.000003
6.416000 14.771335 -0.000000 -0.001657 0.000000 2.777740 -0.000003
6.436000 14.826893 -0.000000 -0.001657 0.000000 2.777740 -0.000004
6.456000 14.882450 -0.000000 -0.001657 0.000000 2.777740 -0.000004
6.476000 14.938007 -0.000000 -0.001657 0.000000 2.777741 -0.000004
6.496000 14.993564 -0.000000 -0.001657 0.000000 2.777741 -0.000005
6.516000 15.049121 -0.000000 -0.001657 0.000000 2.777741 -0.000005
6.536000 15.104678 -0.000000 -0.001657 0.000000 2.777741 -0.000005
6.556000 15.160235 -0.000000 -0.001657 0.000000 2.777741 -0.000005
6.576000 15.215793 -0.000000 -0.001657 0.000000 2.777741 -0.000005
6.596000 15.271350 -0.000000 -0.001657 0.000000 2.777741 -0.000005
6.616000 15.326907 -0.000000 -0.001657 0.000000 2.777741 -0.000004
6.636000 15.382464 -0.000000 -0.001657 0.000000 2.777741 -0.000004
6.656000 15.438021 -0.000000 -0.001657 0.000000 2.777741 -0.000004
6.676000 15.493578 -0.000000 -0.001657 0.000000 2.777741 -0.000003
6.696000 15.549135 -0.000000 -0.001657 0.000000 2.777741 -0.000003
6.716000 15.604693 -0.000000 -0.001657 0.000000 2.777741 -0.000002
6.736000 15.660250 -0.000000 -0.001657 0.000000 2.777740 -0.000002
6.756000 15.715807 -0.000000 -0.001657 0.000000 2.777740 -0.000001
6.776000 15.771364 -0.000000 -0.001657 0.000000 2.777740 -0.000001
6.796000 15.826921 -0.000000 -0.001657 0.000000 2.777740 -0.000001
6.816000 15.882478 -0.000000 -0.001657 0.000000 2.777740 -0.000000
6.836000 15.938035 -0.000000 -0.001657 0.000000 2.777740 -0.000000
6.856000 15.993592 -0.000000 -0.001657 0.000000 2.777740 0.000000
6.876000 16.049149 -0.000000 -0.001657 0.000000 2.777740 0.000000
6.896000 16.104707 -0.000000 -0.001657 0.000000 2.777740 0.000000
6.916000 16.160264 -0.000000 -0.001657 0.000000 2.777740 0.000000
6.936000 16.215821 -0.000000 -0.001657 0.000000 2.777739 -0.000000
6.956000 16.271378 -0.000000 -0.001657 0.000000 2.777740 -0.000000
6.976000 16.326935 -0.000000 -0.001657 0.000000 2.777740 -0.000001
6.996000 16.382492 -0.000000 -0.001657 0.000000 2.777740 -0.000001
7.016000 16.438049 -0.000000 -0.001657 0.000000 2.777740 -0.000001
7.036000 16.493606 -0.000000 -0.001657 0.000000 2.777740 -0.000002
7.056000 16.549163 -0.000000 -0.001657 0.000000 2.777740 -0.000002
7.076000 16.604721 -0.000000 -0.001657 0.000000 2.777740 -0.000003
7.096000 16.660278 -0.000000 -0.001657 0.000000 2.777740 -0.000003
7.116000 16.715835 -0.000000 -0.001657 0.000000 2.777740 -0.000004
7.136000 16.771392 -0.000000 -0.001657 0.000000 2.777740 -0.000004
7.156000 16.826949 -0.000000 -0.001657 0.000000 2.777741 -0.000004
7.176000 16.882506 -0.000000 -0.001657 0.000000 2.777741 -0.000005
7.196000 16.938063 -0.000000 -0.001657 0.000000 2.777741 -0.000005
7.216000 16.993621 -0.000000 -0.001657 0.000000 2.777741 -0.000005
7.236000 17.049178 -0.000000 -0.001657 0.000000 2.777741 -0.000005
7.256000 17.104735 -0.000000 -0.001657 0.000000 2.777741 -0.000005
7.276000 17.160292 -0.000000 -0.001657 0.000000 2.777741 -0.000005
7.296000 17.215849 -0.000000 -0.001657 0.000000 2.777741 -0.000004
7.316000 17.271406 -0.000000 -0.001657 0.000000 2.777741 -0.000004
7.336000 17.326963 -0.000000 -0.001657 0.000000 2.777741 -0.000005
7.356000 17.382520 -0.000000 -0.001657 0.000000 2.777741 -0.000004
7.376000 17.438078 -0.000000 -0.001657 0.000000 2.777741 -0.000003
7.396000 17.493635 -0.000000 -0.001657 0.000000 2.777741 -0.000002
7.416000 17.549192 -0.000000 -0.001657 0.000000 2.777740 -0.000002
7.436000 17.604749 -0.000000 -0.001657 0.000000 2.777740 -0.000001
7.456000 17.660306 -0.000000 -0.001657 0.000000 2.777740 -0.000001
7.476000 17.715863 -0.000000 -0.001657 0.000000 2.777740 -0.000001
7.496000 17.771420 -0.000000 -0.001657 0.000000 2.777740 -0.000000
7.516000 17.826978 -0.000000 -0.001657 0.000000 2.777740 -0.000000
7.536000 17.882535 -0.000000 -0.001657 0.000000 2.777740 0.000000
7.556000 17.938092 -0.000000 -0.001657 0.000000 2.777740 0.000000
7.576000 17.993649 -0.000000 -0.001657 0.000000 2.777740 0.000000
7.596000 18.049206 -0.000000 -0.001657 0.000000 2.777740 0.000000
7.616000 18.104763 -0.000000 -0.001657 0.000000 2.777739 -0.000000
7.636000 18.160320 -0.000000 -0.001657 0.000000 2.777740 -0.000000
7.656000 18.215877 -0.000000 -0.001657 0.000000 2.777740 -0.000001
7.676000 18.271434 -0.000000 -0.001657 0.000000 2.777740 -0.000001
7.696000 18.326992 -0.000000 -0.001657 0.000000 2.777740 -0.000001
7.716000 18.382549 -0.000000 -0.001657 0.000000 2.777740 -0.000002
7.736000 18.438106 -0.000000 -0.001657 0.000000 2.777740 -0.000002
7.756000 18.493663 -0.000000 -0.001657 0.000000 2.777740 -0.000003
7.776000 18.549220 -0.000000 -0.001657 0.000000 2.777740 -0.000003
7.796000 18.604777 -0.000000 -0.001657 0.000000 2.777740 -0.000004
7.816000 18.660334 -0.000000 -0.001657 0.000000 2.777740 -0.000004
7.836000 18.715891 -0.000000 -0.001657 0.000000 2.777741 -0.000004
7.856000 18.771449 -0.000000 -0.001657 0.000000 2.777741 -0.000005
7.876000 18.827006 -0.000000 -0.001657 0.000000 2.777741 -0.000005
7.896000 18.882563 -0.000000 -0.001657 0.000000 2.777741 -0.000005
7.916000 18.938120 -0.000000 -0.001657 0.000000 2.777741 -0.000005
7.936000 18.993677 -0.000000 -0.001657 0.000000 2.777741 -0.000005
7.956000 19.049234 -0.000000 -0.001657 0.000000 2.777741 -0.000005
7.976000 19.104791 -0.000000 -0.001657 0.000000 2.777741 -0.000004
7.996000 19.160348 -0.000000 -0.001657 0.000000 2.777741 -0.000004
8.016000 19.215906 -0.000000 -0.001657 0.000000 2.777741 -0.000004
8.036000 19.271103 0.001635 -0.001634 0.001902 2.749925 0.091940
8.056000 19.325856 0.006806 -0.001438 0.007071 2.729171 0.245833
8.076000 19.380652 0.014409 -0.001331 0.014380 2.738205 0.371445
8.096000 19.435809 0.022343 -0.001434 0.021706 2.762099 0.347212
8.116000 19.491378 0.028741 -0.001569 0.027220 2.783456 0.242448
8.136000 19.546875 0.033182 -0.001598 0.029999 2.773760 0.133479
8.156000 19.602340 0.034237 -0.001420 0.029431 2.776382 -0.021207
8.176000 19.657841 0.032896 -0.001314 0.026444 2.777832 -0.172909
8.196000 19.713318 0.029526 -0.001319 0.021493 2.775488 -0.264438
8.216000 19.768813 0.025284 -0.001472 0.015872 2.774334 -0.284073
8.236000 19.824317 0.022724 -0.001580 0.012415 2.777614 -0.158311
8.256000 19.879891 0.023489 -0.001397 0.012375 2.785113 0.019812
8.276000 19.935418 0.026073 -0.001284 0.014253 2.773150 0.104299
8.296000 19.990915 0.029670 -0.001433 0.017162 2.772609 0.160841
8.316000 20.046379 0.033492 -0.001569 0.020160 2.775976 0.126723
8.336000 20.101945 0.035728 -0.001628 0.021298 2.779896 0.009011
8.356000 20.157499 0.035825 -0.001645 0.020312 2.775370 -0.071543
8.376000 20.213017 0.036195 -0.001652 0.019481 2.776963 -0.020533
8.396000 20.268562 0.036872 -0.001655 0.019036 2.777145 -0.025591
8.416000 20.324107 0.037424 -0.001657 0.018514 2.777126 -0.025735
8.436000 20.379132 0.039049 -0.001642 0.019305 2.737083 0.022131
8.456000 20.433183 0.042882 -0.001585 0.022062 2.696603 0.092261
8.476000 20.486456 0.048320 -0.001568 0.026473 2.660110 0.180834
8.496000 20.539010 0.055272 -0.001565 0.032533 2.623781 0.258489
8.516000 20.590834 0.063995 -0.001562 0.039988 2.585848 0.327580
8.536000 20.642382 0.074751 -0.001542 0.049056 2.556936 0.479659
8.556000 20.694351 0.088479 -0.001392 0.060590 2.588045 0.594655
8.576000 20.746972 0.104673 -0.001294 0.073706 2.625481 0.658628
8.596000 20.800112 0.119208 -0.001424 0.083960 2.655587 0.502047
8.616000 20.854339 0.131010 -0.001414 0.091380 2.726624 0.359612
8.636000 20.909272 0.140490 -0.001366 0.095942 2.746114 0.226571
8.656000 20.964174 0.147660 -0.001492 0.097472 2.743805 0.071249
8.676000 21.019008 0.151950 -0.001478 0.096053 2.740088 -0.075126
8.696000 21.073764 0.153416 -0.001420 0.091928 2.731834 -0.211938
8.716000 21.128785 0.152159 -0.001368 0.085579 2.758085 -0.336459
8.736000 21.184196 0.149373 -0.001353 0.078190 2.765678 -0.366189
8.756000 21.239714 0.148207 -0.001513 0.072759 2.781664 -0.215711
8.776000 21.295308 0.148781 -0.001603 0.069286 2.781053 -0.171510
8.796000 21.350624 0.150976 -0.001612 0.068530 2.769584 -0.103389
8.816000 21.405948 0.155343 -0.001925 0.070050 2.768258 0.000937
8.836000 21.461089 0.162063 -0.002535 0.074205 2.756865 0.061306
8.856000 21.515518 0.171274 -0.003558 0.080973 2.754882 0.092667
8.876000 21.568454 0.183446 -0.004719 0.090423 2.753901 0.111917
8.896000 21.620470 0.197960 -0.006362 0.101630 2.755530 0.137714
8.916000 21.671695 0.214675 -0.008221 0.114448 2.738553 0.187710
8.936000 21.721807 0.236320 -0.008191 0.131060 2.656209 0.526912
8.956000 21.769618 0.263790 -0.005761 0.152998 2.373543 0.936523
8.976000 21.814554 0.295617 -0.002003 0.178122 2.272451 1.159325
8.996000 21.859958 0.323337 -0.001322 0.198452 2.292455 1.031614
9.016000 21.906097 0.349592 -0.001422 0.215380 2.315930 0.846011
9.036000 21.952456 0.374252 -0.001576 0.228243 2.316642 0.704845
9.056000 21.998337 0.396746 -0.001837 0.238052 2.294919 0.561722
9.076000 22.043580 0.416682 -0.001962 0.244731 2.260792 0.375994
9.096000 22.088534 0.434535 -0.002131 0.248250 2.258147 0.231732
9.116000 22.133175 0.450092 -0.002576 0.248706 2.228605 0.102161
9.136000 22.177111 0.463271 -0.003274 0.246337 2.207342 0.007527
9.156000 22.220593 0.474500 -0.004491 0.241027 2.194151 -0.074682
9.176000 22.263762 0.483816 -0.006017 0.233182 2.178157 -0.156389
9.196000 22.307785 0.487320 -0.004753 0.222455 2.197483 -0.397571
9.216000 22.353067 0.488218 -0.003956 0.209786 2.263766 -0.480766
9.236000 22.400299 0.486543 -0.002862 0.196066 2.373117 -0.680840
9.256000 22.449743 0.484419 -0.001592 0.183648 2.468418 -0.618761
9.276000 22.500699 0.484283 -0.001409 0.174037 2.530851 -0.484537
9.296000 22.550887 0.486248 -0.001503 0.167818 2.504920 -0.315051
9.316000 22.600731 0.491016 -0.001553 0.164501 2.473258 -0.168779
9.336000 22.649516 0.498751 -0.001502 0.164331 2.418223 0.004085
9.356000 22.697152 0.509457 -0.001466 0.167074 2.360053 0.148157
9.376000 22.744587 0.522853 -0.001451 0.172466 2.364184 0.280707
9.396000 22.792648 0.538926 -0.001416 0.180172 2.385390 0.399370
9.416000 22.841234 0.557796 -0.001372 0.190112 2.405749 0.515667
9.436000 22.890481 0.578114 -0.001378 0.200181 2.469942 0.461275
9.456000 22.941889 0.595821 -0.001443 0.207160 2.583665 0.328662
9.476000 22.995114 0.611335 -0.001343 0.211676 2.675679 0.195970
9.496000 23.049087 0.624544 -0.001374 0.213134 2.702348 0.059658
9.516000 23.103580 0.635203 -0.001353 0.212236 2.731065 -0.062277
9.536000 23.158309 0.644463 -0.001434 0.209768 2.739825 -0.142722
9.556000 23.213197 0.652703 -0.001559 0.206298 2.743577 -0.180887
9.576000 23.268021 0.661588 -0.001623 0.203824 2.739682 -0.128421
9.596000 23.322436 0.671430 -0.001641 0.204542 2.704917 -0.006170
9.616000 23.376478 0.682772 -0.001705 0.207956 2.704125 0.107556
9.636000 23.430228 0.695941 -0.001719 0.213721 2.689661 0.190790
9.656000 23.484555 0.710922 -0.001772 0.220581 2.723699 0.242495
9.676000 23.539718 0.727651 -0.002075 0.228364 2.761089 0.266607
9.696000 23.595974 0.746325 -0.002444 0.237157 2.818075 0.292627
9.716000 23.653471 0.766955 -0.002647 0.247078 2.892186 0.329338
9.736000 23.712099 0.789361 -0.002793 0.257645 2.971174 0.359790
9.756000 23.772051 0.813441 -0.002904 0.268667 3.021390 0.414517
9.776000 23.831610 0.839349 -0.002732 0.280186 3.004093 0.402605
9.796000 23.888955 0.866812 -0.002405 0.290885 2.843841 0.475806
9.816000 23.943435 0.895914 -0.001550 0.304072 2.715708 0.618980
9.836000 23.996612 0.925105 -0.001422 0.317847 2.660088 0.683955
9.856000 24.049089 0.952982 -0.001544 0.329059 2.642906 0.505523
9.876000 24.100525 0.979800 -0.001612 0.338380 2.562151 0.479281
9.896000 24.150996 1.007699 -0.001605 0.351508 2.523193 0.724357
9.916000 24.201459 1.036133 -0.001567 0.366255 2.520923 0.782881
9.936000 24.251303 1.065851 -0.001536 0.381479 2.487190 0.771732
9.956000 24.299685 1.098274 -0.001505 0.397074 2.419580 0.819164
9.976000 24.346683 1.132529 -0.001510 0.413346 2.347594 0.783256
9.996000 24.392592 1.167898 -0.001577 0.427609 2.305238 0.701830
10.016000 24.438170 1.203264 -0.001625 0.441473 2.285317 0.694107
10.036000 24.484089 1.237703 -0.001634 0.452516 2.312910 0.535202
10.056000 24.531086 1.269900 -0.001573 0.458705 2.354500 0.314549
10.076000 24.578845 1.299727 -0.001520 0.461445 2.390645 0.135432
10.096000 24.626938 1.327248 -0.001534 0.460934 2.406304 -0.015340
10.116000 24.675376 1.351732 -0.001543 0.457988 2.422321 -0.141937
10.136000 24.724328 1.373365 -0.001504 0.452565 2.437824 -0.284424
10.156000 24.774302 1.392426 -0.001468 0.445152 2.499436 -0.383515
10.176000 24.825906 1.409134 -0.001427 0.436279 2.590535 -0.438599
10.196000 24.879246 1.423590 -0.001392 0.426739 2.677615 -0.501089
10.216000 24.933441 1.436944 -0.001482 0.416143 2.722515 -0.545884
10.236000 24.987772 1.450437 -0.001587 0.407730 2.685472 -0.450032
10.256000 25.040808 1.465206 -0.001894 0.403614 2.650465 -0.328002
10.276000 25.093049 1.481076 -0.002881 0.403006 2.639292 -0.227360
10.296000 25.143629 1.498449 -0.003983 0.406707 2.628371 -0.123229
10.316000 25.192371 1.517219 -0.005441 0.414284 2.616751 -0.018481
10.336000 25.239294 1.537955 -0.007217 0.424214 2.595454 0.039854
10.356000 25.284141 1.561591 -0.008647 0.436842 2.527947 0.188400
10.376000 25.326863 1.588426 -0.009326 0.453005 2.446212 0.356670
10.396000 25.367811 1.618475 -0.009760 0.471211 2.371460 0.470275
10.416000 25.406398 1.651946 -0.009309 0.492115 2.126779 0.904946
10.436000 25.443369 1.689064 -0.007913 0.516606 2.105623 0.920100
10.456000 25.476924 1.729360 -0.005579 0.541898 1.828686 1.062541
10.476000 25.509918 1.771428 -0.003942 0.564669 1.770411 0.999792
10.496000 25.540571 1.815681 -0.000693 0.586899 1.497281 1.193026
10.516000 25.570742 1.859029 -0.000833 0.608793 1.514112 1.076777
10.536000 25.602623 1.901976 -0.001380 0.625793 1.607399 0.835499
10.556000 25.635239 1.943291 -0.001561 0.638356 1.627780 0.639363
10.576000 25.668159 1.982565 -0.001614 0.646762 1.641068 0.392898
10.596000 25.701171 2.019875 -0.001610 0.651067 1.649792 0.201573
10.616000 25.734395 2.055269 -0.001599 0.651720 1.656786 0.014090
10.636000 25.768955 2.088710 -0.001578 0.649982 1.732126 -0.106053
10.656000 25.805809 2.120298 -0.001550 0.646678 1.837235 -0.195392
10.676000 25.844746 2.150002 -0.001532 0.641666 1.942027 -0.283345
10.696000 25.885769 2.177800 -0.001515 0.634958 2.045244 -0.372535
10.716000 25.928835 2.203681 -0.001479 0.626535 2.146228 -0.466154
10.736000 25.973957 2.227960 -0.001423 0.616664 2.251105 -0.520421
10.756000 26.021467 2.250606 -0.001343 0.605825 2.374515 -0.545045
10.776000 26.070862 2.272311 -0.001437 0.595293 2.450377 -0.513137
10.796000 26.119169 2.296652 -0.001513 0.588718 2.389213 -0.321246
10.816000 26.166514 2.324291 -0.001403 0.585080 2.361808 -0.161428
10.836000 26.212740 2.354699 -0.001311 0.585292 2.300022 0.055088
10.856000 26.257058 2.388133 -0.001312 0.588862 2.217153 0.193293
10.876000 26.299812 2.424117 -0.001392 0.594825 2.114655 0.324026
10.896000 26.342191 2.460278 -0.001501 0.601193 2.137405 0.286221
10.916000 26.385696 2.495188 -0.001597 0.605730 2.185301 0.206613
10.936000 26.429947 2.529063 -0.001636 0.608177 2.238512 0.069743
10.956000 26.476062 2.559685 -0.001524 0.607181 2.328511 -0.076977
10.976000 26.523037 2.589114 -0.001498 0.604643 2.354743 -0.137627
10.996000 26.569856 2.618827 -0.001585 0.602278 2.326092 -0.087747
11.016000 26.616404 2.649107 -0.001632 0.600714 2.332690 -0.080962
11.036000 26.662834 2.679144 -0.001649 0.601144 2.291218 -0.006813
11.056000 26.707880 2.709662 -0.001653 0.605579 2.212366 0.168593
11.076000 26.751540 2.740699 -0.001622 0.613306 2.181762 0.282034
11.096000 26.794900 2.771882 -0.001621 0.622925 2.167460 0.403796
11.116000 26.837904 2.803635 -0.001638 0.634553 2.149292 0.506715
11.136000 26.880454 2.836681 -0.001646 0.647451 2.130608 0.574212
11.156000 26.922568 2.871509 -0.001648 0.661009 2.111767 0.615474
11.176000 26.964172 2.908020 -0.001650 0.675258 2.084564 0.642100
11.196000 27.004700 2.946595 -0.001650 0.689013 2.029892 0.620637
11.216000 27.044197 2.986701 -0.001651 0.703019 1.978375 0.642562
11.236000 27.082270 3.028882 -0.001653 0.716349 1.906728 0.606542
11.256000 27.117726 3.073684 -0.001574 0.729020 1.767768 0.617771
11.276000 27.151127 3.120101 -0.001520 0.741934 1.670490 0.624283
11.296000 27.185062 3.165997 -0.001566 0.752669 1.722463 0.510175
11.316000 27.220340 3.210381 -0.001592 0.761468 1.760732 0.423120
11.336000 27.256672 3.253343 -0.001573 0.766944 1.845542 0.207033
11.356000 27.295855 3.292919 -0.001324 0.768124 1.963436 0.041165
11.376000 27.336376 3.330265 -0.001332 0.767610 2.029615 -0.063772
11.396000 27.375644 3.367504 -0.001498 0.770996 1.954005 0.104115
11.416000 27.413635 3.405420 -0.001699 0.777934 1.894140 0.274268
11.436000 27.449770 3.444498 -0.001569 0.788185 1.785779 0.508031
11.456000 27.483974 3.485189 -0.001400 0.800436 1.703866 0.607792
11.476000 27.516597 3.527598 -0.001491 0.813710 1.617855 0.647560
11.496000 27.546975 3.572376 -0.001546 0.827031 1.504402 0.654619
11.516000 27.575223 3.619456 -0.001542 0.840783 1.397997 0.671886
11.536000 27.603301 3.667327 -0.001541 0.852477 1.430645 0.527559
11.556000 27.634584 3.713526 -0.001442 0.859552 1.585449 0.327967
11.576000 27.667975 3.758449 -0.001316 0.863847 1.675582 0.179368
11.596000 27.703607 3.801293 -0.001341 0.864308 1.797257 0.004469
11.616000 27.741418 3.842136 -0.001385 0.862361 1.897446 -0.118949
11.636000 27.779901 3.882132 -0.001511 0.859081 1.930943 -0.174415
11.656000 27.818172 3.922370 -0.001603 0.856200 1.902353 -0.122633
11.676000 27.856261 3.962828 -0.001640 0.853878 1.897585 -0.087675
11.696000 27.893073 4.004382 -0.001652 0.853343 1.822349 -0.003039
11.716000 27.929767 4.046059 -0.001655 0.853090 1.846139 -0.024707
11.736000 27.965619 4.087671 -0.001633 0.855478 1.778092 0.078277
11.756000 27.999388 4.129233 -0.001660 0.862231 1.696785 0.231149
11.776000 28.031421 4.170788 -0.001497 0.872251 1.596428 0.418373
11.796000 28.061530 4.212866 -0.001337 0.884690 1.505162 0.560009
11.816000 28.089639 4.255955 -0.001298 0.898998 1.400256 0.665849
11.836000 28.115091 4.300976 -0.001341 0.913984 1.259785 0.728979
11.856000 28.137680 4.348282 -0.001369 0.929566 1.121579 0.772554
11.876000 28.158188 4.397430 -0.001355 0.945849 1.029899 0.786812
11.896000 28.180543 4.447119 -0.001461 0.957793 1.122687 0.567861
11.916000 28.205419 4.496992 -0.001382 0.966275 1.254469 0.402434
11.936000 28.232371 4.545686 -0.001337 0.970985 1.355501 0.219432
11.956000 28.261694 4.592435 -0.001376 0.971044 1.475479 -0.017991
11.976000 28.294349 4.637213 -0.001550 0.968486 1.616331 -0.118294
11.996000 28.329056 4.680602 -0.002422 0.963728 1.679370 -0.180474
12.016000 28.366921 4.720907 -0.002343 0.955807 1.886165 -0.377732
12.036000 28.406502 4.759656 -0.001722 0.946590 1.967032 -0.434463
12.056000 28.443687 4.800760 -0.001513 0.940766 1.859621 -0.251123
12.076000 28.478528 4.844465 -0.001382 0.937962 1.749056 -0.098404
12.096000 28.511305 4.889803 -0.001382 0.938487 1.638612 0.050779
12.116000 28.542169 4.936462 -0.001375 0.940981 1.538198 0.148297
12.136000 28.571413 4.983631 -0.001496 0.946645 1.456928 0.295211
12.156000 28.598620 5.030995 -0.001568 0.956531 1.362091 0.483616
12.176000 28.623847 5.078526 -0.001526 0.970217 1.264519 0.678773
12.196000 28.647036 5.126429 -0.001464 0.987134 1.164840 0.859965
12.216000 28.667575 5.175210 -0.001420 1.005706 1.014951 0.922985
12.236000 28.684873 5.225645 -0.001406 1.023877 0.835658 0.908226
12.256000 28.699189 5.278131 -0.001480 1.040932 0.683392 0.866839
12.276000 28.712707 5.332186 -0.001578 1.057192 0.686439 0.787679
12.296000 28.728920 5.385240 -0.001569 1.068627 0.798955 0.564760
12.316000 28.748046 5.437674 -0.001471 1.076779 0.960833 0.406582
12.336000 28.769724 5.488913 -0.001401 1.080985 1.083001 0.197688
12.356000 28.793518 5.538296 -0.001405 1.080415 1.188243 -0.036485
12.376000 28.820541 5.585667 -0.001365 1.076493 1.377323 -0.187103
12.396000 28.851031 5.631177 -0.001340 1.069986 1.549242 -0.320011
12.416000 28.884601 5.674887 -0.001376 1.061343 1.704607 -0.454168
12.436000 28.919790 5.717924 -0.001435 1.051936 1.738740 -0.426603
12.456000 28.952889 5.762960 -0.001560 1.045167 1.617853 -0.291389
12.476000 28.985006 5.808462 -0.001622 1.040326 1.609863 -0.140508
12.496000 29.014914 5.853869 -0.001545 1.040678 1.497368 0.071480
12.516000 29.042815 5.899160 -0.001428 1.044729 1.400183 0.260690
12.536000 29.068801 5.944342 -0.001491 1.052060 1.315931 0.432481
12.556000 29.092648 5.989576 -0.001636 1.062597 1.209902 0.589955
12.576000 29.114074 6.035154 -0.001630 1.075396 1.094308 0.689590
12.596000 29.133641 6.081665 -0.001639 1.089134 1.004607 0.731487
12.616000 29.151589 6.129094 -0.001681 1.103571 0.921090 0.764313
12.636000 29.167519 6.177764 -0.001625 1.117084 0.800558 0.670014
12.656000 29.181523 6.228280 -0.001492 1.129760 0.712893 0.657957
12.676000 29.194327 6.280534 -0.001485 1.142446 0.648520 0.614091
12.696000 29.207381 6.334223 -0.001559 1.153364 0.659247 0.533070
12.716000 29.221258 6.388368 -0.001619 1.162944 0.691386 0.465551
12.736000 29.236714 6.441815 -0.001614 1.169673 0.774735 0.294948
12.756000 29.255335 6.494041 -0.001473 1.172253 0.938259 0.133965
12.776000 29.276958 6.545317 -0.001378 1.172295 1.082758 -0.036723
12.796000 29.301287 6.595467 -0.001367 1.169204 1.231094 -0.174861
12.816000 29.328071 6.644343 -0.001343 1.163806 1.354675 -0.295380
12.836000 29.354692 6.692666 -0.001476 1.159985 1.327112 -0.217775
12.856000 29.379098 6.741409 -0.001879 1.160823 1.247883 -0.024507
12.876000 29.401044 6.790479 -0.001986 1.165599 1.132113 0.164098
12.896000 29.420365 6.839733 -0.001938 1.173501 0.993165 0.308392
12.916000 29.437509 6.889396 -0.001815 1.183442 0.880790 0.411492
12.936000 29.452635 6.939208 -0.001640 1.194416 0.774459 0.477906
12.956000 29.465706 6.989052 -0.001467 1.206236 0.672170 0.543769
12.976000 29.477101 7.039081 -0.001381 1.218696 0.585303 0.575607
12.996000 29.486666 7.090579 -0.001389 1.230613 0.491945 0.554676
13.016000 29.494850 7.143224 -0.001425 1.242968 0.423483 0.584045
13.036000 29.502942 7.196870 -0.001496 1.253968 0.439597 0.492557
13.056000 29.513630 7.251188 -0.001552 1.261127 0.554501 0.331036
13.076000 29.526092 7.305598 -0.001541 1.265998 0.639386 0.208632
13.096000 29.541597 7.359224 -0.001458 1.267262 0.803591 0.045184
13.116000 29.559292 7.412040 -0.001298 1.266334 0.887175 -0.044323
13.136000 29.577749 7.464393 -0.001408 1.264272 0.940361 -0.120067
13.156000 29.597146 7.516500 -0.001555 1.261487 0.967928 -0.130941
13.176000 29.615793 7.568877 -0.001623 1.259520 0.910023 -0.054849
13.196000 29.633008 7.621712 -0.001647 1.259202 0.846807 -0.005634
13.216000 29.650304 7.674494 -0.001654 1.258905 0.872115 -0.024667
13.236000 29.667152 7.727109 -0.001639 1.260430 0.858648 0.038063
13.256000 29.682384 7.780199 -0.001870 1.265598 0.804280 0.174467
13.276000 29.695676 7.833992 -0.001929 1.273262 0.692975 0.286482
13.296000 29.706924 7.888394 -0.001911 1.282890 0.581982 0.396753
13.316000 29.716218 7.943187 -0.001734 1.294005 0.479610 0.474815
13.336000 29.723251 7.998006 -0.001618 1.305616 0.368977 0.507254
13.356000 29.727974 8.052811 -0.001433 1.317687 0.253659 0.566348
13.376000 29.730938 8.107700 -0.001372 1.330536 0.145048 0.613669
13.396000 29.731639 8.163593 -0.001424 1.343549 0.013125 0.665076
13.416000 29.730862 8.219915 -0.001527 1.357548 -0.063546 0.719981
13.436000 29.730926 8.276001 -0.001599 1.369484 0.005492 0.576760
13.456000 29.733599 8.331636 -0.001555 1.377150 0.121355 0.386079
13.476000 29.738855 8.386970 -0.001484 1.381590 0.253803 0.218023
13.496000 29.746772 8.441509 -0.001484 1.382963 0.388496 0.073465
13.516000 29.757654 8.495267 -0.001494 1.381541 0.542887 -0.066613
13.536000 29.771631 8.548104 -0.001449 1.377293 0.699323 -0.210604
13.556000 29.788667 8.600141 -0.001405 1.370441 0.855526 -0.354563
13.576000 29.808070 8.651634 -0.001337 1.361765 0.960527 -0.430656
13.596000 29.825592 8.702380 -0.001469 1.356858 0.881650 -0.248808
13.616000 29.841062 8.752772 -0.001575 1.355728 0.788576 -0.056776
13.636000 29.853917 8.802638 -0.001584 1.357721 0.652372 0.087338
13.656000 29.863782 8.851889 -0.001558 1.362142 0.502851 0.211487
13.676000 29.870717 8.900649 -0.001530 1.368927 0.350420 0.333233
13.696000 29.874880 8.949613 -0.001493 1.377615 0.223209 0.447063
13.716000 29.876651 8.999284 -0.001457 1.388123 0.100030 0.537283
13.736000 29.876168 9.050464 -0.001449 1.399494 -0.041079 0.578912
13.756000 29.874153 9.103398 -0.001547 1.411305 -0.108276 0.591865
13.776000 29.872339 9.158022 -0.001616 1.422061 -0.069630 0.513819
13.796000 29.873780 9.212709 -0.001526 1.428957 0.084582 0.344348
13.816000 29.877866 9.267674 -0.001358 1.432977 0.218248 0.186714
13.836000 29.884256 9.322725 -0.001338 1.433954 0.320152 0.035557
13.856000 29.893434 9.377326 -0.001434 1.432144 0.468341 -0.098102
13.876000 29.905443 9.431458 -0.001364 1.427765 0.610606 -0.248673
13.896000 29.919315 9.485341 -0.001335 1.421734 0.707036 -0.315083
13.916000 29.933581 9.539238 -0.001496 1.415607 0.700503 -0.282174
13.936000 29.945595 9.592927 -0.001594 1.412345 0.610237 -0.132358
13.956000 29.955166 9.645992 -0.001587 1.413253 0.493903 0.042337
13.976000 29.961747 9.698545 -0.001544 1.416737 0.338185 0.167493
13.996000 29.965460 9.750515 -0.001512 1.422818 0.189646 0.297997
14.016000 29.966290 9.802260 -0.001481 1.431149 0.049711 0.422455
14.036000 29.964832 9.855212 -0.001454 1.440750 -0.080820 0.495415
14.056000 29.961813 9.909735 -0.001532 1.451115 -0.155522 0.546049
14.076000 29.958951 9.965126 -0.001608 1.460686 -0.123574 0.448378
14.096000 29.959408 10.020323 -0.001522 1.466433 0.040931 0.301413
14.116000 29.962407 10.075656 -0.001363 1.469402 0.161083 0.134122
14.136000 29.967831 10.130764 -0.001340 1.469494 0.293830 0.014789
14.156000 29.976018 10.185500 -0.001424 1.466794 0.431074 -0.132441
14.176000 29.986964 10.239872 -0.001354 1.461551 0.567691 -0.279486
14.196000 29.999243 10.294172 -0.001383 1.455120 0.618730 -0.336214
14.216000 30.011076 10.348579 -0.001538 1.449365 0.568545 -0.262012
14.236000 30.020921 10.403329 -0.001607 1.446290 0.450692 -0.135596
14.256000 30.027347 10.458538 -0.001398 1.446626 0.301464 0.042256
14.276000 30.032122 10.513909 -0.001299 1.448746 0.240890 0.113544
14.296000 30.036182 10.569364 -0.001455 1.451565 0.192745 0.156960
14.316000 30.040481 10.624803 -0.001581 1.454030 0.239691 0.097618
14.336000 30.043841 10.680154 -0.001624 1.457589 0.123534 0.189372
14.356000 30.043571 10.735574 -0.001412 1.464217 -0.031518 0.340354
14.376000 30.041336 10.791275 -0.001272 1.472510 -0.112679 0.423008
14.396000 30.040755 10.846860 -0.001424 1.478717 0.004866 0.294307
14.416000 30.042773 10.902514 -0.001436 1.482097 0.115131 0.142966
14.436000 30.046903 10.957922 -0.001444 1.482648 0.235604 0.030546
14.456000 30.054084 11.012978 -0.001391 1.480382 0.380925 -0.124007
14.476000 30.063568 11.067771 -0.001313 1.475874 0.483606 -0.241301
14.496000 30.073630 11.122374 -0.001435 1.470881 0.487926 -0.243220
14.516000 30.082643 11.177207 -0.001571 1.467142 0.431667 -0.159043
14.536000 30.089912 11.232264 -0.001628 1.465668 0.317939 -0.049932
14.556000 30.094208 11.287634 -0.001549 1.467127 0.196527 0.095046
14.576000 30.097330 11.343132 -0.001543 1.469786 0.149196 0.149118
14.596000 30.100956 11.398583 -0.001607 1.471919 0.213419 0.073274
14.616000 30.105258 11.454020 -0.001640 1.473206 0.205552 0.069002
14.636000 30.110020 11.509408 -0.001652 1.473829 0.293405 -0.020147
14.656000 30.116354 11.564582 -0.001654 1.472923 0.309001 -0.043082
14.676000 30.122142 11.619805 -0.001656 1.472610 0.263209 0.004266
14.696000 30.125023 11.675137 -0.001618 1.475249 0.112068 0.152663
14.716000 30.125436 11.730738 -0.001456 1.480210 0.011338 0.264795
14.736000 30.125923 11.786471 -0.001500 1.484770 0.070578 0.199315
14.756000 30.129269 11.842032 -0.001574 1.486436 0.194063 0.050607
14.776000 30.134114 11.897388 -0.001601 1.486328 0.259924 -0.043251
14.796000 30.140650 11.952537 -0.001631 1.484410 0.352200 -0.123071
14.816000 30.147462 12.007618 -0.001647 1.482280 0.318788 -0.085256
14.836000 30.153071 12.062867 -0.001654 1.481542 0.231719 0.011303
14.856000 30.157597 12.118249 -0.001656 1.481919 0.239509 0.010202
14.876000 30.162486 12.173591 -0.001657 1.482006 0.241997 0.005968
14.896000 30.167213 12.228950 -0.001657 1.482208 0.235590 0.010829
14.916000 30.171939 12.284310 -0.001657 1.482408 0.236431 0.009599
14.936000 30.176738 12.339663 -0.001657 1.482517 0.245650 0.000214
14.956000 30.181645 12.395003 -0.001657 1.482514 0.244346 0.000486
14.976000 30.186531 12.450345 -0.001657 1.482524 0.244863 -0.000222
14.996000 30.191444 12.505685 -0.001657 1.482509 0.245510 -0.000650
15.016000 30.196351 12.561025 -0.001657 1.482500 0.245285 -0.000379
15.036000 30.200279 12.616396 -0.001658 1.483600 0.145742 0.090667
15.056000 30.201687 12.671956 -0.001651 1.487058 0.045325 0.202686
15.076000 30.202392 12.727655 -0.001650 1.491084 0.065184 0.176035
15.096000 30.205390 12.783230 -0.001652 1.492696 0.188913 0.037897
15.116000 30.209471 12.838647 -0.001652 1.493036 0.184977 0.027020
15.136000 30.213599 12.894023 -0.001655 1.493091 0.260539 -0.041725
15.156000 30.219848 12.949215 -0.001654 1.491199 0.321849 -0.112305
15.176000 30.225810 13.004419 -0.001655 1.489552 0.276748 -0.055884
15.196000 30.230858 13.059730 -0.001657 1.488944 0.251758 -0.027410
15.216000 30.236039 13.115034 -0.001657 1.488291 0.261772 -0.034907
15.236000 30.240764 13.170375 -0.001657 1.488155 0.198284 0.028002
15.256000 30.244753 13.225803 -0.001657 1.488742 0.207528 0.023229
15.276000 30.248929 13.281211 -0.001657 1.489149 0.210212 0.016518
15.296000 30.253231 13.336608 -0.001657 1.489397 0.215405 0.011540
15.316000 30.257513 13.392005 -0.001657 1.489643 0.213468 0.012584
15.336000 30.261925 13.447390 -0.001657 1.489734 0.230005 -0.003847
15.356000 30.266501 13.502758 -0.001657 1.489661 0.226942 -0.002289
15.376000 30.270969 13.558131 -0.001657 1.489738 0.202192 0.025074
15.396000 30.273627 13.613633 -0.001657 1.491593 0.099107 0.127823
15.416000 30.275837 13.669224 -0.001657 1.493878 0.125407 0.099858
15.436000 30.279144 13.724734 -0.001657 1.494865 0.220263 -0.003513
15.456000 30.283847 13.780075 -0.001656 1.494440 0.222151 -0.013221
15.476000 30.288080 13.835465 -0.001657 1.494397 0.215042 -0.005595
15.496000 30.292579 13.890835 -0.001657 1.494140 0.226137 -0.014155
15.516000 30.297074 13.946205 -0.001657 1.493885 0.224453 -0.012073
15.536000 30.301458 14.001586 -0.001657 1.493765 0.212089 0.000503
15.556000 30.305717 14.056979 -0.001657 1.493776 0.214209 -0.000307
15.576000 30.310000 14.112371 -0.001657 1.493770 0.213594 0.000506
15.596000 30.314254 14.167765 -0.001657 1.493792 0.212877 0.000933
15.616000 30.318517 14.223159 -0.001657 1.493805 0.213151 0.000580
15.636000 30.322781 14.278552 -0.001657 1.493814 0.213129 0.000508
15.656000 30.327040 14.333946 -0.001657 1.493828 0.212877 0.000755
15.676000 30.331297 14.389340 -0.001657 1.493842 0.213045 0.000507
15.696000 30.335567 14.444733 -0.001657 1.493844 0.213601 -0.000016
15.716000 30.339838 14.500125 -0.001657 1.493845 0.213521 0.000030
15.736000 30.343538 14.555557 -0.001657 1.494461 0.142435 0.069021
15.756000 30.346338 14.611087 -0.001657 1.495924 0.148000 0.066692
15.776000 30.349370 14.666600 -0.001657 1.497100 0.160072 0.044516
15.796000 30.353268 14.722035 -0.001657 1.497342 0.201035 0.004846
15.816000 30.357134 14.777463 -0.001657 1.497551 0.190204 0.013373
15.836000 30.361305 14.832863 -0.001657 1.497428 0.233198 -0.027745
15.856000 30.365922 14.888220 -0.001657 1.496879 0.226374 -0.023820
15.876000 30.370440 14.943585 -0.001657 1.496444 0.221978 -0.015010
15.896000 30.374708 14.998973 -0.001657 1.496282 0.212892 -0.006901
15.916000 30.379004 15.054360 -0.001657 1.496117 0.215554 -0.008817
15.936000 30.383166 15.109760 -0.001657 1.496105 0.198301 0.008006
15.956000 30.387154 15.165176 -0.001657 1.496262 0.201232 0.006423
15.976000 30.391181 15.220590 -0.001657 1.496378 0.202008 0.004535
15.996000 30.395253 15.275999 -0.001657 1.496442 0.203679 0.002960
16.016000 30.399319 15.331409 -0.001657 1.496506 0.203094 0.003304
16.036000 30.403420 15.386815 -0.001657 1.496529 0.207559 -0.001133
16.056000 30.407565 15.442217 -0.001657 1.496507 0.206747 -0.000710
16.076000 30.411699 15.497620 -0.001657 1.496495 0.206776 -0.000616
16.096000 30.415836 15.553023 -0.001657 1.496482 0.206863 -0.000667
16.116000 30.419973 15.608425 -0.001657 1.496469 0.206878 -0.000646
16.136000 30.423781 15.663855 -0.001657 1.496810 0.167948 0.036625
16.156000 30.427173 15.719327 -0.001657 1.497539 0.173321 0.033190
16.176000 30.430641 15.774793 -0.001657 1.498163 0.177767 0.022579
16.196000 30.434541 15.830221 -0.001657 1.498321 0.197445 0.004802
16.216000 30.438420 15.885646 -0.001657 1.498467 0.192557 0.008529
16.236000 30.442472 15.941056 -0.001657 1.498422 0.215601 -0.013654
16.256000 30.446757 15.996443 -0.001657 1.498153 0.211911 -0.011578
16.276000 30.450991 16.051834 -0.001657 1.497941 0.210000 -0.007584
16.296000 30.455115 16.107235 -0.001657 1.497851 0.206003 -0.003979
16.316000 30.459253 16.162636 -0.001657 1.497759 0.207228 -0.004818
16.336000 30.463326 16.218043 -0.001657 1.497741 0.199093 0.003171
16.356000 30.467320 16.273457 -0.001657 1.497802 0.200591 0.002332
16.376000 30.471334 16.328870 -0.001657 1.497843 0.200814 0.001703
16.396000 30.475360 16.384282 -0.001657 1.497868 0.201364 0.001157
16.416000 30.479385 16.439693 -0.001657 1.497892 0.201194 0.001232
16.436000 30.483419 16.495104 -0.001657 1.497904 0.202279 0.000101
16.456000 30.487461 16.550514 -0.001657 1.497909 0.201894 0.000388
16.476000 30.491476 16.605926 -0.001657 1.497956 0.191942 0.014561
16.496000 30.494964 16.661385 -0.001657 1.498510 0.172532 0.029786
16.516000 30.498463 16.716846 -0.001657 1.499055 0.175255 0.026065
16.536000 30.502203 16.772286 -0.001657 1.499303 0.203496 -0.002575
16.556000 30.506235 16.827697 -0.001657 1.499252 0.198254 -0.000227
16.576000 30.510194 16.883113 -0.001657 1.499257 0.199517 -0.001640
16.596000 30.514239 16.938522 -0.001657 1.499184 0.202446 -0.003915
16.616000 30.518279 16.993930 -0.001657 1.499115 0.201945 -0.003283
16.636000 30.522293 17.049341 -0.001657 1.499078 0.199054 -0.000302
16.656000 30.526278 17.104755 -0.001657 1.499072 0.199566 -0.000490
16.676000 30.530269 17.160168 -0.001657 1.499063 0.199317 -0.000127
16.696000 30.534249 17.215582 -0.001657 1.499065 0.199013 0.000089
16.716000 30.538231 17.270997 -0.001657 1.499065 0.199129 -0.000035
16.736000 30.542211 17.326411 -0.001657 1.499067 0.198861 0.000206
16.756000 30.546188 17.381826 -0.001657 1.499072 0.198863 0.000224
16.776000 30.550165 17.437240 -0.001657 1.499076 0.198925 0.000137
16.796000 30.554146 17.492655 -0.001657 1.499077 0.199052 0.000011
16.816000 30.558126 17.548069 -0.001657 1.499078 0.199032 0.000023
16.836000 30.561944 17.603497 -0.001657 1.499253 0.180220 0.017984
16.856000 30.565565 17.658944 -0.001657 1.499610 0.182776 0.016352
16.876000 30.569226 17.714388 -0.001657 1.499910 0.186730 0.009170
16.896000 30.573114 17.769812 -0.001657 1.499973 0.194878 0.002105
16.916000 30.576980 17.825236 -0.001657 1.500039 0.192760 0.003791
16.936000 30.580929 17.880652 -0.001657 1.500013 0.203517 -0.006578
16.956000 30.584986 17.936059 -0.001657 1.499884 0.201758 -0.005552
16.976000 30.589020 17.991467 -0.001657 1.499783 0.200760 -0.003531
16.996000 30.592995 18.046881 -0.001657 1.499744 0.198619 -0.001607
17.016000 30.596976 18.102294 -0.001657 1.499706 0.199220 -0.002028
17.036000 30.600931 18.157710 -0.001657 1.499699 0.195969 0.001199
17.056000 30.604861 18.213128 -0.001657 1.499716 0.196858 0.000545
17.076000 30.608798 18.268546 -0.001657 1.499725 0.196813 0.000454
17.096000 30.612734 18.323963 -0.001657 1.499734 0.196759 0.000503
17.116000 30.616672 18.379381 -0.001657 1.499742 0.196882 0.000369
17.136000 30.620610 18.434798 -0.001657 1.499748 0.196916 0.000290
17.156000 30.624547 18.490216 -0.001657 1.499754 0.196819 0.000379
17.176000 30.628476 18.545637 -0.001657 1.499775 0.193188 0.005691
17.196000 30.632200 18.601074 -0.001657 1.499994 0.185356 0.011816
17.216000 30.635926 18.656511 -0.001657 1.500211 0.186438 0.010352
17.236000 30.639751 18.711939 -0.001657 1.500306 0.197854 -0.001196
17.256000 30.643691 18.767356 -0.001657 1.500283 0.195672 -0.000186
17.276000 30.647603 18.822775 -0.001657 1.500282 0.196231 -0.000778
17.296000 30.651546 18.878192 -0.001657 1.500254 0.197142 -0.001449
17.316000 30.655485 18.933608 -0.001657 1.500229 0.196962 -0.001204
17.336000 30.659415 18.989026 -0.001657 1.500216 0.195856 -0.000059
17.356000 30.663334 19.044445 -0.001657 1.500214 0.196133 -0.000218
17.376000 30.667257 19.099863 -0.001657 1.500210 0.196084 -0.000129
17.396000 30.671179 19.155281 -0.001657 1.500206 0.196187 -0.000258
17.416000 30.675104 19.210699 -0.001657 1.500200 0.196235 -0.000308
17.436000 30.679026 19.266118 -0.001657 1.500197 0.195752 0.000150
17.456000 30.682940 19.321537 -0.001657 1.500201 0.195746 0.000211
17.476000 30.686855 19.376956 -0.001657 1.500205 0.195754 0.000186
17.496000 30.690771 19.432375 -0.001657 1.500208 0.195783 0.000152
17.516000 30.694687 19.487794 -0.001657 1.500211 0.195769 0.000155
17.536000 30.698605 19.543213 -0.001657 1.500211 0.196137 -0.000193
17.556000 30.702528 19.598631 -0.001657 1.500206 0.196134 -0.000224
17.576000 30.706451 19.654049 -0.001657 1.500202 0.196087 -0.000145
17.596000 30.710370 19.709468 -0.001657 1.500201 0.195917 0.000014
17.616000 30.714289 19.764887 -0.001657 1.500201 0.195941 0.000001
17.636000 30.718206 19.820306 -0.001657 1.500203 0.195714 0.000212
17.656000 30.722120 19.875725 -0.001657 1.500207 0.195712 0.000231
17.676000 30.726035 19.931144 -0.001657 1.500211 0.195768 0.000141
17.696000 30.729953 19.986563 -0.001657 1.500211 0.195961 -0.000038
17.716000 30.733872 20.041981 -0.001657 1.500211 0.195937 -0.000024
17.736000 30.737792 20.097400 -0.001657 1.500209 0.196074 -0.000149
17.756000 30.741714 20.152818 -0.001657 1.500205 0.196078 -0.000160
17.776000 30.745636 20.208237 -0.001657 1.500202 0.196056 -0.000110
17.796000 30.749555 20.263655 -0.001657 1.500202 0.195895 0.000037
17.816000 30.753473 20.319074 -0.001657 1.500202 0.195915 0.000026
17.836000 30.757391 20.374493 -0.001657 1.500204 0.195808 0.000124
17.856000 30.761307 20.429912 -0.001657 1.500206 0.195806 0.000133
17.876000 30.765223 20.485331 -0.001657 1.500209 0.195819 0.000101
17.896000 30.769141 20.540750 -0.001657 1.500209 0.195919 0.000008
17.916000 30.773059 20.596168 -0.001657 1.500209 0.195905 0.000015
17.936000 30.776916 20.651592 -0.001657 1.500276 0.188789 0.006809
17.956000 30.780698 20.707023 -0.001657 1.500411 0.189760 0.006188
17.976000 30.784495 20.762453 -0.001657 1.500524 0.191245 0.003500
17.996000 30.788379 20.817875 -0.001657 1.500548 0.194408 0.000736
18.016000 30.792256 20.873298 -0.001657 1.500571 0.193621 0.001352
18.036000 30.796160 20.928718 -0.001657 1.500563 0.197149 -0.002078
18.056000 30.800097 20.984134 -0.001657 1.500524 0.196445 -0.001599
18.076000 30.804024 21.039552 -0.001657 1.500496 0.196097 -0.000939
18.096000 30.807934 21.094971 -0.001657 1.500488 0.195424 -0.000327
18.116000 30.811844 21.150390 -0.001657 1.500480 0.195563 -0.000422
18.136000 30.815750 21.205809 -0.001657 1.500478 0.195010 0.000147
18.156000 30.819652 21.261229 -0.001657 1.500479 0.195209 -0.000017
18.176000 30.823557 21.316649 -0.001657 1.500479 0.195210 -0.000038
18.196000 30.827460 21.372069 -0.001657 1.500478 0.195189 -0.000019
18.216000 30.831364 21.427488 -0.001657 1.500478 0.195195 -0.000023
18.236000 30.835268 21.482908 -0.001657 1.500478 0.195144 0.000025
18.256000 30.839170 21.538328 -0.001657 1.500479 0.195145 0.000029
18.276000 30.843134 21.593742 -0.001657 1.500378 0.218789 -0.027688
18.296000 30.848748 21.649003 -0.001657 1.498662 0.302678 -0.109932
18.316000 30.854519 21.704251 -0.001657 1.496795 0.279244 -0.082544
18.336000 30.859427 21.759567 -0.001657 1.495976 0.194157 0.008271
18.356000 30.863262 21.814998 -0.001657 1.496248 0.204646 0.004576
18.376000 30.867422 21.870399 -0.001657 1.496260 0.203621 0.005348
18.396000 30.871331 21.925822 -0.001657 1.496487 0.194824 0.012121
18.416000 30.875253 21.981246 -0.001657 1.496704 0.196283 0.010249
18.436000 30.879255 22.036659 -0.001657 1.496817 0.206014 0.000302
18.456000 30.883365 22.092065 -0.001657 1.496820 0.204256 0.000946
18.476000 30.887448 22.147472 -0.001657 1.496841 0.204858 0.000102
18.496000 30.891569 22.202876 -0.001657 1.496825 0.206112 -0.000868
18.516000 30.895685 22.258280 -0.001657 1.496814 0.205714 -0.000451
18.536000 30.899800 22.313684 -0.001657 1.496804 0.205876 -0.000539
18.556000 30.903919 22.369088 -0.001657 1.496793 0.205933 -0.000590
18.576000 30.908037 22.424492 -0.001657 1.496782 0.205844 -0.000416
18.596000 30.912153 22.479896 -0.001657 1.496774 0.205878 -0.000459
18.616000 30.916272 22.535300 -0.001657 1.496764 0.205949 -0.000518
18.636000 30.920023 22.590734 -0.001657 1.497148 0.162165 0.041430
18.656000 30.923300 22.646217 -0.001657 1.497974 0.168118 0.037602
18.676000 30.926672 22.701691 -0.001657 1.498674 0.175449 0.023678
18.696000 30.930560 22.757120 -0.001657 1.498820 0.196251 0.004508
18.716000 30.934403 22.812548 -0.001657 1.498971 0.190674 0.008998
18.736000 30.938384 22.867963 -0.001657 1.498969 0.211829 -0.011364
18.756000 30.942608 22.923356 -0.001657 1.498735 0.208875 -0.010002
18.776000 30.946782 22.978752 -0.001657 1.498549 0.208562 -0.008495
18.796000 30.950940 23.034150 -0.001657 1.498393 0.207999 -0.007652
18.816000 30.955108 23.089547 -0.001657 1.498237 0.208646 -0.007832
18.836000 30.959190 23.144952 -0.001657 1.498183 0.198149 0.002612
18.856000 30.963169 23.200367 -0.001657 1.498232 0.200102 0.001613
18.876000 30.967173 23.255781 -0.001657 1.498259 0.200023 0.001418
18.896000 30.971171 23.311194 -0.001657 1.498289 0.199848 0.001501
18.916000 30.975167 23.366608 -0.001657 1.498319 0.199798 0.001470
18.936000 30.979175 23.422021 -0.001657 1.498334 0.201108 0.000117
18.956000 30.983192 23.477433 -0.001657 1.498340 0.200596 0.000490
18.976000 30.987189 23.532846 -0.001657 1.498375 0.194386 0.009322
18.996000 30.990868 23.588288 -0.001657 1.498716 0.182867 0.018245
19.016000 30.994554 23.643731 -0.001657 1.499050 0.184463 0.016016
19.036000 30.998394 23.699160 -0.001657 1.499196 0.202349 -0.002054
19.056000 31.002415 23.754571 -0.001657 1.499157 0.198960 -0.000494
19.076000 31.006392 23.809986 -0.001657 1.499151 0.199800 -0.001347
19.096000 31.010417 23.865396 -0.001657 1.499103 0.201363 -0.002539
19.116000 31.014440 23.920806 -0.001657 1.499057 0.201111 -0.002186
19.136000 31.018444 23.976218 -0.001657 1.499035 0.198958 0.000013
19.156000 31.022426 24.031632 -0.001657 1.499035 0.199326 -0.000132
19.176000 31.026412 24.087046 -0.001657 1.499033 0.199179 0.000062
19.196000 31.030391 24.142460 -0.001657 1.499037 0.198988 0.000196
19.216000 31.034372 24.197875 -0.001657 1.499040 0.199042 0.000133
19.236000 31.038354 24.253289 -0.001657 1.499041 0.199171 0.000002
19.256000 31.042338 24.308703 -0.001657 1.499041 0.199168 -0.000011
19.276000 31.046321 24.364117 -0.001657 1.499040 0.199176 -0.000021
19.296000 31.050305 24.419531 -0.001657 1.499040 0.199203 -0.000044
19.316000 31.054289 24.474945 -0.001657 1.499038 0.199202 -0.000043
19.336000 31.057941 24.529120 -0.001657 1.499055 0.165883 0.006623
19.356000 31.061177 24.581222 -0.001658 1.499351 0.165072 0.010742
19.376000 31.064526 24.631646 -0.001658 1.499592 0.169569 0.008325
19.396000 31.067982 24.680868 -0.001658 1.499677 0.172267 0.002934
19.416000 31.071379 24.729689 -0.001658 1.499763 0.169108 0.004869
19.436000 31.074846 24.778537 -0.001658 1.499769 0.178757 -0.004445
19.456000 31.078409 24.827376 -0.001657 1.499682 0.177112 -0.003569
19.476000 31.081949 24.876216 -0.001657 1.499617 0.176650 -0.002509
19.496000 31.085464 24.925059 -0.001657 1.499582 0.175681 -0.001613
19.516000 31.088982 24.973901 -0.001657 1.499547 0.175999 -0.001810
19.536000 31.092480 25.022746 -0.001657 1.499535 0.173478 0.000685
19.556000 31.095953 25.071592 -0.001657 1.499549 0.173893 0.000488
19.576000 31.099431 25.120439 -0.001657 1.499557 0.173913 0.000394
19.596000 31.102910 25.169285 -0.001657 1.499565 0.173937 0.000355
19.616000 31.106388 25.218131 -0.001657 1.499572 0.173910 0.000362
19.636000 31.109869 25.266978 -0.001657 1.499576 0.174221 0.000042
19.656000 31.113353 25.315823 -0.001657 1.499577 0.174131 0.000101
19.676000 31.116836 25.364669 -0.001657 1.499579 0.174162 0.000062
19.696000 31.120321 25.413515 -0.001657 1.499579 0.174275 -0.000041
19.716000 31.123806 25.462361 -0.001657 1.499578 0.174261 -0.000032
19.736000 31.126951 25.509967 -0.001657 1.499479 0.143303 -0.005088
19.756000 31.129757 25.555496 -0.001658 1.499520 0.141749 -0.001827
19.776000 31.132591 25.599169 -0.001658 1.499534 0.142412 -0.002178
19.796000 31.135464 25.641050 -0.001658 1.499581 0.144193 0.001040
19.816000 31.138285 25.681627 -0.001658 1.499676 0.138543 0.005582
19.836000 31.141082 25.721447 -0.001658 1.499727 0.142712 -0.000409
19.856000 31.143927 25.761295 -0.001658 1.499721 0.141666 0.000107
19.876000 31.146760 25.801146 -0.001657 1.499724 0.141827 -0.000072
19.896000 31.149604 25.840995 -0.001657 1.499717 0.142222 -0.000375
19.916000 31.152446 25.880845 -0.001657 1.499712 0.142095 -0.000248
19.936000 31.155288 25.920694 -0.001657 1.499707 0.142102 -0.000226
19.956000 31.158130 25.960543 -0.001657 1.499703 0.142135 -0.000255
19.976000 31.160973 26.000393 -0.001657 1.499698 0.142129 -0.000217
19.996000 31.163814 26.040242 -0.001657 1.499695 0.142044 -0.000145
20.016000 31.166655 26.080092 -0.001657 1.499691 0.142073 -0.000165
20.036000 31.169496 26.119941 -0.001657 1.499689 0.142066 -0.000142
20.056000 31.172338 26.159791 -0.001657 1.499685 0.142139 -0.000216
20.076000 31.175181 26.199640 -0.001657 1.499681 0.142095 -0.000160
20.096000 31.178021 26.239490 -0.001657 1.499679 0.141984 -0.000053
20.116000 31.180861 26.279340 -0.001657 1.499678 0.142002 -0.000063
20.136000 31.183699 26.319189 -0.001657 1.499678 0.141834 0.000095
20.156000 31.186536 26.359039 -0.001657 1.499681 0.141837 0.000110
20.176000 31.189373 26.398889 -0.001657 1.499683 0.141848 0.000088
20.196000 31.192210 26.438739 -0.001657 1.499684 0.141890 0.000048
20.216000 31.195048 26.478589 -0.001657 1.499685 0.141881 0.000051
20.236000 31.197499 26.517203 -0.001657 1.499496 0.108216 -0.013537
20.256000 31.199626 26.553740 -0.001658 1.499366 0.107766 -0.009878
20.276000 31.201768 26.588420 -0.001658 1.499230 0.106973 -0.008979
20.296000 31.203862 26.621242 -0.001658 1.499148 0.103937 -0.005801
20.316000 31.205908 26.652215 -0.001658 1.499153 0.102933 0.000103
20.336000 31.207952 26.681619 -0.001658 1.499222 0.102230 0.001801
20.356000 31.209955 26.709913 -0.001658 1.499271 0.098643 0.002193
20.376000 31.211922 26.738010 -0.001658 1.499319 0.098695 0.001874
20.396000 31.213912 26.766120 -0.001657 1.499343 0.099613 0.001080
20.416000 31.215901 26.794229 -0.001657 1.499367 0.099368 0.001259
20.436000 31.217899 26.822338 -0.001657 1.499381 0.100605 0.000049
20.456000 31.219909 26.850446 -0.001657 1.499382 0.100370 0.000152
20.476000 31.221916 26.878554 -0.001657 1.499385 0.100410 0.000107
20.496000 31.223924 26.906661 -0.001657 1.499388 0.100365 0.000164
20.516000 31.225931 26.934769 -0.001657 1.499392 0.100335 0.000197
20.536000 31.227939 26.962877 -0.001657 1.499394 0.100503 0.000035
20.556000 31.229949 26.990984 -0.001657 1.499395 0.100486 0.000032
20.576000 31.231958 27.019092 -0.001657 1.499396 0.100501 0.000013
20.596000 31.233969 27.047200 -0.001657 1.499395 0.100549 -0.000032
20.616000 31.235980 27.075307 -0.001657 1.499395 0.100543 -0.000028
20.636000 31.237991 27.103414 -0.001657 1.499395 0.100546 -0.000030
20.656000 31.240001 27.131522 -0.001657 1.499394 0.100546 -0.000030
20.676000 31.242012 27.159629 -0.001657 1.499394 0.100543 -0.000024
20.696000 31.244023 27.187737 -0.001657 1.499393 0.100530 -0.000012
20.716000 31.246033 27.215844 -0.001657 1.499393 0.100532 -0.000013
20.736000 31.248044 27.243952 -0.001657 1.499393 0.100519 -0.000001
20.756000 31.250054 27.272059 -0.001657 1.499393 0.100520 0.000001
20.776000 31.252064 27.300167 -0.001657 1.499394 0.100520 -0.000000
20.796000 31.254074 27.328274 -0.001657 1.499394 0.100522 -0.000002
20.816000 31.256085 27.356382 -0.001657 1.499394 0.100521 -0.000001
20.836000 31.258095 27.384489 -0.001657 1.499394 0.100526 -0.000006
20.856000 31.260105 27.412597 -0.001657 1.499394 0.100526 -0.000006
20.876000 31.262116 27.440704 -0.001657 1.499394 0.100526 -0.000006
20.896000 31.264126 27.468812 -0.001657 1.499394 0.100526 -0.000006
20.916000 31.266136 27.496919 -0.001657 1.499394 0.100526 -0.000006
20.936000 31.267496 27.523811 -0.001658 1.498782 0.038099 -0.062277
20.956000 31.268301 27.548650 -0.001659 1.497739 0.045225 -0.048805
20.976000 31.269187 27.571628 -0.001659 1.496860 0.046798 -0.042886
20.996000 31.269993 27.592744 -0.001658 1.496030 0.044185 -0.038147
21.016000 31.270734 27.611998 -0.001658 1.495267 0.042525 -0.033643
21.036000 31.271412 27.629393 -0.001658 1.494569 0.040429 -0.029000
21.056000 31.272021 27.644928 -0.001658 1.493941 0.038059 -0.024374
21.076000 31.272563 27.658604 -0.001658 1.493384 0.035527 -0.019877
21.096000 31.273034 27.670421 -0.001658 1.492899 0.032730 -0.015427
21.116000 31.273433 27.680379 -0.001658 1.492488 0.029725 -0.011084
21.136000 31.273760 27.688478 -0.001658 1.492152 0.026504 -0.006855
21.156000 31.274012 27.694719 -0.001658 1.491892 0.023062 -0.002767
21.176000 31.274191 27.699102 -0.001658 1.491709 0.019381 0.001124
21.196000 31.274325 27.701648 -0.001658 1.491631 0.018742 0.008599
21.216000 31.274429 27.702743 -0.001658 1.491631 0.014194 0.014317
21.236000 31.274457 27.702858 -0.001658 1.491585 0.007833 0.000286
21.256000 31.274400 27.702871 -0.001658 1.491526 -0.004818 -0.002264
21.276000 31.274327 27.702864 -0.001657 1.491511 -0.007312 -0.006545
21.296000 31.274307 27.702842 -0.001657 1.491501 -0.006547 -0.007564
21.316000 31.274305 27.702816 -0.001657 1.491496 -0.006606 -0.007535
21.336000 31.274301 27.702790 -0.001657 1.491494 -0.006924 -0.007634
21.356000 31.274297 27.702764 -0.001657 1.491493 -0.007013 -0.007750
21.376000 31.274294 27.702736 -0.001657 1.491493 -0.007001 -0.007782
21.396000 31.274292 27.702709 -0.001657 1.491493 -0.006997 -0.007780
21.416000 31.274290 27.702682 -0.001657 1.491493 -0.007000 -0.007777
21.436000 31.274288 27.702655 -0.001657 1.491493 -0.006997 -0.007774
21.456000 31.274285 27.702627 -0.001657 1.491493 -0.006991 -0.007768
21.476000 31.274283 27.702600 -0.001657 1.491493 -0.006985 -0.007762
21.496000 31.274281 27.702573 -0.001657 1.491493 -0.006979 -0.007755
21.516000 31.274279 27.702546 -0.001657 1.491493 -0.006972 -0.007748
21.536000 31.274277 27.702518 -0.001657 1.491493 -0.006966 -0.007741
21.556000 31.274275 27.702491 -0.001657 1.491493 -0.006960 -0.007734
21.576000 31.274272 27.702464 -0.001657 1.491493 -0.006954 -0.007727
21.596000 31.274270 27.702437 -0.001657 1.491493 -0.006948 -0.007721
21.616000 31.274268 27.702410 -0.001657 1.491493 -0.006941 -0.007714
21.636000 31.274266 27.702383 -0.001657 1.491493 -0.006935 -0.007707
21.656000 31.274264 27.702356 -0.001657 1.491493 -0.006929 -0.007700
21.676000 31.274262 27.702329 -0.001657 1.491493 -0.006923 -0.007693
21.696000 31.274260 27.702302 -0.001657 1.491493 -0.006917 -0.007686
21.716000 31.274258 27.702275 -0.001657 1.491493 -0.006911 -0.007679
21.736000 31.274255 27.702248 -0.001657 1.491493 -0.006904 -0.007672
21.756000 31.274253 27.702221 -0.001657 1.491493 -0.006898 -0.007666
21.776000 31.274251 27.702195 -0.001657 1.491493 -0.006892 -0.007659
21.796000 31.274249 27.702168 -0.001657 1.491493 -0.006886 -0.007652
21.816000 31.274247 27.702141 -0.001657 1.491493 -0.006880 -0.007645
21.836000 31.274245 27.702114 -0.001657 1.491493 -0.006874 -0.007638
21.856000 31.274243 27.702087 -0.001657 1.491493 -0.006868 -0.007631
21.876000 31.274241 27.702061 -0.001657 1.491493 -0.006861 -0.007625
21.896000 31.274238 27.702034 -0.001657 1.491493 -0.006855 -0.007618
21.916000 31.274236 27.702007 -0.001657 1.491493 -0.006849 -0.007611
21.936000 31.274234 27.701981 -0.001657 1.491493 -0.006843 -0.007604
21.956000 31.274232 27.701954 -0.001657 1.491493 -0.006837 -0.007597
21.976000 31.274230 27.701927 -0.001657 1.491493 -0.006831 -0.007591
21.996000 31.274228 27.701901 -0.001657 1.491493 -0.006825 -0.007584
22.016000 31.274226 27.701874 -0.001657 1.491493 -0.006819 -0.007577
22.036000 31.274224 27.701848 -0.001657 1.491493 -0.006813 -0.007570
22.056000 31.274222 27.701821 -0.001657 1.491493 -0.006807 -0.007564
22.076000 31.274219 27.701795 -0.001657 1.491493 -0.006801 -0.007557
22.096000 31.274217 27.701768 -0.001657 1.491493 -0.006795 -0.007550
22.116000 31.274215 27.701742 -0.001657 1.491493 -0.006789 -0.007543
22.136000 31.274213 27.701716 -0.001657 1.491493 -0.006783 -0.007537
22.156000 31.274211 27.701689 -0.001657 1.491493 -0.006777 -0.007530
22.176000 31.274209 27.701663 -0.001657 1.491493 -0.006771 -0.007523
22.196000 31.274207 27.701637 -0.001657 1.491493 -0.006765 -0.007517
22.216000 31.274205 27.701610 -0.001657 1.491493 -0.006759 -0.007510
22.236000 31.274203 27.701584 -0.001657 1.491493 -0.006753 -0.007503
22.256000 31.274201 27.701558 -0.001657 1.491493 -0.006747 -0.007497
22.276000 31.274199 27.701532 -0.001657 1.491493 -0.006741 -0.007490
22.296000 31.274197 27.701505 -0.001657 1.491493 -0.006735 -0.007483
22.316000 31.274194 27.701479 -0.001657 1.491493 -0.006729 -0.007477
22.336000 31.274192 27.701453 -0.001657 1.491493 -0.006723 -0.007470
22.356000 31.274190 27.701427 -0.001657 1.491493 -0.006717 -0.007463
22.376000 31.274188 27.701401 -0.001657 1.491493 -0.006711 -0.007457
22.396000 31.274186 27.701375 -0.001657 1.491493 -0.006705 -0.007450
22.416000 31.274184 27.701349 -0.001657 1.491493 -0.006699 -0.007443
22.436000 31.274182 27.701323 -0.001657 1.491493 -0.006693 -0.007437
22.456000 31.274180 27.701297 -0.001657 1.491493 -0.006687 -0.007430
22.476000 31.274178 27.701271 -0.001657 1.491493 -0.006681 -0.007423
22.496000 31.274176 27.701245 -0.001657 1.491493 -0.006675 -0.007417
22.516000 31.274174 27.701219 -0.001657 1.491493 -0.006669 -0.007410
22.536000 31.274172 27.701193 -0.001657 1.491493 -0.006663 -0.007403
22.556000 31.274170 27.701167 -0.001657 1.491493 -0.006657 -0.007397
22.576000 31.274168 27.701142 -0.001657 1.491493 -0.006651 -0.007390
22.596000 31.274166 27.701116 -0.001657 1.491493 -0.006645 -0.007384
22.616000 31.274164 27.701090 -0.001657 1.491493 -0.006639 -0.007377
22.636000 31.274162 27.701064 -0.001657 1.491493 -0.006633 -0.007371
22.656000 31.274160 27.701038 -0.001657 1.491493 -0.006628 -0.007364
22.676000 31.274157 27.701013 -0.001657 1.491493 -0.006622 -0.007357
22.696000 31.274155 27.700987 -0.001657 1.491493 -0.006616 -0.007351
22.716000 31.274153 27.700961 -0.001657 1.491493 -0.006610 -0.007344
22.736000 31.274151 27.700936 -0.001657 1.491493 -0.006604 -0.007338
22.756000 31.274149 27.700910 -0.001657 1.491493 -0.006598 -0.007331
22.776000 31.274147 27.700885 -0.001657 1.491493 -0.006592 -0.007325
22.796000 31.274145 27.700859 -0.001657 1.491493 -0.006586 -0.007318
22.816000 31.274143 27.700834 -0.001657 1.491493 -0.006580 -0.007311
22.836000 31.274141 27.700808 -0.001657 1.491493 -0.006575 -0.007305
22.856000 31.274139 27.700783 -0.001657 1.491493 -0.006569 -0.007298
22.876000 31.274137 27.700757 -0.001657 1.491493 -0.006563 -0.007292
22.896000 31.274135 27.700732 -0.001657 1.491493 -0.006557 -0.007285
22.916000 31.274133 27.700706 -0.001657 1.491493 -0.006551 -0.007279
22.936000 31.274131 27.700681 -0.001657 1.491493 -0.006545 -0.007272
22.956000 31.274129 27.700655 -0.001657 1.491493 -0.006540 -0.007266
22.976000 31.274127 27.700630 -0.001657 1.491493 -0.006534 -0.007259
22.996000 31.274125 27.700605 -0.001657 1.491493 -0.006528 -0.007253
23.016000 31.274123 27.700580 -0.001657 1.491493 -0.006522 -0.007247
23.036000 31.274121 27.700554 -0.001657 1.491493 -0.006516 -0.007240
23.056000 31.274119 27.700529 -0.001657 1.491493 -0.006511 -0.007234
23.076000 31.274117 27.700504 -0.001657 1.491493 -0.006505 -0.007227
23.096000 31.274115 27.700479 -0.001657 1.491493 -0.006499 -0.007221
23.116000 31.274113 27.700454 -0.001657 1.491493 -0.006493 -0.007214
23.136000 31.274111 27.700428 -0.001657 1.491493 -0.006487 -0.007208
23.156000 31.274109 27.700403 -0.001657 1.491493 -0.006482 -0.007201
23.176000 31.274107 27.700378 -0.001657 1.491493 -0.006476 -0.007195
23.196000 31.274105 27.700353 -0.001657 1.491493 -0.006470 -0.007188
23.216000 31.274103 27.700328 -0.001657 1.491493 -0.006464 -0.007182
23.236000 31.274101 27.700303 -0.001657 1.491493 -0.006458 -0.007175
23.256000 31.274099 27.700278 -0.001657 1.491493 -0.006453 -0.007169
23.276000 31.274097 27.700253 -0.001657 1.491493 -0.006447 -0.007163
23.296000 31.274095 27.700228 -0.001657 1.491493 -0.006441 -0.007156
23.316000 31.274093 27.700203 -0.001657 1.491493 -0.006435 -0.007150
23.336000 31.274091 27.700178 -0.001657 1.491493 -0.006430 -0.007143
23.356000 31.274089 27.700153 -0.001657 1.491493 -0.006424 -0.007137
23.376000 31.274087 27.700129 -0.001657 1.491493 -0.006418 -0.007131
23.396000 31.274085 27.700104 -0.001657 1.491493 -0.006412 -0.007124
23.416000 31.274083 27.700079 -0.001657 1.491493 -0.006407 -0.007118
23.436000 31.274082 27.700054 -0.001657 1.491493 -0.006401 -0.007111
23.456000 31.274080 27.700030 -0.001657 1.491493 -0.006395 -0.007105
23.476000 31.274078 27.700005 -0.001657 1.491493 -0.006390 -0.007099
23.496000 31.274076 27.699980 -0.001657 1.491493 -0.006384 -0.007092
23.516000 31.274074 27.699955 -0.001657 1.491493 -0.006378 -0.007086
23.536000 31.274072 27.699931 -0.001657 1.491493 -0.006372 -0.007080
23.556000 31.274070 27.699906 -0.001657 1.491493 -0.006367 -0.007073
23.576000 31.274068 27.699882 -0.001657 1.491493 -0.006361 -0.007067
23.596000 31.274066 27.699857 -0.001657 1.491493 -0.006355 -0.007061
23.616000 31.274064 27.699832 -0.001657 1.491493 -0.006350 -0.007054
23.636000 31.274062 27.699808 -0.001657 1.491493 -0.006344 -0.007048
23.656000 31.274060 27.699783 -0.001657 1.491493 -0.006338 -0.007042
23.676000 31.274058 27.699759 -0.001657 1.491493 -0.006333 -0.007035
23.696000 31.274056 27.699734 -0.001657 1.491493 -0.006327 -0.007029
23.716000 31.274054 27.699710 -0.001657 1.491493 -0.006321 -0.007023
23.736000 31.274052 27.699686 -0.001657 1.491493 -0.006316 -0.007016
23.756000 31.274050 27.699661 -0.001657 1.491493 -0.006310 -0.007010
23.776000 31.274048 27.699637 -0.001657 1.491493 -0.006304 -0.007004
23.796000 31.274047 27.699613 -0.001657 1.491493 -0.006299 -0.006997
23.816000 31.274045 27.699588 -0.001657 1.491493 -0.006293 -0.006991
23.836000 31.274043 27.699564 -0.001657 1.491493 -0.006287 -0.006985
23.856000 31.274041 27.699540 -0.001657 1.491493 -0.006282 -0.006979
23.876000 31.274039 27.699515 -0.001657 1.491493 -0.006276 -0.006972
23.896000 31.274037 27.699491 -0.001657 1.491493 -0.006270 -0.006966
23.916000 31.274035 27.699467 -0.001657 1.491493 -0.006265 -0.006960
23.936000 31.274033 27.699443 -0.001657 1.491493 -0.006259 -0.006953
23.956000 31.274031 27.699419 -0.001657 1.491493 -0.006254 -0.006947
23.976000 31.274029 27.699395 -0.001657 1.491493 -0.006248 -0.006941
23.996000 31.274027 27.699370 -0.001657 1.491493 -0.006242 -0.006935
24.016000 31.274025 27.699346 -0.001657 1.491493 -0.006237 -0.006929
24.036000 31.274024 27.699322 -0.001657 1.491493 -0.006231 -0.006922
24.056000 31.274022 27.699298 -0.001657 1.491493 -0.006226 -0.006916
24.076000 31.274020 27.699274 -0.001657 1.491493 -0.006220 -0.006910
24.096000 31.274018 27.699250 -0.001657 1.491493 -0.006214 -0.006904
24.116000 31.274016 27.699226 -0.001657 1.491493 -0.006209 -0.006898
24.136000 31.274014 27.699202 -0.001657 1.491493 -0.006203 -0.006891
24.156000 31.274012 27.699179 -0.001657 1.491493 -0.006198 -0.006885
24.176000 31.274010 27.699155 -0.001657 1.491493 -0.006192 -0.006879
24.196000 31.274008 27.699131 -0.001657 1.491493 -0.006187 -0.006873
24.216000 31.274006 27.699107 -0.001657 1.491493 -0.006181 -0.006867
24.236000 31.274005 27.699083 -0.001657 1.491493 -0.006176 -0.006860
24.256000 31.274003 27.699059 -0.001657 1.491493 -0.006170 -0.006854
24.276000 31.274001 27.699036 -0.001657 1.491493 -0.006165 -0.006848
24.296000 31.273999 27.699012 -0.001657 1.491493 -0.006159 -0.006842
24.316000 31.273997 27.698988 -0.001657 1.491493 -0.006154 -0.006836
24.336000 31.273995 27.698964 -0.001657 1.491493 -0.006148 -0.006830
24.356000 31.273993 27.698941 -0.001657 1.491493 -0.006143 -0.006824
24.376000 31.273991 27.698917 -0.001657 1.491493 -0.006137 -0.006817
24.396000 31.273990 27.698893 -0.001657 1.491493 -0.006132 -0.006811
24.416000 31.273988 27.698870 -0.001657 1.491493 -0.006126 -0.006805
24.436000 31.273986 27.698846 -0.001657 1.491493 -0.006121 -0.006799
24.456000 31.273984 27.698823 -0.001657 1.491493 -0.006115 -0.006793
24.476000 31.273982 27.698799 -0.001657 1.491493 -0.006110 -0.006787
24.496000 31.273980 27.698776 -0.001657 1.491493 -0.006104 -0.006781
24.516000 31.273978 27.698752 -0.001657 1.491493 -0.006099 -0.006775
24.536000 31.273977 27.698729 -0.001657 1.491493 -0.006093 -0.006769
24.556000 31.273975 27.698705 -0.001657 1.491493 -0.006088 -0.006763
24.576000 31.273973 27.698682 -0.001657 1.491493 -0.006082 -0.006756
24.596000 31.273971 27.698658 -0.001657 1.491493 -0.006077 -0.006750
24.616000 31.273969 27.698635 -0.001657 1.491493 -0.006071 -0.006744
24.636000 31.273967 27.698612 -0.001657 1.491493 -0.006066 -0.006738
24.656000 31.273965 27.698588 -0.001657 1.491493 -0.006061 -0.006732
24.676000 31.273964 27.698565 -0.001657 1.491493 -0.006055 -0.006726
24.696000 31.273962 27.698542 -0.001657 1.491493 -0.006050 -0.006720
24.716000 31.273960 27.698518 -0.001657 1.491493 -0.006044 -0.006714
24.736000 31.273958 27.698495 -0.001657 1.491493 -0.006039 -0.006708
24.756000 31.273956 27.698472 -0.001657 1.491493 -0.006033 -0.006702
24.776000 31.273954 27.698449 -0.001657 1.491493 -0.006028 -0.006696
24.796000 31.273953 27.698426 -0.001657 1.491493 -0.006023 -0.006690
24.816000 31.273951 27.698403 -0.001657 1.491493 -0.006017 -0.006684
24.836000 31.273949 27.698379 -0.001657 1.491493 -0.006012 -0.006678
24.856000 31.273947 27.698356 -0.001657 1.491493 -0.006006 -0.006672
