# stamp x y z yaw vx vy vz angular_v
0.444000 0.000004 0.000000 -0.001633 0.000000 -0.000026 -0.000014 -0.116617 -0.000004
0.464000 0.000006 0.000000 -0.001650 0.000000 -0.000028 -0.000014 -0.116804 -0.000004
0.484000 0.000008 0.000000 -0.001655 0.000000 -0.000028 -0.000014 -0.116846 -0.000004
0.504000 0.000010 0.000000 -0.001657 0.000000 -0.000028 -0.000015 -0.116856 -0.000004
0.524000 0.000011 0.000000 -0.001657 0.000000 -0.000028 -0.000015 -0.116858 -0.000004
0.544000 0.000013 0.000000 -0.001657 0.000000 -0.000028 -0.000015 -0.116859 -0.000004
0.564000 0.000015 0.000000 -0.001657 0.000000 -0.000028 -0.000015 -0.116859 -0.000004
0.584000 0.000017 0.000000 -0.001657 0.000000 -0.000028 -0.000015 -0.116859 -0.000004
0.604000 0.000018 0.000000 -0.001657 0.000000 -0.000028 -0.000015 -0.116859 -0.000004
0.624000 0.000020 0.000000 -0.001657 0.000000 -0.000028 -0.000015 -0.116859 -0.000004
0.644000 0.000022 0.000000 -0.001657 0.000000 -0.000028 -0.000015 -0.116859 -0.000004
0.664000 0.000024 0.000000 -0.001657 0.000000 -0.000028 -0.000015 -0.116859 -0.000004
0.684000 0.000025 0.000000 -0.001657 0.000000 -0.000028 -0.000015 -0.116859 -0.000004
0.704000 0.000027 0.000000 -0.001657 0.000000 -0.000028 -0.000015 -0.116859 -0.000004
0.724000 0.000029 0.000000 -0.001657 0.000000 -0.000028 -0.000015 -0.116859 -0.000004
0.744000 0.000031 0.000000 -0.001657 0.000000 -0.000028 -0.000015 -0.116859 -0.000004
0.764000 0.001337 0.000000 -0.001655 -0.000000 0.073364 -0.000041 -0.116710 0.000025
0.784000 0.005078 0.000000 -0.001653 -0.000000 0.173258 -0.000028 -0.116727 0.000038
0.804000 0.010727 0.000000 -0.001654 -0.000000 0.269818 -0.000033 -0.116794 0.000029
0.824000 0.018278 0.000000 -0.001655 -0.000000 0.365744 -0.000031 -0.116822 0.000030
0.844000 0.027739 0.000000 -0.001656 -0.000000 0.461548 -0.000030 -0.116831 0.000030
0.864000 0.039114 0.000000 -0.001656 -0.000000 0.557325 -0.000031 -0.116833 0.000030
0.884000 0.052405 0.000000 -0.001656 -0.000000 0.653095 -0.000030 -0.116834 0.000030
0.904000 0.067610 0.000000 -0.001656 -0.000000 0.748860 -0.000030 -0.116834 0.000030
0.924000 0.084731 0.000000 -0.001656 -0.000000 0.844620 -0.000030 -0.116834 0.000031
0.944000 0.103767 0.000000 -0.001656 -0.000000 0.940377 -0.000031 -0.116834 0.000031
0.964000 0.124718 0.000000 -0.001656 -0.000000 1.036129 -0.000031 -0.116834 0.000031
0.984000 0.147584 0.000000 -0.001656 -0.000000 1.131877 -0.000031 -0.116834 0.000032
1.004000 0.172365 0.000000 -0.001656 -0.000000 1.227622 -0.000031 -0.116834 0.000032
1.024000 0.199061 0.000000 -0.001656 -0.000000 1.323362 -0.000032 -0.116834 0.000032
1.044000 0.227671 0.000000 -0.001656 -0.000000 1.419098 -0.000032 -0.116834 0.000033
1.064000 0.258196 0.000000 -0.001656 -0.000000 1.514830 -0.000032 -0.116834 0.000034
1.084000 0.290636 0.000000 -0.001656 -0.000000 1.610558 -0.000032 -0.116834 0.000034
1.104000 0.324991 0.000000 -0.001656 -0.000000 1.706282 -0.000032 -0.116834 0.000034
1.124000 0.361259 0.000000 -0.001656 -0.000000 1.802002 -0.000031 -0.116834 0.000034
1.144000 0.399442 0.000000 -0.001656 -0.000000 1.897718 -0.000030 -0.116834 0.000034
1.164000 0.439540 0.000000 -0.001656 -0.000000 1.993430 -0.000030 -0.116834 0.000033
1.184000 0.481552 0.000000 -0.001656 -0.000000 2.089138 -0.000030 -0.116834 0.000033
1.204000 0.525477 0.000000 -0.001656 -0.000000 2.184842 -0.000029 -0.116834 0.000034
1.224000 0.571317 0.000000 -0.001656 -0.000000 2.280541 -0.000029 -0.116834 0.000035
1.244000 0.619071 0.000000 -0.001656 -0.000000 2.376237 -0.000029 -0.116834 0.000035
1.264000 0.668738 0.000000 -0.001656 -0.000000 2.471929 -0.000028 -0.116834 0.000036
1.284000 0.720320 0.000000 -0.001656 -0.000000 2.567616 -0.000028 -0.116834 0.000037
1.304000 0.773815 0.000000 -0.001656 -0.000000 2.663299 -0.000028 -0.116834 0.000037
1.324000 0.829223 0.000000 -0.001656 -0.000000 2.758979 -0.000028 -0.116834 0.000038
1.344000 0.886546 0.000000 -0.001656 -0.000000 2.854654 -0.000028 -0.116834 0.000038
1.364000 0.945781 0.000000 -0.001656 -0.000000 2.950325 -0.000029 -0.116834 0.000038
1.384000 1.006930 0.000000 -0.001656 -0.000000 3.045993 -0.000029 -0.116834 0.000037
1.404000 1.069993 0.000000 -0.001656 -0.000000 3.141656 -0.000029 -0.116834 0.000038
1.424000 1.134968 0.000000 -0.001656 -0.000000 3.237315 -0.000030 -0.116834 0.000038
1.444000 1.201857 0.000000 -0.001656 -0.000000 3.332970 -0.000030 -0.116834 0.000038
1.464000 1.270659 0.000000 -0.001656 -0.000000 3.428621 -0.000031 -0.116834 0.000038
1.484000 1.341374 0.000000 -0.001656 -0.000000 3.524268 -0.000031 -0.116834 0.000038
1.504000 1.414001 0.000000 -0.001656 -0.000000 3.619911 -0.000032 -0.116834 0.000038
1.524000 1.488542 0.000000 -0.001656 -0.000000 3.715550 -0.000033 -0.116834 0.000037
1.544000 1.564995 0.000000 -0.001656 -0.000000 3.811184 -0.000033 -0.116834 0.000037
1.564000 1.643361 0.000000 -0.001656 -0.000000 3.906815 -0.000034 -0.116834 0.000037
1.584000 1.723640 0.000000 -0.001656 -0.000000 4.002442 -0.000035 -0.116834 0.000037
1.604000 1.805830 0.000000 -0.001656 -0.000000 4.098064 -0.000035 -0.116834 0.000038
1.624000 1.889934 0.000000 -0.001656 -0.000000 4.193683 -0.000036 -0.116834 0.000039
1.644000 1.975949 0.000000 -0.001656 -0.000000 4.289297 -0.000037 -0.116834 0.000040
1.664000 2.063877 0.000000 -0.001656 -0.000000 4.384908 -0.000037 -0.116834 0.000042
1.684000 2.153717 0.000000 -0.001656 -0.000000 4.480514 -0.000038 -0.116834 0.000044
1.704000 2.245470 0.000000 -0.001656 -0.000000 4.576117 -0.000039 -0.116834 0.000046
1.724000 2.339134 0.000000 -0.001656 -0.000000 4.671715 -0.000040 -0.116834 0.000049
1.744000 2.434710 0.000000 -0.001656 -0.000000 4.767309 -0.000041 -0.116834 0.000053
1.764000 2.532198 0.000000 -0.001656 -0.000000 4.862899 -0.000042 -0.116834 0.000057
1.784000 2.631598 0.000000 -0.001656 -0.000000 4.958485 -0.000043 -0.116835 0.000063
1.804000 2.732909 0.000000 -0.001656 -0.000000 5.054067 -0.000046 -0.116835 0.000071
1.824000 2.836132 0.000000 -0.001656 -0.000000 5.149645 -0.000052 -0.116835 0.000081
1.844000 2.941266 0.000001 -0.001656 0.000000 5.245215 -0.000057 -0.116837 0.000104
1.864000 3.048311 0.000001 -0.001656 0.000001 5.340961 -0.000301 -0.116846 0.000393
1.884000 3.157204 -0.000027 -0.001656 0.000033 5.437650 -0.000948 -0.116822 0.001147
1.904000 3.267461 -0.000025 -0.001656 0.000039 5.532428 0.000254 -0.116813 -0.000319
1.924000 3.378588 -0.000021 -0.001656 0.000036 5.556233 0.000174 -0.116828 -0.000048
1.944000 3.489703 -0.000017 -0.001657 0.000036 5.555511 0.000170 -0.116848 -0.000023
1.964000 3.600815 -0.000018 -0.001657 0.000030 5.555501 -0.000542 -0.116856 -0.000690
1.984000 3.711927 -0.000030 -0.001657 0.000015 5.555495 -0.000532 -0.116858 -0.000676
2.004000 3.823039 -0.000040 -0.001657 0.000003 5.555496 -0.000469 -0.116859 -0.000384
2.024000 3.934152 -0.000036 -0.001657 0.000006 5.555514 0.000318 -0.116859 0.000287
2.044000 4.045264 -0.000032 -0.001657 0.000010 5.555513 0.000190 -0.116859 0.000168
2.064000 4.156377 -0.000026 -0.001657 0.000015 5.555516 0.000464 -0.116859 0.000399
2.084000 4.267490 -0.000016 -0.001657 0.000024 5.555516 0.000478 -0.116859 0.000393
2.104000 4.378602 -0.000006 -0.001657 0.000031 5.555515 0.000393 -0.116859 0.000114
2.124000 4.489715 -0.000011 -0.001657 0.000022 5.555496 -0.000442 -0.116859 -0.000572
2.144000 4.600827 -0.000018 -0.001657 0.000013 5.555498 -0.000337 -0.116859 -0.000447
2.164000 4.711939 -0.000022 -0.001657 0.000007 5.555506 0.000113 -0.116859 0.000038
2.184000 4.823052 -0.000019 -0.001657 0.000009 5.555509 0.000057 -0.116859 0.000028
2.204000 4.934164 -0.000018 -0.001657 0.000009 5.555510 0.000115 -0.116859 0.000156
2.224000 5.045277 -0.000008 -0.001657 0.000018 5.555521 0.000600 -0.116859 0.000534
2.244000 5.156390 0.000004 -0.001657 0.000028 5.555520 0.000565 -0.116859 0.000463
2.264000 5.267502 0.000008 -0.001657 0.000029 5.555505 -0.000440 -0.116859 -0.000540
2.284000 5.378615 -0.000001 -0.001657 0.000018 5.555499 -0.000374 -0.116859 -0.000523
2.304000 5.489727 -0.000008 -0.001657 0.000008 5.555500 -0.000409 -0.116859 -0.000486
2.324000 5.600839 -0.000017 -0.001657 -0.000002 5.555499 -0.000471 -0.116859 -0.000492
2.344000 5.711952 -0.000027 -0.001657 -0.000012 5.555499 -0.000523 -0.116859 -0.000490
2.364000 5.823064 -0.000027 -0.001657 -0.000010 5.555520 0.000809 -0.116859 0.000811
2.384000 5.934177 -0.000010 -0.001657 0.000007 5.555526 0.000707 -0.116859 0.000763
2.404000 6.045290 0.000005 -0.001657 0.000022 5.555524 0.000709 -0.116859 0.000584
2.424000 6.156402 0.000013 -0.001657 0.000028 5.555514 0.000340 -0.116859 0.000233
2.444000 6.267515 0.000021 -0.001657 0.000033 5.555514 0.000454 -0.116859 0.000298
2.464000 6.378627 0.000017 -0.001657 0.000025 5.555486 -0.001416 -0.116859 -0.001495
2.484000 6.489739 -0.000012 -0.001657 -0.000007 5.555475 -0.001352 -0.116859 -0.001458
2.504000 6.600851 -0.000040 -0.001657 -0.000034 5.555479 -0.001205 -0.116859 -0.000807
2.524000 6.711963 -0.000035 -0.001657 -0.000027 5.555520 0.000516 -0.116859 0.000659
2.544000 6.823076 -0.000029 -0.001657 -0.000017 5.555518 0.000236 -0.116859 0.000397
2.564000 6.934189 -0.000024 -0.001657 -0.000010 5.555516 0.000147 -0.116859 0.000250
2.584000 7.045301 -0.000021 -0.001657 -0.000006 5.555516 0.000189 -0.116859 0.000249
2.604000 7.156414 -0.000016 -0.001657 -0.000000 5.555516 0.000220 -0.116859 0.000255
2.624000 7.267527 -0.000011 -0.001657 0.000005 5.555516 0.000253 -0.116859 0.000258
2.644000 7.378639 -0.000006 -0.001657 0.000010 5.555516 0.000281 -0.116859 0.000257
2.664000 7.489752 -0.000003 -0.001657 0.000011 5.555508 -0.000195 -0.116859 -0.000220
2.684000 7.600864 -0.000007 -0.001657 0.000007 5.555505 -0.000159 -0.116859 -0.000211
2.704000 7.711977 -0.000010 -0.001657 0.000003 5.555513 -0.000145 -0.116859 -0.000141
2.724000 7.823089 -0.000010 -0.001657 0.000002 5.555508 -0.000016 -0.116859 -0.000026
2.744000 7.934202 -0.000011 -0.001657 0.000001 5.555507 -0.000046 -0.116859 -0.000046
2.764000 8.045314 -0.000010 -0.001657 0.000002 5.555510 0.000178 -0.116859 0.000169
2.784000 8.156427 -0.000006 -0.001657 0.000006 5.555511 0.000174 -0.116859 0.000169
2.804000 8.267539 -0.000002 -0.001657 0.000009 5.555511 0.000166 -0.116859 0.000112
2.824000 8.378652 -0.000001 -0.001657 0.000009 5.555508 0.000028 -0.116859 -0.000010
2.844000 8.489764 0.000000 -0.001657 0.000009 5.555508 0.000053 -0.116859 0.000009
2.864000 8.600877 -0.000000 -0.001657 0.000007 5.555504 -0.000239 -0.116859 -0.000267
2.884000 8.711989 -0.000005 -0.001657 0.000002 5.555503 -0.000239 -0.116859 -0.000266
2.904000 8.823102 -0.000010 -0.001657 -0.000003 5.555504 -0.000215 -0.116859 -0.000153
2.924000 8.934214 -0.000009 -0.001657 -0.000002 5.555512 0.000079 -0.116859 0.000098
2.944000 9.045327 -0.000008 -0.001657 -0.000001 5.555512 0.000029 -0.116859 0.000053
2.964000 9.156439 -0.000007 -0.001657 0.000001 5.555513 0.000149 -0.116859 0.000158
2.984000 9.267552 -0.000003 -0.001657 0.000005 5.555514 0.000158 -0.116859 0.000160
3.004000 9.378664 0.000000 -0.001657 0.000008 5.555530 0.000141 -0.116859 0.000087
3.024000 9.489777 -0.000000 -0.001657 0.000006 5.555507 -0.000100 -0.116859 -0.000123
3.044000 9.600889 -0.000002 -0.001657 0.000004 5.555507 -0.000063 -0.116859 -0.000086
3.064000 9.712002 -0.000003 -0.001657 0.000003 5.555507 -0.000067 -0.116859 -0.000078
3.084000 9.823114 -0.000004 -0.001657 0.000001 5.555506 -0.000075 -0.116859 -0.000077
3.104000 9.934227 -0.000005 -0.001657 -0.000000 5.555506 -0.000059 -0.116859 -0.000026
3.124000 10.045339 -0.000003 -0.001657 0.000001 5.555509 0.000098 -0.116859 0.000103
3.144000 10.156452 -0.000002 -0.001657 0.000003 5.555509 0.000078 -0.116859 0.000079
3.164000 10.267564 -0.000001 -0.001657 0.000004 5.555508 -0.000020 -0.116859 -0.000023
3.184000 10.378677 -0.000001 -0.001657 0.000003 5.555508 -0.000005 -0.116859 -0.000017
3.204000 10.489789 -0.000001 -0.001657 0.000003 5.555508 -0.000016 -0.116859 -0.000035
3.224000 10.600902 -0.000002 -0.001657 0.000001 5.555507 -0.000085 -0.116859 -0.000087
3.244000 10.712014 -0.000003 -0.001657 -0.000000 5.555508 -0.000082 -0.116859 -0.000079
3.264000 10.823127 -0.000004 -0.001657 -0.000001 5.555511 0.000065 -0.116859 0.000070
3.284000 10.934239 -0.000002 -0.001657 0.000001 5.555512 0.000053 -0.116859 0.000066
3.304000 11.045352 -0.000001 -0.001657 0.000002 5.555512 0.000056 -0.116859 0.000057
3.324000 11.156464 0.000000 -0.001657 0.000003 5.555511 0.000052 -0.116859 0.000049
3.344000 11.267577 0.000002 -0.001657 0.000005 5.555511 0.000060 -0.116859 0.000050
3.364000 11.378689 0.000002 -0.001657 0.000004 5.555507 -0.000186 -0.116859 -0.000188
3.384000 11.489802 -0.000002 -0.001657 -0.000000 5.555505 -0.000175 -0.116859 -0.000183
3.404000 11.600914 -0.000005 -0.001657 -0.000004 5.555505 -0.000157 -0.116859 -0.000105
3.424000 11.712027 -0.000005 -0.001657 -0.000003 5.555509 0.000046 -0.116859 0.000069
3.444000 11.823139 -0.000004 -0.001657 -0.000002 5.555509 0.000013 -0.116859 0.000038
3.464000 11.934252 -0.000004 -0.001657 -0.000001 5.555508 0.000027 -0.116859 0.000045
3.484000 12.045364 -0.000003 -0.001657 -0.000000 5.555508 0.000031 -0.116859 0.000045
3.504000 12.156477 -0.000002 -0.001657 0.000001 5.555509 0.000037 -0.116859 0.000045
3.524000 12.267589 -0.000001 -0.001657 0.000002 5.555509 0.000042 -0.116859 0.000045
3.544000 12.378702 0.000000 -0.001657 0.000003 5.555510 0.000047 -0.116859 0.000045
3.564000 12.489814 0.000000 -0.001657 0.000002 5.555508 -0.000089 -0.116859 -0.000088
3.584000 12.600927 -0.000001 -0.001657 0.000001 5.555508 -0.000082 -0.116859 -0.000085
3.604000 12.712039 -0.000003 -0.001657 -0.000001 5.555508 -0.000077 -0.116859 -0.000053
3.624000 12.823152 -0.000003 -0.001657 -0.000001 5.555511 0.000003 -0.116859 0.000016
3.644000 12.934264 -0.000003 -0.001657 -0.000001 5.555511 -0.000013 -0.116859 0.000002
3.664000 13.045377 -0.000002 -0.001657 -0.000000 5.555511 0.000046 -0.116859 0.000056
3.684000 13.156489 -0.000001 -0.001657 0.000001 5.555511 0.000046 -0.116859 0.000056
3.704000 13.267602 0.000000 -0.001657 0.000002 5.555511 0.000045 -0.116859 0.000036
3.724000 13.378714 0.000000 -0.001657 0.000002 5.555509 -0.000013 -0.116859 -0.000014
3.744000 13.489827 0.000001 -0.001657 0.000002 5.555508 -0.000002 -0.116859 -0.000006
3.764000 13.600939 0.000000 -0.001657 0.000002 5.555507 -0.000082 -0.116859 -0.000081
3.784000 13.712052 -0.000001 -0.001657 -0.000000 5.555506 -0.000079 -0.116859 -0.000077
3.804000 13.823164 -0.000003 -0.001657 -0.000001 5.555506 -0.000071 -0.116859 -0.000043
3.824000 13.934277 -0.000002 -0.001657 -0.000001 5.555508 0.000019 -0.116859 0.000033
3.844000 14.045389 -0.000002 -0.001657 -0.000001 5.555508 0.000004 -0.116859 0.000019
3.864000 14.156502 -0.000001 -0.001657 -0.000000 5.555509 0.000035 -0.116859 0.000045
3.884000 14.267614 -0.000001 -0.001657 0.000001 5.555510 0.000036 -0.116859 0.000044
3.904000 14.378727 0.000000 -0.001657 0.000002 5.555510 0.000030 -0.116859 0.000023
3.924000 14.489839 0.000000 -0.001657 0.000001 5.555509 -0.000028 -0.116859 -0.000027
3.944000 14.600952 0.000000 -0.001657 0.000001 5.555510 -0.000021 -0.116859 -0.000018
3.964000 14.712064 -0.000000 -0.001657 0.000001 5.555510 -0.000034 -0.116859 -0.000028
3.984000 14.823177 -0.000001 -0.001657 0.000000 5.555510 -0.000036 -0.116859 -0.000029
4.004000 14.934289 -0.000001 -0.001657 -0.000000 5.555510 -0.000033 -0.116859 -0.000015
4.024000 15.045402 -0.000001 -0.001657 0.000000 5.555510 0.000007 -0.116859 0.000017
4.044000 15.156514 -0.000001 -0.001657 0.000000 5.555510 0.000000 -0.116859 0.000010
4.064000 15.267627 -0.000000 -0.001657 0.000001 5.555509 -0.000007 -0.116859 0.000001
4.084000 15.378739 -0.000000 -0.001657 0.000001 5.555509 -0.000005 -0.116859 0.000001
4.104000 15.489852 -0.000000 -0.001657 0.000001 5.555508 -0.000006 -0.116859 -0.000004
4.124000 15.600964 -0.000000 -0.001657 0.000000 5.555507 -0.000023 -0.116859 -0.000017
4.144000 15.712077 -0.000001 -0.001657 0.000000 5.555507 -0.000021 -0.116859 -0.000014
4.164000 15.823189 -0.000001 -0.001657 0.000000 5.555507 -0.000004 -0.116859 0.000004
4.184000 15.934302 -0.000000 -0.001657 0.000000 5.555508 -0.000005 -0.116859 0.000004
4.204000 16.045414 -0.000000 -0.001657 0.000000 5.555508 -0.000004 -0.116859 0.000005
4.224000 16.156527 -0.000000 -0.001657 0.000000 5.555509 0.000002 -0.116859 0.000010
4.244000 16.267639 0.000000 -0.001657 0.000001 5.555509 0.000001 -0.116859 0.000008
4.264000 16.378752 0.000000 -0.001657 0.000001 5.555509 -0.000030 -0.116859 -0.000022
4.284000 16.489864 -0.000000 -0.001657 0.000000 5.555510 -0.000029 -0.116859 -0.000021
4.304000 16.600977 -0.000001 -0.001657 -0.000000 5.555510 -0.000028 -0.116859 -0.000014
4.324000 16.712089 -0.000001 -0.001657 -0.000000 5.555510 -0.000008 -0.116859 0.000003
4.344000 16.823202 -0.000001 -0.001657 -0.000000 5.555510 -0.000013 -0.116859 -0.000001
4.364000 16.934314 -0.000001 -0.001657 0.000000 5.555510 -0.000003 -0.116859 0.000007
4.384000 17.045427 -0.000000 -0.001657 0.000000 5.555510 -0.000004 -0.116859 0.000006
4.404000 17.156539 -0.000000 -0.001657 0.000001 5.555509 -0.000003 -0.116859 0.000006
4.424000 17.267652 0.000000 -0.001657 0.000001 5.555509 0.000000 -0.116859 0.000007
4.444000 17.378764 0.000000 -0.001657 0.000001 5.555508 0.000001 -0.116859 0.000006
4.464000 17.489877 0.000000 -0.001657 0.000001 5.555507 -0.000043 -0.116859 -0.000037
4.484000 17.600989 -0.000000 -0.001657 -0.000000 5.555507 -0.000039 -0.116859 -0.000034
4.504000 17.712102 -0.000001 -0.001657 -0.000001 5.555507 -0.000036 -0.116859 -0.000019
4.524000 17.823214 -0.000001 -0.001657 -0.000001 5.555508 -0.000002 -0.116859 0.000009
4.544000 17.934326 -0.000001 -0.001657 -0.000000 5.555508 -0.000008 -0.116859 0.000005
4.564000 18.045439 -0.000001 -0.001657 -0.000000 5.555509 0.000011 -0.116859 0.000022
4.584000 18.156551 -0.000000 -0.001657 0.000000 5.555510 0.000011 -0.116859 0.000022
4.604000 18.267664 0.000000 -0.001657 0.000001 5.555510 0.000009 -0.116859 0.000013
4.624000 18.378777 0.000000 -0.001657 0.000001 5.555510 -0.000012 -0.116859 -0.000005
4.644000 18.489889 0.000000 -0.001657 0.000001 5.555510 -0.000009 -0.116859 -0.000002
4.664000 18.601002 0.000000 -0.001657 0.000001 5.555510 -0.000034 -0.116859 -0.000027
4.684000 18.712114 -0.000000 -0.001657 0.000000 5.555510 -0.000034 -0.116859 -0.000026
4.704000 18.823227 -0.000001 -0.001657 -0.000000 5.555509 -0.000032 -0.116859 -0.000017
4.724000 18.934339 -0.000001 -0.001657 -0.000000 5.555510 -0.000008 -0.116859 0.000003
4.744000 19.045452 -0.000001 -0.001657 -0.000000 5.555509 -0.000013 -0.116859 -0.000002
4.764000 19.156564 -0.000001 -0.001657 -0.000000 5.555509 0.000000 -0.116859 0.000010
4.784000 19.267677 -0.000000 -0.001657 0.000000 5.555508 0.000000 -0.116859 0.000010
4.804000 19.378731 0.000202 -0.001658 0.000306 5.542350 0.022467 -0.116718 0.020961
4.824000 19.489073 0.003734 -0.001615 0.003918 5.518278 0.187011 -0.108540 0.145623
4.844000 19.599035 0.010270 -0.001545 0.010053 5.497341 0.339348 -0.104934 0.274721
4.864000 19.709088 0.019502 -0.001497 0.018092 5.511478 0.478379 -0.100226 0.402324
4.884000 19.819559 0.030883 -0.001444 0.027611 5.509457 0.593466 -0.101681 0.486047
4.904000 19.930042 0.043775 -0.001530 0.037593 5.522864 0.658848 -0.112741 0.499689
4.924000 20.040520 0.054539 -0.001568 0.043962 5.528645 0.545798 -0.106683 0.320118
4.944000 20.151251 0.062744 -0.001487 0.047112 5.539179 0.414349 -0.098362 0.156380
4.964000 20.262004 0.068367 -0.001426 0.047343 5.533553 0.298801 -0.100997 -0.001307
4.984000 20.372430 0.071574 -0.001521 0.044742 5.519507 0.165685 -0.111302 -0.122284
5.004000 20.482464 0.071934 -0.001565 0.039828 5.488129 0.037268 -0.104717 -0.211003
5.024000 20.591213 0.074993 -0.001561 0.039205 5.440124 0.173453 -0.110430 -0.077268
5.044000 20.699500 0.081063 -0.001581 0.041062 5.413433 0.288175 -0.110612 0.088917
5.064000 20.807143 0.089912 -0.001572 0.045823 5.378805 0.429178 -0.108646 0.231931
5.084000 20.914069 0.101796 -0.001553 0.053152 5.344056 0.587359 -0.107204 0.354500
5.104000 21.020277 0.116728 -0.001530 0.062557 5.297348 0.734180 -0.099978 0.430469
5.124000 21.125623 0.129466 -0.001542 0.067442 5.269978 0.658168 -0.111204 0.244705
5.144000 21.230714 0.139751 -0.001592 0.069284 5.255026 0.531000 -0.112813 0.096406
5.164000 21.335379 0.149027 -0.001607 0.071093 5.207993 0.483543 -0.111933 0.075859
5.184000 21.439220 0.160891 -0.001931 0.076938 5.198315 0.507417 -0.200863 0.151285
5.204000 21.542920 0.174366 -0.003002 0.085366 5.209134 0.567795 -0.269335 0.227548
5.224000 21.645498 0.191269 -0.003923 0.096651 5.196625 0.617815 -0.370397 0.244800
5.244000 21.746660 0.211157 -0.005225 0.109750 5.187899 0.697263 -0.470776 0.236698
5.264000 21.846330 0.234313 -0.007004 0.123591 5.178840 0.806978 -0.561644 0.259281
5.284000 21.945014 0.261922 -0.008481 0.139589 5.131945 0.979123 -0.593651 0.369249
5.304000 22.042891 0.294070 -0.008948 0.158595 5.041188 1.207709 -0.522128 0.519937
5.324000 22.141868 0.321403 -0.004261 0.168974 4.901668 1.311500 -0.064926 0.508954
5.344000 22.239430 0.344427 -0.001301 0.172738 4.903820 1.217272 -0.026712 0.255981
5.364000 22.337400 0.368913 -0.001080 0.177595 4.891043 1.220464 -0.091515 0.230867
5.384000 22.434672 0.394203 -0.001528 0.185641 4.853611 1.241837 -0.150635 0.338061
5.404000 22.531121 0.421096 -0.002439 0.196614 4.844137 1.257948 -0.249738 0.424925
5.424000 22.624652 0.451432 -0.002889 0.210121 4.656662 1.454382 -0.201864 0.530989
5.444000 22.714431 0.486060 -0.002429 0.225371 4.479690 1.621530 -0.188871 0.597890
5.464000 22.803759 0.522659 -0.002522 0.239737 4.480175 1.812836 -0.148415 0.655722
5.484000 22.895251 0.561626 -0.001686 0.252698 4.565819 1.953471 -0.078223 0.671476
5.504000 22.988821 0.600954 -0.001347 0.264588 4.672048 1.950653 -0.093831 0.595040
5.524000 23.081830 0.638443 -0.001439 0.272198 4.649341 1.872489 -0.107131 0.416495
5.544000 23.174437 0.674093 -0.001529 0.275979 4.631703 1.785136 -0.112282 0.234965
5.564000 23.266106 0.709234 -0.001590 0.279692 4.564969 1.791469 -0.110916 0.247594
5.584000 23.356772 0.747141 -0.001488 0.288453 4.527549 1.904136 -0.096903 0.439252
5.604000 23.447582 0.786980 -0.001439 0.300410 4.526699 1.988878 -0.099427 0.601942
5.624000 23.538917 0.830237 -0.001420 0.313376 4.537413 2.185122 -0.095511 0.668290
5.644000 23.630937 0.877391 -0.001415 0.327296 4.576273 2.371852 -0.103761 0.717104
5.664000 23.723213 0.925387 -0.001534 0.339826 4.601539 2.385486 -0.112795 0.613634
5.684000 23.815439 0.971066 -0.001603 0.347795 4.613567 2.293590 -0.114256 0.414247
5.704000 23.907944 1.014869 -0.001621 0.351753 4.616276 2.200970 -0.113480 0.214986
5.724000 24.000359 1.056728 -0.001540 0.350896 4.625126 2.086076 -0.100433 0.026263
5.744000 24.092386 1.096515 -0.001439 0.346289 4.603880 1.989392 -0.099994 -0.159549
5.764000 24.183415 1.135634 -0.001512 0.341945 4.546102 1.984317 -0.111486 -0.160075
5.784000 24.272439 1.177143 -0.001520 0.343091 4.442060 2.090872 -0.100985 0.062511
5.804000 24.360092 1.220572 -0.001444 0.348347 4.372302 2.183875 -0.097894 0.266355
5.824000 24.447820 1.265749 -0.001438 0.357165 4.370176 2.275408 -0.100502 0.454137
5.844000 24.535496 1.312950 -0.001453 0.369595 4.366316 2.369681 -0.101148 0.645088
5.864000 24.623951 1.361793 -0.001469 0.382500 4.424026 2.435842 -0.107355 0.607195
5.884000 24.715289 1.410179 -0.001541 0.391516 4.560873 2.417930 -0.108645 0.442360
5.904000 24.809271 1.457263 -0.001514 0.397540 4.693992 2.336920 -0.102342 0.297630
5.924000 24.903572 1.502296 -0.001528 0.399325 4.714137 2.257005 -0.110675 0.100712
5.944000 24.998759 1.545525 -0.001585 0.397608 4.754725 2.167255 -0.112061 -0.081380
5.964000 25.094441 1.587892 -0.001583 0.396438 4.753543 2.127985 -0.120461 -0.077949
5.984000 25.188745 1.631727 -0.001870 0.399969 4.753380 2.136291 -0.221356 0.017558
6.004000 25.281763 1.676419 -0.002790 0.406963 4.748155 2.129361 -0.326185 0.106680
6.024000 25.373334 1.721259 -0.004441 0.416525 4.742293 2.119052 -0.431472 0.191794
6.044000 25.463299 1.766332 -0.006584 0.428404 4.737064 2.113078 -0.537589 0.280143
6.064000 25.549217 1.814231 -0.006556 0.443187 4.370917 2.354299 -0.272329 0.520836
6.084000 25.627954 1.867472 -0.003380 0.457894 4.029988 2.592145 -0.123314 0.501163
6.104000 25.704607 1.921190 -0.001973 0.471358 3.902943 2.621698 -0.172023 0.528283
6.124000 25.779170 1.977592 -0.001254 0.486428 3.703716 2.813814 -0.081027 0.800577
6.144000 25.854265 2.036762 -0.001224 0.503362 3.762565 2.962986 -0.094359 0.864637
6.164000 25.929934 2.097804 -0.001434 0.522689 3.746919 3.027583 -0.110386 0.997226
6.184000 26.004535 2.158711 -0.001571 0.545308 3.701378 3.035685 -0.114112 1.119820
6.204000 26.078134 2.219946 -0.001583 0.570134 3.678071 3.042232 -0.111368 1.228981
6.224000 26.150555 2.284054 -0.001567 0.594654 3.608779 3.199739 -0.107153 1.274775
6.244000 26.221419 2.351095 -0.001552 0.620019 3.539121 3.349086 -0.109503 1.322039
6.264000 26.292345 2.419507 -0.001577 0.642571 3.576108 3.394384 -0.107393 1.091586
6.284000 26.365702 2.487399 -0.001477 0.658334 3.672732 3.383698 -0.098780 0.790344
6.304000 26.440950 2.555280 -0.001465 0.669518 3.766725 3.379039 -0.103560 0.551248
6.324000 26.516974 2.621144 -0.001535 0.676296 3.804586 3.296650 -0.111759 0.351652
6.344000 26.593785 2.685174 -0.001596 0.678921 3.842355 3.206033 -0.113325 0.143890
6.364000 26.670272 2.748555 -0.001611 0.680687 3.808158 3.176140 -0.113541 0.146795
6.384000 26.744429 2.814645 -0.001603 0.685996 3.714114 3.317557 -0.110604 0.246324
6.404000 26.817003 2.883564 -0.001578 0.693210 3.628076 3.449891 -0.108954 0.345495
6.424000 26.889362 2.955543 -0.001548 0.702298 3.622827 3.602629 -0.106123 0.455994
6.444000 26.961443 3.030491 -0.001528 0.713480 3.592469 3.751416 -0.106010 0.558745
6.464000 27.033818 3.106736 -0.001530 0.724039 3.642159 3.781604 -0.106938 0.473402
6.484000 27.109635 3.181534 -0.001479 0.729830 3.810346 3.730340 -0.099610 0.286523
6.504000 27.188669 3.255660 -0.001441 0.732403 3.975141 3.702679 -0.098250 0.118883
6.524000 27.269363 3.328098 -0.001472 0.730553 4.036623 3.621843 -0.107120 -0.093426
6.544000 27.352065 3.398725 -0.001531 0.725425 4.152277 3.531491 -0.107166 -0.248031
6.564000 27.435656 3.468379 -0.001532 0.721490 4.178391 3.498597 -0.138543 -0.227525
6.584000 27.517319 3.538496 -0.002265 0.721983 4.177566 3.489903 -0.245847 -0.137286
6.604000 27.597527 3.607941 -0.003568 0.724960 4.104937 3.414085 -0.277587 -0.039313
6.624000 27.675638 3.676997 -0.004196 0.731452 4.069686 3.378931 -0.316476 0.063788
6.644000 27.752301 3.745891 -0.004493 0.741278 4.008733 3.321132 -0.314735 0.208951
6.664000 27.827638 3.814595 -0.004550 0.754385 3.949388 3.287628 -0.307860 0.368969
6.684000 27.901694 3.883556 -0.004348 0.770807 3.885405 3.297596 -0.290512 0.551298
6.704000 27.974803 3.953594 -0.003998 0.790429 3.821613 3.345888 -0.255699 0.746663
6.724000 28.046993 4.025194 -0.003459 0.812830 3.744509 3.426004 -0.200963 0.952596
6.744000 28.117665 4.097878 -0.002618 0.837302 3.600891 3.482474 -0.131997 1.027983
6.764000 28.186640 4.170559 -0.001716 0.863510 3.463933 3.532848 -0.074433 1.189347
6.784000 28.254138 4.241924 -0.001264 0.892868 3.380219 3.529915 -0.083703 1.372979
6.804000 28.320142 4.313329 -0.001367 0.925267 3.304950 3.548743 -0.104950 1.557384
6.824000 28.382928 4.387171 -0.001531 0.957632 3.141409 3.672476 -0.112107 1.545317
6.844000 28.442019 4.463248 -0.001564 0.989811 2.958347 3.782577 -0.107468 1.542033
6.864000 28.497160 4.541191 -0.001532 1.021341 2.761528 3.884312 -0.103448 1.516905
6.884000 28.548289 4.621129 -0.001502 1.051700 2.564587 3.992686 -0.102370 1.473154
6.904000 28.595520 4.703047 -0.001492 1.081044 2.370149 4.090117 -0.103692 1.426088
6.924000 28.638907 4.786736 -0.001580 1.108512 2.186195 4.180581 -0.116063 1.349436
6.944000 28.678413 4.872363 -0.001713 1.134903 1.998611 4.278889 -0.125157 1.289479
6.964000 28.713830 4.959863 -0.001655 1.160316 1.773604 4.363112 -0.096717 1.295016
6.984000 28.745027 5.049369 -0.001341 1.185212 1.565473 4.468869 -0.083678 1.274715
7.004000 28.772810 5.140732 -0.001306 1.209087 1.398036 4.554379 -0.093984 1.208613
7.024000 28.800881 5.231647 -0.001457 1.228081 1.397392 4.526837 -0.108294 0.941224
7.044000 28.829945 5.323207 -0.001549 1.242369 1.456278 4.565965 -0.111224 0.728750
7.064000 28.860937 5.414094 -0.001562 1.252340 1.556746 4.524881 -0.107713 0.514480
7.084000 28.894361 5.502549 -0.001545 1.257893 1.667513 4.427393 -0.107110 0.296049
7.104000 28.929598 5.589333 -0.001537 1.259391 1.753562 4.335334 -0.108295 0.109803
7.124000 28.966278 5.674648 -0.001752 1.257213 1.825314 4.264355 -0.125525 -0.056712
7.144000 29.004231 5.757907 -0.001925 1.251178 1.867328 4.155410 -0.153802 -0.242608
7.164000 29.042877 5.840102 -0.002321 1.242144 1.877890 4.123347 -0.182316 -0.393046
7.184000 29.082513 5.922901 -0.002671 1.230751 1.920228 4.134500 -0.195065 -0.511344
7.204000 29.124507 6.005569 -0.002676 1.218101 2.032279 4.153180 -0.193115 -0.547010
7.224000 29.171592 6.087874 -0.001821 1.204455 2.341373 4.102365 -0.081635 -0.736133
7.244000 29.222027 6.170939 -0.001658 1.188925 2.499653 4.148038 -0.117904 -0.796270
7.264000 29.273321 6.254034 -0.001546 1.173998 2.534880 4.143412 -0.108164 -0.730880
7.284000 29.321986 6.337663 -0.001581 1.163139 2.444538 4.176489 -0.112812 -0.546624
7.304000 29.368897 6.422766 -0.001611 1.155358 2.353620 4.249026 -0.113467 -0.399200
7.324000 29.414246 6.510305 -0.001607 1.149819 2.261591 4.367641 -0.111248 -0.289568
7.344000 29.458118 6.600217 -0.001583 1.146656 2.189698 4.486625 -0.109315 -0.166913
7.364000 29.500553 6.691090 -0.001574 1.146756 2.121600 4.522645 -0.111615 -0.003701
7.384000 29.541040 6.781316 -0.001608 1.150718 2.031200 4.510967 -0.113916 0.178841
7.404000 29.579602 6.871253 -0.001625 1.158377 1.937189 4.497558 -0.114103 0.363489
7.424000 29.616257 6.960896 -0.001626 1.169743 1.842604 4.483494 -0.113419 0.549417
7.444000 29.651033 7.050238 -0.001618 1.184819 1.748370 4.468582 -0.112577 0.735689
7.464000 29.683948 7.139255 -0.001607 1.203600 1.654575 4.452376 -0.111743 0.922145
7.484000 29.715004 7.227916 -0.001596 1.226087 1.561488 4.434412 -0.110774 1.109604
7.504000 29.743862 7.316312 -0.001581 1.251743 1.449376 4.425536 -0.109169 1.267849
7.524000 29.768564 7.406539 -0.001538 1.276389 1.247967 4.500887 -0.104227 1.247276
7.544000 29.789353 7.498264 -0.001506 1.300539 1.051691 4.575238 -0.104060 1.223101
7.564000 29.806258 7.591074 -0.001510 1.324274 0.858150 4.626512 -0.106978 1.196960
7.584000 29.819280 7.684198 -0.001549 1.348063 0.664499 4.637261 -0.109175 1.207348
7.604000 29.828358 7.777385 -0.001551 1.372292 0.466424 4.640297 -0.107118 1.228261
7.624000 29.833500 7.869582 -0.001527 1.398026 0.268329 4.606942 -0.104547 1.288315
7.644000 29.834719 7.961085 -0.001499 1.424949 0.070956 4.571347 -0.102575 1.350105
7.664000 29.832895 8.053340 -0.001501 1.451305 -0.066822 4.624957 -0.109492 1.298543
7.684000 29.830281 8.148149 -0.001574 1.473549 -0.116550 4.734477 -0.111953 1.112146
7.704000 29.825713 8.244950 -0.001600 1.492911 -0.228603 4.821351 -0.113222 0.983015
7.724000 29.816826 8.342270 -0.001560 1.512528 -0.433226 4.850698 -0.104532 0.991532
7.744000 29.804037 8.440245 -0.001501 1.532395 -0.631306 4.888814 -0.102577 0.996564
7.764000 29.789778 8.537776 -0.001477 1.550393 -0.705016 4.859243 -0.117665 0.907092
7.784000 29.777531 8.633529 -0.001728 1.564596 -0.664755 4.777995 -0.156977 0.796143
7.804000 29.766488 8.727347 -0.002224 1.575719 -0.624922 4.677117 -0.182794 0.650268
7.824000 29.757774 8.818719 -0.002378 1.583596 -0.516601 4.574562 -0.186677 0.526202
7.844000 29.751629 8.907641 -0.002538 1.589118 -0.391357 4.455180 -0.203016 0.445967
7.864000 29.747717 8.994558 -0.002764 1.592111 -0.313685 4.370483 -0.235178 0.351699
7.884000 29.746085 9.079804 -0.003634 1.592806 -0.279048 4.312511 -0.338933 0.313877
7.904000 29.746546 9.163714 -0.004859 1.590849 -0.256902 4.287923 -0.438393 0.250520
7.924000 29.749254 9.246339 -0.006381 1.586234 -0.213661 4.273586 -0.539941 0.207252
7.944000 29.754759 9.327850 -0.007999 1.579071 -0.108240 4.241187 -0.591308 0.124353
7.964000 29.763998 9.408102 -0.008783 1.568476 0.055671 4.183246 -0.578259 -0.026874
7.984000 29.777097 9.487149 -0.008881 1.554850 0.242929 4.127695 -0.562049 -0.158181
8.004000 29.793895 9.565104 -0.008796 1.538955 0.422629 4.075620 -0.557675 -0.273868
8.024000 29.813786 9.641949 -0.008778 1.520625 0.575664 4.020567 -0.561187 -0.403691
8.044000 29.836890 9.717543 -0.008850 1.500033 0.749051 3.957856 -0.566398 -0.510313
8.064000 29.863605 9.793239 -0.008948 1.478441 0.936953 3.941587 -0.568964 -0.570729
8.084000 29.893725 9.869960 -0.008986 1.455958 1.093069 3.962103 -0.567982 -0.651224
8.104000 29.926961 9.947046 -0.009038 1.431882 1.253772 3.995905 -0.576629 -0.746263
8.124000 29.966171 10.024925 -0.006144 1.406024 2.071208 3.772796 0.042619 -1.494557
8.144000 30.013394 10.101816 -0.000553 1.374018 2.265099 3.839374 0.056179 -1.533015
8.164000 30.059753 10.179584 0.000718 1.345319 2.303953 3.877522 -0.045927 -1.463892
8.184000 30.105718 10.256953 -0.000252 1.318404 2.302492 3.873181 -0.149845 -1.381680
8.204000 30.150065 10.334022 -0.001654 1.294946 2.180091 3.843570 -0.132825 -1.113966
8.224000 30.191154 10.410566 -0.001664 1.277547 2.073044 3.833173 -0.116826 -0.878891
8.244000 30.230650 10.487131 -0.001678 1.264463 2.000029 3.836423 -0.126330 -0.682646
8.264000 30.268505 10.563724 -0.001762 1.255386 1.916267 3.838252 -0.130644 -0.483194
8.284000 30.304530 10.640376 -0.001833 1.250347 1.831402 3.843160 -0.136234 -0.291823
8.304000 30.338672 10.717059 -0.001907 1.248970 1.735946 3.833648 -0.135908 -0.067356
8.324000 30.372017 10.792952 -0.001805 1.249486 1.676520 3.784347 -0.118959 0.090182
8.344000 30.404922 10.868644 -0.001640 1.252697 1.652864 3.791356 -0.123071 0.232605
8.364000 30.437560 10.944823 -0.001742 1.258716 1.636923 3.814280 -0.128303 0.357789
8.384000 30.469871 11.021422 -0.001808 1.267181 1.624433 3.833614 -0.132660 0.478640
8.404000 30.501919 11.098537 -0.001904 1.278007 1.610182 3.863655 -0.141976 0.551235
8.424000 30.531004 11.177210 -0.002215 1.290497 1.507467 3.924883 -0.194131 0.557038
8.444000 30.557268 11.257091 -0.003021 1.304155 1.414709 3.971972 -0.265647 0.562393
8.464000 30.582181 11.336585 -0.003710 1.318648 1.367058 3.943072 -0.256472 0.705812
8.484000 30.609233 11.415996 -0.003358 1.335169 1.458215 3.991943 -0.219187 0.840041
8.504000 30.638999 11.497173 -0.002948 1.354072 1.593667 4.068206 -0.195113 0.965775
8.524000 30.669908 11.580126 -0.002734 1.373982 1.615928 4.148593 -0.196050 0.985842
8.544000 30.699793 11.664741 -0.002789 1.392529 1.555485 4.228050 -0.206174 0.895359
8.564000 30.728391 11.750977 -0.002866 1.409067 1.495391 4.308237 -0.206730 0.792497
8.584000 30.755747 11.838887 -0.002854 1.423592 1.434161 4.390979 -0.202263 0.693013
8.604000 30.781834 11.928509 -0.002818 1.436229 1.371238 4.475261 -0.200460 0.598389
8.624000 30.806570 12.019836 -0.002805 1.446916 1.309288 4.559687 -0.200165 0.505284
8.644000 30.830150 12.112863 -0.002800 1.455846 1.248886 4.644092 -0.199014 0.413313
8.664000 30.852906 12.207590 -0.002787 1.463398 1.214133 4.728330 -0.196997 0.352329
8.684000 30.875202 12.304014 -0.002773 1.470006 1.186241 4.812229 -0.194947 0.300523
8.704000 30.896991 12.402143 -0.002767 1.475621 1.160169 4.895743 -0.193007 0.251412
8.724000 30.918260 12.501989 -0.002769 1.480221 1.131277 4.978981 -0.190780 0.198641
8.744000 30.938653 12.603286 -0.002539 1.484003 1.090335 5.065100 -0.182417 0.172028
8.764000 30.958504 12.705914 -0.002514 1.487144 1.073403 5.142409 -0.192919 0.148683
8.784000 30.978188 12.810080 -0.002605 1.489836 1.065947 5.219639 -0.196683 0.124156
8.804000 30.997734 12.915820 -0.002624 1.492007 1.060652 5.298795 -0.193638 0.099362
8.824000 31.017333 13.023163 -0.002594 1.493972 1.065609 5.379323 -0.192059 0.091958
8.844000 31.036837 13.132107 -0.002583 1.495606 1.057635 5.460124 -0.192900 0.070401
8.864000 31.056310 13.242637 -0.002583 1.496936 1.064038 5.540771 -0.193465 0.063504
8.884000 31.075959 13.354734 -0.002572 1.498177 1.069014 5.621439 -0.193083 0.054463
8.904000 31.095553 13.468401 -0.002553 1.499078 1.067321 5.702507 -0.192948 0.038677
8.924000 31.115370 13.583628 -0.002534 1.499979 1.083598 5.783344 -0.193503 0.044585
8.944000 31.135276 13.700397 -0.002518 1.500723 1.083784 5.864105 -0.194133 0.031444
8.964000 31.155238 13.818706 -0.002499 1.501272 1.094935 5.945000 -0.194739 0.031206
8.984000 31.175468 13.938540 -0.002477 1.501881 1.105530 6.025808 -0.195563 0.030695
9.004000 31.195704 14.059908 -0.002459 1.502254 1.106437 6.107591 -0.196508 0.019706
9.024000 31.216135 14.182844 -0.002448 1.502608 1.120769 6.190010 -0.197432 0.024072
9.044000 31.236694 14.307337 -0.002429 1.502859 1.125391 6.272353 -0.198093 0.016165
9.064000 31.257331 14.433376 -0.002402 1.502959 1.134696 6.354467 -0.199199 0.013939
9.084000 31.278161 14.560941 -0.002375 1.503042 1.145089 6.436819 -0.200904 0.013130
9.104000 31.299091 14.690023 -0.002351 1.502992 1.152749 6.519640 -0.202984 0.009029
9.124000 31.320290 14.820618 -0.002331 1.502993 1.171083 6.602863 -0.205370 0.017066
9.144000 31.341669 14.952727 -0.002315 1.502919 1.179160 6.686786 -0.207767 0.012915
9.164000 31.363251 15.086366 -0.002304 1.502776 1.196571 6.771330 -0.210206 0.019610
9.184000 31.385218 15.221541 -0.002299 1.502750 1.213511 6.856136 -0.212474 0.025896
9.204000 31.407340 15.358266 -0.002299 1.502547 1.220612 6.941237 -0.214380 0.020330
9.224000 31.429792 15.496548 -0.002301 1.502340 1.239825 7.026319 -0.216154 0.027974
9.244000 31.452534 15.636391 -0.002309 1.502046 1.251546 7.111372 -0.217677 0.025263
9.264000 31.475538 15.777867 -0.002344 1.501479 1.260126 7.198077 -0.218784 0.015326
9.284000 31.498932 15.921060 -0.002392 1.500567 1.275682 7.283021 -0.218917 0.007531
9.304000 31.522913 16.065843 -0.002383 1.499410 1.302264 7.365860 -0.219711 0.005061
9.324000 31.547703 16.212111 -0.002328 1.498187 1.336483 7.447133 -0.222523 0.014921
9.344000 31.573258 16.359850 -0.002290 1.496763 1.362926 7.528898 -0.227634 0.018909
9.364000 31.599744 16.509047 -0.002214 1.494762 1.411713 7.583453 -0.208603 -0.021482
9.384000 31.626615 16.658947 -0.001838 1.492732 1.439508 7.655174 -0.226707 0.003029
9.404000 31.654310 16.810036 -0.001731 1.490774 1.500136 7.698691 -0.211476 -0.025016
9.424000 31.682567 16.961683 -0.001405 1.489024 1.527060 7.767637 -0.230283 0.002807
9.444000 31.711579 17.114592 -0.001387 1.487440 1.556554 7.837488 -0.239052 0.026804
9.464000 31.741140 17.268086 -0.001025 1.485784 1.606186 7.876060 -0.231830 0.008287
9.484000 31.771135 17.422661 -0.001035 1.484473 1.635184 7.941720 -0.243150 0.030473
9.504000 31.802081 17.578206 -0.000823 1.482944 1.686723 7.977754 -0.229705 0.005746
9.524000 31.832860 17.734447 -0.000836 1.481852 1.703115 8.049273 -0.260324 0.030062
9.544000 31.864431 17.891886 -0.000854 1.480607 1.728469 8.116754 -0.258100 0.048212
9.564000 31.896865 18.050327 -0.000649 1.479167 1.786134 8.145531 -0.238986 0.007443
9.584000 31.928615 18.208916 -0.000363 1.478155 1.757997 8.166562 -0.269466 0.029830
9.604000 31.959821 18.367920 -0.000571 1.477588 1.734565 8.203105 -0.275419 0.054937
9.624000 31.991153 18.527949 -0.000787 1.477275 1.749675 8.250283 -0.261072 0.065857
9.644000 32.023695 18.689330 -0.000829 1.476677 1.776313 8.317387 -0.261972 0.085067
9.664000 32.057087 18.851617 -0.000665 1.475790 1.825138 8.352849 -0.257486 0.051371
9.684000 32.090436 19.014857 -0.000755 1.475137 1.840675 8.410418 -0.259031 0.054547
9.704000 32.124657 19.179316 -0.000788 1.474138 1.856614 8.479166 -0.274384 0.072820
9.724000 32.159561 19.344413 -0.000399 1.472796 1.912985 8.496263 -0.246257 0.027809
9.744000 32.193743 19.509691 -0.000333 1.472062 1.885153 8.505802 -0.277523 0.045733
9.764000 32.227631 19.675698 -0.000615 1.471777 1.872705 8.550331 -0.286030 0.068885
9.784000 32.261888 19.842589 -0.000890 1.471502 1.897979 8.591880 -0.264395 0.069921
9.804000 32.297580 20.010777 -0.000890 1.470854 1.938535 8.649762 -0.256466 0.080516
9.824000 32.334150 20.179639 -0.000570 1.469889 1.986224 8.686682 -0.257257 0.048267
9.844000 32.370630 20.349511 -0.000762 1.469143 1.997654 8.741858 -0.267991 0.049147
9.864000 32.408073 20.520310 -0.000715 1.467809 2.029350 8.794747 -0.263359 0.049294
9.884000 32.446312 20.691852 -0.000477 1.466022 2.085144 8.810823 -0.255766 -0.003663
9.904000 32.483746 20.863234 -0.000364 1.464622 2.053770 8.813542 -0.276387 0.010731
9.924000 32.520822 21.035295 -0.000523 1.463798 2.040990 8.857387 -0.279403 0.037588
9.944000 32.558304 21.208197 -0.000825 1.463173 2.073245 8.888941 -0.264131 0.043408
9.964000 32.596805 21.382088 -0.000797 1.462522 2.112290 8.934560 -0.253778 0.049350
9.984000 32.636541 21.557069 -0.000840 1.461559 2.149774 8.989543 -0.264086 0.056858
10.004000 32.677418 21.732540 -0.000470 1.459898 2.216693 9.004925 -0.241330 0.003535
10.024000 32.717959 21.908343 -0.000363 1.458533 2.206331 9.029727 -0.280257 0.015656
10.044000 32.758295 22.084672 -0.000663 1.457489 2.197697 9.068550 -0.282036 0.035964
10.064000 32.799026 22.261570 -0.000656 1.456502 2.231111 9.086870 -0.251903 0.032719
10.084000 32.840765 22.439252 -0.000683 1.455355 2.262462 9.134768 -0.270108 0.041181
10.104000 32.884041 22.617737 -0.000632 1.453518 2.354075 9.136724 -0.226677 -0.027092
10.124000 32.927595 22.796278 -0.000229 1.451652 2.353561 9.174330 -0.269231 -0.005054
10.144000 32.970883 22.975404 -0.000455 1.450222 2.345503 9.209600 -0.281456 0.015642
10.164000 33.014391 23.155035 -0.000738 1.449056 2.373105 9.222998 -0.265369 0.020263
10.184000 33.058733 23.335204 -0.000622 1.447828 2.402085 9.255468 -0.261807 0.027631
10.204000 33.104127 23.516190 -0.000720 1.446267 2.449190 9.292698 -0.262949 0.023367
10.224000 33.151107 23.697780 -0.000565 1.444025 2.530164 9.301916 -0.241357 -0.037706
10.244000 33.198026 23.879305 -0.000328 1.441813 2.529252 9.318773 -0.276823 -0.025892
10.264000 33.244758 24.061186 -0.000531 1.439938 2.526595 9.341065 -0.287467 -0.010257
10.284000 33.291819 24.243472 -0.000710 1.438178 2.560576 9.356347 -0.260598 -0.012576
10.304000 33.339757 24.426343 -0.000622 1.436385 2.587331 9.390836 -0.266647 -0.004081
10.324000 33.388387 24.609765 -0.000602 1.434548 2.623138 9.409279 -0.253673 -0.009375
10.344000 33.437587 24.793565 -0.000577 1.432591 2.643410 9.426726 -0.269972 -0.005235
10.364000 33.487581 24.977563 -0.000593 1.430253 2.673210 9.450323 -0.272029 -0.006336
10.384000 33.538579 25.161938 -0.000651 1.427401 2.728199 9.467322 -0.272334 -0.024880
10.404000 33.590574 25.346693 -0.000613 1.424130 2.770379 9.487540 -0.290675 -0.041059
10.424000 33.642941 25.531310 -0.000560 1.420869 2.788566 9.475439 -0.280374 -0.035793
10.444000 33.695257 25.715520 -0.000403 1.418193 2.797573 9.458726 -0.275169 -0.009113
10.464000 33.747565 25.899636 -0.000492 1.416092 2.798082 9.452193 -0.284896 0.000646
10.484000 33.800392 26.084211 -0.000781 1.413761 2.835551 9.471790 -0.272840 -0.015489
10.504000 33.855238 26.269424 -0.000757 1.410424 2.938252 9.462785 -0.225743 -0.098095
10.524000 33.911010 26.454806 -0.000472 1.406686 2.959315 9.518891 -0.267459 -0.082921
10.544000 33.967177 26.640828 -0.000687 1.402998 3.000025 9.536862 -0.266416 -0.082058
10.564000 34.024350 26.826908 -0.000499 1.398866 3.031082 9.547858 -0.259555 -0.098890
10.584000 34.081886 27.013152 -0.000592 1.393959 3.041933 9.560783 -0.285266 -0.113559
10.604000 34.139960 27.199402 -0.000577 1.388712 3.077732 9.553885 -0.270206 -0.127531
10.624000 34.198603 27.385431 -0.000414 1.383429 3.101619 9.544869 -0.286734 -0.121316
10.644000 34.257726 27.571205 -0.000428 1.378755 3.139874 9.534145 -0.287860 -0.084262
10.664000 34.316799 27.756529 -0.000566 1.374315 3.121080 9.496237 -0.293269 -0.124903
10.684000 34.375053 27.941418 -0.000625 1.368781 3.117304 9.476033 -0.259388 -0.187047
10.704000 34.434035 28.126467 -0.000665 1.362565 3.151469 9.483968 -0.264274 -0.213236
10.724000 34.494323 28.311751 -0.000667 1.355763 3.202672 9.498786 -0.268255 -0.223685
10.744000 34.556419 28.497346 -0.000691 1.348598 3.285546 9.515680 -0.271333 -0.214161
10.764000 34.619535 28.683071 -0.000655 1.340019 3.303550 9.518312 -0.285636 -0.301443
10.784000 34.681396 28.868293 -0.000595 1.328668 3.224198 9.502569 -0.283024 -0.442799
10.804000 34.741017 29.052247 -0.000128 1.316272 3.162953 9.415141 -0.266279 -0.505883
10.824000 34.799652 29.235281 -0.000324 1.304200 3.174734 9.384871 -0.303759 -0.465435
10.844000 34.860069 29.418183 -0.000850 1.293374 3.293552 9.360556 -0.268277 -0.428935
10.864000 34.920816 29.600979 -0.000305 1.282855 3.057402 9.122267 -0.086118 -0.570557
10.884000 34.978442 29.783170 -0.000309 1.272964 2.908814 9.088691 -0.122412 -0.554305
10.904000 35.033109 29.963618 -0.001305 1.262665 2.693234 8.988092 -0.105684 -0.517925
10.924000 35.082940 30.141250 -0.001425 1.252604 2.488469 8.904174 -0.099950 -0.488701
10.944000 35.129472 30.317438 -0.001448 1.242368 2.343427 8.820971 -0.105427 -0.512559
10.964000 35.174861 30.491597 -0.001550 1.229923 2.305663 8.706802 -0.112292 -0.642527
10.984000 35.220504 30.663186 -0.001556 1.214021 2.318780 8.575721 -0.106344 -0.816515
11.004000 35.266376 30.832145 -0.001508 1.194876 2.328396 8.444437 -0.103120 -0.979432
11.024000 35.312317 30.998492 -0.001489 1.172740 2.333526 8.313675 -0.103836 -1.132929
11.044000 35.358221 31.162233 -0.001499 1.147761 2.330310 8.183072 -0.105141 -1.275150
11.064000 35.404240 31.323242 -0.001497 1.119781 2.338977 8.043701 -0.103242 -1.429164
11.084000 35.450556 31.481360 -0.001466 1.088680 2.348624 7.899827 -0.100295 -1.578949
11.104000 35.497121 31.636527 -0.001452 1.054621 2.355331 7.753166 -0.100631 -1.721956
11.124000 35.544037 31.788589 -0.001427 1.017491 2.368700 7.595545 -0.093567 -1.873867
11.144000 35.591442 31.937385 -0.001325 0.977347 2.383699 7.437248 -0.087729 -2.020942
11.164000 35.639719 32.083021 -0.001321 0.935500 2.431584 7.277608 -0.092713 -2.100267
11.184000 35.689088 32.225328 -0.001358 0.892173 2.481290 7.108435 -0.094851 -2.181776
11.204000 35.739518 32.364106 -0.001369 0.847223 2.531528 6.930283 -0.094303 -2.266777
11.224000 35.790939 32.499198 -0.001364 0.800604 2.579467 6.744095 -0.093454 -2.354346
11.244000 35.843296 32.630436 -0.001353 0.752272 2.626563 6.549387 -0.092090 -2.444246
11.264000 35.896593 32.757657 -0.001325 0.702193 2.675120 6.353498 -0.089945 -2.530880
11.284000 35.950819 32.880931 -0.001329 0.650537 2.722840 6.160922 -0.091820 -2.605765
11.304000 36.005916 33.000296 -0.001348 0.597616 2.773843 5.969235 -0.094844 -2.670977
11.324000 36.061475 33.115821 -0.001428 0.544022 2.801676 5.784277 -0.105183 -2.700423
11.344000 36.117249 33.227464 -0.001530 0.489961 2.811359 5.594122 -0.110251 -2.722322
11.364000 36.173161 33.335133 -0.001565 0.435529 2.819188 5.398143 -0.109682 -2.734955
11.384000 36.229046 33.438861 -0.001568 0.380945 2.820642 5.202460 -0.109531 -2.735131
11.404000 36.284365 33.538682 -0.001572 0.325947 2.776265 5.007730 -0.110082 -2.772939
11.424000 36.338547 33.634598 -0.001576 0.270152 2.719685 4.812516 -0.110221 -2.810087
11.444000 36.391436 33.726601 -0.001576 0.213703 2.656912 4.616832 -0.110013 -2.838632
11.464000 36.442872 33.814691 -0.001574 0.156742 2.587881 4.420900 -0.109681 -2.858819
11.484000 36.492746 33.898865 -0.001569 0.099454 2.513474 4.224702 -0.109230 -2.870686
11.504000 36.541019 33.979121 -0.001562 0.042067 2.432574 4.028182 -0.108603 -2.875986
11.524000 36.587569 34.055456 -0.001553 -0.015288 2.345611 3.831380 -0.107803 -2.874903
11.544000 36.632274 34.127866 -0.001542 -0.072494 2.252633 3.634225 -0.106773 -2.868235
11.564000 36.675017 34.196349 -0.001527 -0.129450 2.153625 3.436687 -0.105477 -2.856753
11.584000 36.715678 34.260903 -0.001509 -0.186069 2.048542 3.238736 -0.103878 -2.841247
11.604000 36.754138 34.321524 -0.001487 -0.242281 1.937312 3.040324 -0.101918 -2.822549
11.624000 36.790276 34.378211 -0.001459 -0.298032 1.819823 2.841362 -0.099501 -2.801552
11.644000 36.823971 34.430960 -0.001425 -0.353282 1.695928 2.641713 -0.096485 -2.779207
11.664000 36.855096 34.479769 -0.001383 -0.408008 1.565474 2.441107 -0.092646 -2.756601
11.684000 36.883526 34.524637 -0.001329 -0.462201 1.428132 2.238666 -0.088023 -2.735680
11.704000 36.909227 34.565746 -0.001327 -0.515649 1.290568 2.046659 -0.092770 -2.703302
11.724000 36.932532 34.603830 -0.001448 -0.567408 1.180610 1.914542 -0.110000 -2.599726
11.744000 36.954521 34.640706 -0.001576 -0.615106 1.123612 1.874442 -0.115120 -2.371829
11.764000 36.975254 34.676494 -0.001630 -0.658548 1.047728 1.802043 -0.116359 -2.181843
11.784000 36.994013 34.710212 -0.001649 -0.698930 0.946138 1.690183 -0.116688 -2.037105
11.804000 37.010555 34.741592 -0.001654 -0.736626 0.836787 1.574214 -0.116742 -1.901649
11.824000 37.025107 34.770919 -0.001656 -0.771212 0.740694 1.477116 -0.116809 -1.740543
11.844000 37.037931 34.798480 -0.001656 -0.802255 0.654445 1.391969 -0.116808 -1.559018
11.864000 37.049007 34.824257 -0.001657 -0.829787 0.566618 1.301112 -0.116820 -1.386022
11.884000 37.058138 34.848072 -0.001657 -0.854093 0.465187 1.200171 -0.116822 -1.229577
11.904000 37.065207 34.869830 -0.001657 -0.875335 0.362816 1.097262 -0.116820 -1.075576
11.924000 37.070310 34.889621 -0.001657 -0.893378 0.266963 1.000417 -0.116829 -0.912338
11.944000 37.073534 34.907522 -0.001657 -0.908098 0.172820 0.906234 -0.116829 -0.745868
11.964000 37.074774 34.923454 -0.001657 -0.919646 0.070282 0.805297 -0.116827 -0.591839
11.984000 37.073993 34.937384 -0.001657 -0.928101 -0.030121 0.706715 -0.116842 -0.434397
12.004000 37.071496 34.949342 -0.001657 -0.933568 -0.128782 0.606522 -0.116806 -0.282059
12.024000 37.068465 34.959160 -0.001656 -0.937024 -0.157818 0.492616 -0.116645 -0.198295
12.044000 37.065399 34.966704 -0.001655 -0.939381 -0.173086 0.384648 -0.116683 -0.112553
12.064000 37.063258 34.972241 -0.001655 -0.941093 -0.108961 0.287949 -0.116747 -0.092668
12.084000 37.061893 34.975759 -0.001655 -0.942052 -0.089447 0.180649 -0.116715 -0.045937
12.104000 37.060716 34.977373 -0.001655 -0.942186 -0.058783 0.078676 -0.116726 -0.004501
12.124000 37.060236 34.977867 -0.001655 -0.942128 -0.022998 0.022787 -0.116727 0.002861
12.144000 37.059999 34.978179 -0.001656 -0.942148 -0.016920 0.022868 -0.116747 0.000894
12.164000 37.059819 34.978467 -0.001656 -0.942154 -0.012557 0.019674 -0.116759 -0.001274
12.184000 37.059669 34.978688 -0.001656 -0.942168 -0.008493 0.016177 -0.116764 -0.003453
12.204000 37.059562 34.978856 -0.001656 -0.942180 -0.003983 0.013261 -0.116766 -0.005181
12.224000 37.059494 34.978969 -0.001656 -0.942192 0.000192 0.010095 -0.116767 -0.007128
12.244000 37.059465 34.979028 -0.001656 -0.942203 0.004385 0.007053 -0.116768 -0.008972
12.264000 37.059475 34.979034 -0.001656 -0.942215 0.008531 0.004075 -0.116769 -0.010798
12.284000 37.059521 34.978988 -0.001656 -0.942225 0.011526 0.001185 -0.116771 -0.012049
12.304000 37.059573 34.978910 -0.001656 -0.942231 0.011559 0.000559 -0.116773 -0.011846
12.324000 37.059629 34.978835 -0.001656 -0.942231 0.011625 0.000864 -0.116774 -0.011545
12.344000 37.059683 34.978761 -0.001657 -0.942231 0.011517 0.000833 -0.116775 -0.011613
12.364000 37.059736 34.978687 -0.001657 -0.942231 0.011536 0.000820 -0.116775 -0.011616
12.384000 37.059790 34.978613 -0.001657 -0.942231 0.011535 0.000827 -0.116775 -0.011602
12.404000 37.059844 34.978538 -0.001657 -0.942231 0.011528 0.000824 -0.116775 -0.011601
12.424000 37.059898 34.978464 -0.001657 -0.942231 0.011525 0.000823 -0.116775 -0.011597
12.444000 37.059952 34.978390 -0.001657 -0.942231 0.011521 0.000822 -0.116775 -0.011592
12.464000 37.060006 34.978316 -0.001657 -0.942231 0.011517 0.000821 -0.116775 -0.011588
12.484000 37.060060 34.978242 -0.001657 -0.942231 0.011513 0.000820 -0.116775 -0.011584
12.504000 37.060114 34.978168 -0.001657 -0.942231 0.011509 0.000819 -0.116775 -0.011580
12.524000 37.060167 34.978094 -0.001657 -0.942231 0.011505 0.000819 -0.116775 -0.011576
12.544000 37.060221 34.978020 -0.001657 -0.942231 0.011501 0.000818 -0.116775 -0.011571
12.564000 37.060275 34.977946 -0.001657 -0.942231 0.011497 0.000817 -0.116775 -0.011567
12.584000 37.060329 34.977872 -0.001657 -0.942231 0.011493 0.000816 -0.116775 -0.011563
12.604000 37.060382 34.977798 -0.001657 -0.942231 0.011489 0.000815 -0.116775 -0.011559
12.624000 37.060436 34.977724 -0.001657 -0.942231 0.011485 0.000814 -0.116775 -0.011555
12.644000 37.060490 34.977650 -0.001657 -0.942231 0.011481 0.000813 -0.116775 -0.011550
12.664000 37.060544 34.977576 -0.001657 -0.942231 0.011477 0.000812 -0.116775 -0.011546
12.684000 37.060597 34.977503 -0.001657 -0.942231 0.011473 0.000811 -0.116775 -0.011542
12.704000 37.060651 34.977429 -0.001657 -0.942231 0.011469 0.000810 -0.116775 -0.011538
12.724000 37.060705 34.977355 -0.001657 -0.942231 0.011465 0.000810 -0.116775 -0.011534
12.744000 37.060758 34.977281 -0.001657 -0.942231 0.011461 0.000809 -0.116775 -0.011529
12.764000 37.060812 34.977207 -0.001657 -0.942231 0.011457 0.000808 -0.116775 -0.011525
12.784000 37.060865 34.977134 -0.001657 -0.942231 0.011453 0.000807 -0.116775 -0.011521
12.804000 37.060919 34.977060 -0.001657 -0.942231 0.011449 0.000806 -0.116776 -0.011517
12.824000 37.060973 34.976986 -0.001657 -0.942231 0.011445 0.000805 -0.116776 -0.011513
12.844000 37.061026 34.976913 -0.001657 -0.942231 0.011441 0.000804 -0.116776 -0.011509
12.864000 37.061080 34.976839 -0.001657 -0.942231 0.011437 0.000803 -0.116776 -0.011504
12.884000 37.061133 34.976765 -0.001657 -0.942231 0.011433 0.000802 -0.116776 -0.011500
12.904000 37.061187 34.976692 -0.001657 -0.942231 0.011429 0.000802 -0.116776 -0.011496
12.924000 37.061240 34.976618 -0.001657 -0.942231 0.011425 0.000801 -0.116776 -0.011492
12.944000 37.061294 34.976544 -0.001657 -0.942231 0.011421 0.000800 -0.116776 -0.011488
12.964000 37.061347 34.976471 -0.001657 -0.942231 0.011417 0.000799 -0.116776 -0.011483
12.984000 37.061401 34.976397 -0.001657 -0.942231 0.011413 0.000798 -0.116776 -0.011479
13.004000 37.061454 34.976324 -0.001657 -0.942231 0.011409 0.000797 -0.116776 -0.011475
13.024000 37.061508 34.976250 -0.001657 -0.942231 0.011405 0.000796 -0.116776 -0.011471
13.044000 37.061561 34.976177 -0.001657 -0.942231 0.011401 0.000795 -0.116776 -0.011467
13.064000 37.061615 34.976103 -0.001657 -0.942231 0.011397 0.000794 -0.116776 -0.011463
13.084000 37.061668 34.976030 -0.001657 -0.942231 0.011393 0.000794 -0.116776 -0.011458
13.104000 37.061721 34.975956 -0.001657 -0.942231 0.011389 0.000793 -0.116776 -0.011454
13.124000 37.061775 34.975883 -0.001657 -0.942231 0.011385 0.000792 -0.116776 -0.011450
13.144000 37.061828 34.975809 -0.001657 -0.942231 0.011381 0.000791 -0.116776 -0.011446
13.164000 37.061881 34.975736 -0.001657 -0.942231 0.011377 0.000790 -0.116776 -0.011442
13.184000 37.061935 34.975663 -0.001657 -0.942231 0.011373 0.000789 -0.116776 -0.011438
13.204000 37.061988 34.975589 -0.001657 -0.942231 0.011369 0.000788 -0.116776 -0.011433
13.224000 37.062041 34.975516 -0.001657 -0.942231 0.011365 0.000787 -0.116776 -0.011429
13.244000 37.062095 34.975443 -0.001657 -0.942231 0.011361 0.000786 -0.116776 -0.011425
13.264000 37.062148 34.975370 -0.001657 -0.942231 0.011357 0.000786 -0.116776 -0.011421
13.284000 37.062201 34.975296 -0.001657 -0.942231 0.011353 0.000785 -0.116776 -0.011417
13.304000 37.062254 34.975223 -0.001657 -0.942231 0.011349 0.000784 -0.116776 -0.011413
13.324000 37.062308 34.975150 -0.001657 -0.942231 0.011345 0.000783 -0.116776 -0.011408
13.344000 37.062361 34.975077 -0.001657 -0.942231 0.011341 0.000782 -0.116776 -0.011404
13.364000 37.062414 34.975003 -0.001657 -0.942231 0.011337 0.000781 -0.116776 -0.011400
13.384000 37.062467 34.974930 -0.001657 -0.942231 0.011333 0.000780 -0.116776 -0.011396
13.404000 37.062520 34.974857 -0.001657 -0.942231 0.011329 0.000779 -0.116776 -0.011392
13.424000 37.062573 34.974784 -0.001657 -0.942231 0.011325 0.000778 -0.116776 -0.011388
13.444000 37.062627 34.974711 -0.001657 -0.942231 0.011321 0.000778 -0.116776 -0.011384
13.464000 37.062680 34.974638 -0.001657 -0.942231 0.011317 0.000777 -0.116777 -0.011379
13.484000 37.062733 34.974565 -0.001657 -0.942231 0.011313 0.000776 -0.116777 -0.011375
13.504000 37.062786 34.974492 -0.001657 -0.942231 0.011309 0.000775 -0.116777 -0.011371
13.524000 37.062839 34.974419 -0.001657 -0.942231 0.011306 0.000774 -0.116777 -0.011367
13.544000 37.062892 34.974346 -0.001657 -0.942231 0.011302 0.000773 -0.116777 -0.011363
13.564000 37.062945 34.974273 -0.001657 -0.942231 0.011298 0.000772 -0.116777 -0.011359
13.584000 37.062998 34.974200 -0.001657 -0.942231 0.011294 0.000771 -0.116777 -0.011355
13.604000 37.063051 34.974127 -0.001657 -0.942231 0.011290 0.000770 -0.116777 -0.011350
13.624000 37.063104 34.974054 -0.001657 -0.942231 0.011286 0.000770 -0.116777 -0.011346
13.644000 37.063157 34.973981 -0.001657 -0.942231 0.011282 0.000769 -0.116777 -0.011342
13.664000 37.063210 34.973908 -0.001657 -0.942231 0.011278 0.000768 -0.116777 -0.011338
13.684000 37.063263 34.973835 -0.001657 -0.942231 0.011274 0.000767 -0.116777 -0.011334
13.704000 37.063316 34.973763 -0.001657 -0.942231 0.011270 0.000766 -0.116777 -0.011330
13.724000 37.063369 34.973690 -0.001657 -0.942231 0.011266 0.000765 -0.116777 -0.011326
13.744000 37.063422 34.973617 -0.001657 -0.942231 0.011262 0.000764 -0.116777 -0.011321
13.764000 37.063475 34.973544 -0.001657 -0.942231 0.011258 0.000763 -0.116777 -0.011317
13.784000 37.063528 34.973471 -0.001657 -0.942231 0.011254 0.000763 -0.116777 -0.011313
13.804000 37.063580 34.973399 -0.001657 -0.942231 0.011250 0.000762 -0.116777 -0.011309
13.824000 37.063633 34.973326 -0.001657 -0.942231 0.011246 0.000761 -0.116777 -0.011305
13.844000 37.063686 34.973253 -0.001657 -0.942231 0.011242 0.000760 -0.116777 -0.011301
13.864000 37.063739 34.973181 -0.001657 -0.942231 0.011238 0.000759 -0.116777 -0.011297
13.884000 37.063792 34.973108 -0.001657 -0.942231 0.011234 0.000758 -0.116777 -0.011293
13.904000 37.063845 34.973035 -0.001657 -0.942231 0.011231 0.000757 -0.116777 -0.011288
13.924000 37.063897 34.972963 -0.001657 -0.942231 0.011227 0.000756 -0.116777 -0.011284
13.944000 37.063950 34.972890 -0.001657 -0.942231 0.011223 0.000755 -0.116777 -0.011280
13.964000 37.064003 34.972817 -0.001657 -0.942231 0.011219 0.000755 -0.116777 -0.011276
13.984000 37.064056 34.972745 -0.001657 -0.942231 0.011215 0.000754 -0.116777 -0.011272
14.004000 37.064108 34.972672 -0.001657 -0.942231 0.011211 0.000753 -0.116777 -0.011268
14.024000 37.064161 34.972600 -0.001657 -0.942231 0.011207 0.000752 -0.116777 -0.011264
14.044000 37.064214 34.972527 -0.001657 -0.942231 0.011203 0.000751 -0.116777 -0.011260
14.064000 37.064267 34.972455 -0.001657 -0.942231 0.011199 0.000750 -0.116777 -0.011255
14.084000 37.064319 34.972382 -0.001657 -0.942231 0.011195 0.000749 -0.116777 -0.011251
14.104000 37.064372 34.972310 -0.001657 -0.942231 0.011191 0.000748 -0.116777 -0.011247
14.124000 37.064424 34.972238 -0.001657 -0.942231 0.011187 0.000748 -0.116778 -0.011243
14.144000 37.064477 34.972165 -0.001657 -0.942231 0.011183 0.000747 -0.116778 -0.011239
14.164000 37.064530 34.972093 -0.001657 -0.942231 0.011179 0.000746 -0.116778 -0.011235
14.184000 37.064582 34.972020 -0.001657 -0.942231 0.011175 0.000745 -0.116778 -0.011231
14.204000 37.064635 34.971948 -0.001657 -0.942231 0.011172 0.000744 -0.116778 -0.011227
14.224000 37.064687 34.971876 -0.001657 -0.942231 0.011168 0.000743 -0.116778 -0.011223
14.244000 37.064740 34.971803 -0.001657 -0.942231 0.011164 0.000742 -0.116778 -0.011218
14.264000 37.064793 34.971731 -0.001657 -0.942231 0.011160 0.000741 -0.116778 -0.011214
14.284000 37.064845 34.971659 -0.001657 -0.942231 0.011156 0.000741 -0.116778 -0.011210
14.304000 37.064898 34.971587 -0.001657 -0.942231 0.011152 0.000740 -0.116778 -0.011206
14.324000 37.064950 34.971514 -0.001657 -0.942231 0.011148 0.000739 -0.116778 -0.011202
14.344000 37.065003 34.971442 -0.001657 -0.942231 0.011144 0.000738 -0.116778 -0.011198
14.364000 37.065055 34.971370 -0.001657 -0.942231 0.011140 0.000737 -0.116778 -0.011194
14.384000 37.065108 34.971298 -0.001657 -0.942231 0.011136 0.000736 -0.116778 -0.011190
14.404000 37.065160 34.971226 -0.001657 -0.942231 0.011132 0.000735 -0.116778 -0.011186
14.424000 37.065212 34.971154 -0.001657 -0.942230 0.011128 0.000734 -0.116778 -0.011181
14.444000 37.065265 34.971081 -0.001657 -0.942230 0.011125 0.000734 -0.116778 -0.011177
14.464000 37.065317 34.971009 -0.001657 -0.942230 0.011121 0.000733 -0.116778 -0.011173
14.484000 37.065370 34.970937 -0.001657 -0.942230 0.011117 0.000732 -0.116778 -0.011169
14.504000 37.065422 34.970865 -0.001657 -0.942230 0.011113 0.000731 -0.116778 -0.011165
14.524000 37.065474 34.970793 -0.001657 -0.942230 0.011109 0.000730 -0.116778 -0.011161
14.544000 37.065527 34.970721 -0.001657 -0.942230 0.011105 0.000729 -0.116778 -0.011157
14.564000 37.065579 34.970649 -0.001657 -0.942230 0.011101 0.000728 -0.116778 -0.011153
14.584000 37.065631 34.970577 -0.001657 -0.942230 0.011097 0.000727 -0.116778 -0.011149
14.604000 37.065684 34.970505 -0.001657 -0.942230 0.011093 0.000727 -0.116778 -0.011145
14.624000 37.065736 34.970433 -0.001657 -0.942230 0.011089 0.000726 -0.116778 -0.011141
14.644000 37.065788 34.970362 -0.001657 -0.942230 0.011085 0.000725 -0.116778 -0.011136
14.664000 37.065840 34.970290 -0.001657 -0.942230 0.011082 0.000724 -0.116778 -0.011132
14.684000 37.065893 34.970218 -0.001657 -0.942230 0.011078 0.000723 -0.116778 -0.011128
14.704000 37.065945 34.970146 -0.001657 -0.942230 0.011074 0.000722 -0.116778 -0.011124
14.724000 37.065997 34.970074 -0.001657 -0.942230 0.011070 0.000721 -0.116778 -0.011120
14.744000 37.066049 34.970002 -0.001657 -0.942230 0.011066 0.000720 -0.116778 -0.011116
14.764000 37.066102 34.969930 -0.001657 -0.942230 0.011062 0.000720 -0.116778 -0.011112
14.784000 37.066154 34.969859 -0.001657 -0.942230 0.011058 0.000719 -0.116778 -0.011108
14.804000 37.066206 34.969787 -0.001657 -0.942230 0.011054 0.000718 -0.116779 -0.011104
14.824000 37.066258 34.969715 -0.001657 -0.942230 0.011050 0.000717 -0.116779 -0.011100
14.844000 37.066310 34.969643 -0.001657 -0.942230 0.011047 0.000716 -0.116779 -0.011096
14.864000 37.066362 34.969572 -0.001657 -0.942230 0.011043 0.000715 -0.116779 -0.011092
14.884000 37.066414 34.969500 -0.001657 -0.942230 0.011039 0.000714 -0.116779 -0.011088
14.904000 37.066466 34.969428 -0.001657 -0.942230 0.011035 0.000714 -0.116779 -0.011083
14.924000 37.066518 34.969357 -0.001657 -0.942230 0.011031 0.000713 -0.116779 -0.011079
14.944000 37.066571 34.969285 -0.001657 -0.942230 0.011027 0.000712 -0.116779 -0.011075
14.964000 37.066623 34.969214 -0.001657 -0.942230 0.011023 0.000711 -0.116779 -0.011071
14.984000 37.066675 34.969142 -0.001657 -0.942230 0.011019 0.000710 -0.116779 -0.011067
15.004000 37.066727 34.969070 -0.001657 -0.942230 0.011015 0.000709 -0.116779 -0.011063
15.024000 37.066779 34.968999 -0.001657 -0.942230 0.011012 0.000708 -0.116779 -0.011059
15.044000 37.066831 34.968927 -0.001657 -0.942230 0.011008 0.000707 -0.116779 -0.011055
15.064000 37.066883 34.968856 -0.001657 -0.942230 0.011004 0.000707 -0.116779 -0.011051
15.084000 37.066935 34.968784 -0.001657 -0.942230 0.011000 0.000706 -0.116779 -0.011047
15.104000 37.066986 34.968713 -0.001657 -0.942230 0.010996 0.000705 -0.116779 -0.011043
15.124000 37.067038 34.968642 -0.001657 -0.942230 0.010992 0.000704 -0.116779 -0.011039
15.144000 37.067090 34.968570 -0.001657 -0.942230 0.010988 0.000703 -0.116779 -0.011035
15.164000 37.067142 34.968499 -0.001657 -0.942230 0.010984 0.000702 -0.116779 -0.011031
15.184000 37.067194 34.968427 -0.001657 -0.942230 0.010981 0.000701 -0.116779 -0.011027
15.204000 37.067246 34.968356 -0.001657 -0.942230 0.010977 0.000701 -0.116779 -0.011022
15.224000 37.067298 34.968285 -0.001657 -0.942230 0.010973 0.000700 -0.116779 -0.011018
15.244000 37.067350 34.968213 -0.001657 -0.942230 0.010969 0.000699 -0.116779 -0.011014
15.264000 37.067402 34.968142 -0.001657 -0.942230 0.010965 0.000698 -0.116779 -0.011010
15.284000 37.067453 34.968071 -0.001657 -0.942230 0.010961 0.000697 -0.116779 -0.011006
15.304000 37.067505 34.967999 -0.001657 -0.942230 0.010957 0.000696 -0.116779 -0.011002
15.324000 37.067557 34.967928 -0.001657 -0.942230 0.010953 0.000695 -0.116779 -0.010998
15.344000 37.067609 34.967857 -0.001657 -0.942230 0.010950 0.000694 -0.116779 -0.010994
15.364000 37.067660 34.967786 -0.001657 -0.942230 0.010946 0.000694 -0.116779 -0.010990
15.384000 37.067712 34.967715 -0.001657 -0.942230 0.010942 0.000693 -0.116779 -0.010986
15.404000 37.067764 34.967643 -0.001657 -0.942230 0.010938 0.000692 -0.116779 -0.010982
15.424000 37.067816 34.967572 -0.001657 -0.942230 0.010934 0.000691 -0.116779 -0.010978
15.444000 37.067867 34.967501 -0.001657 -0.942230 0.010930 0.000690 -0.116779 -0.010974
15.464000 37.067919 34.967430 -0.001657 -0.942230 0.010926 0.000689 -0.116779 -0.010970
15.484000 37.067971 34.967359 -0.001657 -0.942230 0.010923 0.000688 -0.116779 -0.010966
15.504000 37.068022 34.967288 -0.001657 -0.942230 0.010919 0.000688 -0.116780 -0.010962
15.524000 37.068074 34.967217 -0.001657 -0.942230 0.010915 0.000687 -0.116780 -0.010958
15.544000 37.068126 34.967146 -0.001657 -0.942230 0.010911 0.000686 -0.116780 -0.010954
15.564000 37.068177 34.967075 -0.001657 -0.942230 0.010907 0.000685 -0.116780 -0.010950
