# stamp x y z yaw vx vy vz angular_v
0.410000 0.000002 0.000000 -0.001535 0.000000 -0.000019 -0.000013 -0.115189 -0.000003
0.430000 0.000004 0.000000 -0.001621 0.000000 -0.000025 -0.000014 -0.116481 -0.000004
0.450000 0.000006 0.000000 -0.001647 0.000000 -0.000027 -0.000014 -0.116773 -0.000004
0.470000 0.000007 0.000000 -0.001654 0.000000 -0.000028 -0.000014 -0.116839 -0.000004
0.490000 0.000009 0.000000 -0.001656 0.000000 -0.000028 -0.000015 -0.116854 -0.000004
0.510000 0.000011 0.000000 -0.001657 0.000000 -0.000028 -0.000015 -0.116858 -0.000004
0.530000 0.000013 0.000000 -0.001657 0.000000 -0.000028 -0.000015 -0.116859 -0.000004
0.550000 0.000014 0.000000 -0.001657 0.000000 -0.000028 -0.000015 -0.116859 -0.000004
0.570000 0.000016 0.000000 -0.001657 0.000000 -0.000028 -0.000015 -0.116859 -0.000004
0.590000 0.000018 0.000000 -0.001657 0.000000 -0.000028 -0.000015 -0.116859 -0.000004
0.610000 0.000020 0.000000 -0.001657 0.000000 -0.000028 -0.000015 -0.116859 -0.000004
0.630000 0.000021 0.000000 -0.001657 0.000000 -0.000028 -0.000015 -0.116859 -0.000004
0.650000 0.000023 0.000000 -0.001657 0.000000 -0.000028 -0.000015 -0.116859 -0.000004
0.670000 0.000630 0.000173 -0.001656 0.000289 0.008864 0.004740 -0.116773 -0.012087
0.690000 0.001252 0.000127 -0.001655 0.000227 0.008422 -0.007647 -0.116799 -0.026375
0.710000 0.001856 0.000111 -0.001656 0.000194 0.008341 -0.000249 -0.116835 -0.017663
0.730000 0.002468 0.000142 -0.001657 0.000215 0.008331 -0.002300 -0.116845 -0.019637
0.750000 0.003072 0.000135 -0.001657 0.000197 0.008235 -0.002772 -0.116846 -0.019795
0.770000 0.005223 -0.000037 -0.001655 -0.000104 0.100779 -0.005541 -0.116765 -0.004792
0.790000 0.009429 0.000026 -0.001655 -0.000025 0.197865 0.004466 -0.116793 0.004921
0.810000 0.015543 0.000023 -0.001655 -0.000027 0.293876 -0.002608 -0.116819 -0.002562
0.830000 0.023568 0.000003 -0.001656 -0.000044 0.389701 0.000522 -0.116829 0.000895
0.850000 0.033506 0.000014 -0.001656 -0.000028 0.485485 -0.000035 -0.116832 0.000182
0.870000 0.045360 0.000008 -0.001656 -0.000031 0.581258 -0.000247 -0.116833 -0.000011
0.890000 0.059129 0.000009 -0.001656 -0.000027 0.677026 0.000111 -0.116833 0.000340
0.910000 0.074813 0.000009 -0.001656 -0.000023 0.772790 -0.000098 -0.116833 0.000096
0.930000 0.092412 0.000008 -0.001656 -0.000022 0.868550 -0.000070 -0.116833 0.000122
0.950000 0.111927 0.000008 -0.001656 -0.000020 0.964305 -0.000030 -0.116833 0.000150
0.970000 0.133356 0.000007 -0.001656 -0.000018 1.060056 -0.000065 -0.116833 0.000103
0.990000 0.156701 0.000007 -0.001656 -0.000016 1.155804 -0.000041 -0.116833 0.000120
1.010000 0.181960 0.000007 -0.001656 -0.000015 1.251547 -0.000049 -0.116833 0.000101
1.030000 0.209135 0.000006 -0.001656 -0.000014 1.347286 -0.000059 -0.116833 0.000086
1.050000 0.238224 0.000006 -0.001656 -0.000012 1.443021 -0.000041 -0.116833 0.000098
1.070000 0.269227 0.000007 -0.001656 -0.000010 1.538752 0.000033 -0.116833 0.000165
1.090000 0.302145 0.000008 -0.001656 -0.000008 1.634480 0.000030 -0.116834 0.000145
1.110000 0.336978 0.000009 -0.001656 -0.000006 1.730203 -0.000005 -0.116834 0.000096
1.130000 0.373725 0.000009 -0.001656 -0.000005 1.825921 -0.000040 -0.116834 0.000057
1.150000 0.412387 0.000009 -0.001656 -0.000005 1.921636 -0.000005 -0.116834 0.000087
1.170000 0.452963 0.000009 -0.001656 -0.000004 2.017347 -0.000059 -0.116834 0.000027
1.190000 0.495453 0.000008 -0.001656 -0.000004 2.113054 -0.000045 -0.116834 0.000043
1.210000 0.539857 0.000008 -0.001656 -0.000004 2.208757 -0.000051 -0.116834 0.000036
1.230000 0.586175 0.000008 -0.001656 -0.000004 2.304455 -0.000068 -0.116834 0.000020
1.250000 0.634407 0.000007 -0.001656 -0.000004 2.400150 -0.000059 -0.116834 0.000031
1.270000 0.684552 0.000006 -0.001656 -0.000004 2.495840 -0.000057 -0.116834 0.000034
1.290000 0.736612 0.000006 -0.001656 -0.000005 2.591527 -0.000060 -0.116834 0.000033
1.310000 0.790585 0.000005 -0.001656 -0.000005 2.687209 -0.000052 -0.116834 0.000042
1.330000 0.846472 0.000005 -0.001656 -0.000004 2.782888 -0.000041 -0.116834 0.000051
1.350000 0.904272 0.000005 -0.001656 -0.000004 2.878562 -0.000047 -0.116834 0.000044
1.370000 0.963986 0.000004 -0.001656 -0.000004 2.974232 -0.000044 -0.116834 0.000046
1.390000 1.025614 0.000004 -0.001656 -0.000004 3.069898 -0.000044 -0.116834 0.000046
1.410000 1.089154 0.000004 -0.001656 -0.000004 3.165560 -0.000045 -0.116834 0.000045
1.430000 1.154608 0.000003 -0.001656 -0.000004 3.261219 -0.000046 -0.116834 0.000043
1.450000 1.221974 0.000003 -0.001656 -0.000004 3.356873 -0.000045 -0.116834 0.000044
1.470000 1.291254 0.000003 -0.001656 -0.000003 3.452523 -0.000046 -0.116834 0.000043
1.490000 1.362447 0.000002 -0.001656 -0.000003 3.548168 -0.000046 -0.116834 0.000042
1.510000 1.435553 0.000002 -0.001656 -0.000003 3.643810 -0.000023 -0.116834 0.000067
1.530000 1.510571 0.000003 -0.001656 -0.000002 3.739448 0.000006 -0.116834 0.000091
1.550000 1.587502 0.000003 -0.001656 -0.000001 3.835082 -0.000008 -0.116834 0.000073
1.570000 1.666346 0.000004 -0.001656 -0.000001 3.930712 -0.000046 -0.116834 0.000033
1.590000 1.747103 0.000003 -0.001656 -0.000001 4.026337 -0.000034 -0.116834 0.000046
1.610000 1.829771 0.000003 -0.001656 -0.000001 4.121959 -0.000053 -0.116834 0.000027
1.630000 1.914353 0.000003 -0.001656 -0.000002 4.217576 -0.000081 -0.116834 0.000004
1.650000 2.000846 0.000002 -0.001656 -0.000002 4.313190 -0.000068 -0.116834 0.000022
1.670000 2.089252 0.000001 -0.001656 -0.000002 4.408799 -0.000056 -0.116834 0.000039
1.690000 2.179570 0.000001 -0.001656 -0.000002 4.504405 -0.000062 -0.116834 0.000036
1.710000 2.271800 0.000001 -0.001656 -0.000003 4.600006 -0.000048 -0.116834 0.000055
1.730000 2.365942 0.000001 -0.001656 -0.000002 4.695603 -0.000028 -0.116834 0.000076
1.750000 2.461995 0.000001 -0.001656 -0.000002 4.791196 -0.000040 -0.116834 0.000067
1.770000 2.559961 0.000001 -0.001656 -0.000001 4.886785 0.000001 -0.116834 0.000113
1.790000 2.659838 0.000002 -0.001656 -0.000000 4.982370 -0.000004 -0.116834 0.000109
1.810000 2.761628 0.000003 -0.001656 0.000000 5.077951 -0.000055 -0.116834 0.000064
1.830000 2.865328 0.000002 -0.001656 -0.000001 5.173527 -0.000111 -0.116835 0.000032
1.850000 2.970940 0.000002 -0.001656 -0.000001 5.269092 -0.000089 -0.116838 0.000096
1.870000 3.078459 -0.000002 -0.001656 0.000003 5.365391 -0.001108 -0.116837 0.001193
1.890000 3.187748 -0.000029 -0.001656 0.000035 5.461372 -0.000160 -0.116815 0.000316
1.910000 3.298301 -0.000024 -0.001656 0.000036 5.555518 0.000202 -0.116815 -0.000280
1.930000 3.409459 -0.000020 -0.001656 0.000034 5.555672 0.000178 -0.116833 -0.000016
1.950000 3.520572 -0.000016 -0.001657 0.000034 5.555515 0.000177 -0.116850 -0.000005
1.970000 3.631684 -0.000022 -0.001657 0.000025 5.555500 -0.000578 -0.116856 -0.000715
1.990000 3.742796 -0.000032 -0.001657 0.000012 5.555499 -0.000500 -0.116857 -0.000617
2.010000 3.853909 -0.000039 -0.001657 0.000004 5.555509 0.000200 -0.116858 0.000180
2.030000 3.965021 -0.000030 -0.001657 0.000012 5.555520 0.000392 -0.116858 0.000374
2.050000 4.076134 -0.000022 -0.001657 0.000018 5.555518 0.000358 -0.116858 0.000298
2.070000 4.187247 -0.000014 -0.001657 0.000024 5.555518 0.000408 -0.116858 0.000310
2.090000 4.298360 -0.000006 -0.001657 0.000030 5.555518 0.000440 -0.116858 0.000308
2.110000 4.409472 0.000000 -0.001657 0.000032 5.555507 -0.000403 -0.116858 -0.000624
2.130000 4.520584 -0.000016 -0.001657 0.000013 5.555492 -0.000769 -0.116858 -0.000915
2.150000 4.631697 -0.000030 -0.001657 -0.000003 5.555494 -0.000759 -0.116858 -0.000807
2.170000 4.742809 -0.000035 -0.001657 -0.000008 5.555511 0.000068 -0.116858 0.000063
2.190000 4.853922 -0.000036 -0.001657 -0.000008 5.555512 -0.000129 -0.116858 -0.000065
2.210000 4.965034 -0.000036 -0.001657 -0.000006 5.555518 0.000387 -0.116858 0.000452
2.230000 5.076147 -0.000025 -0.001657 0.000005 5.555526 0.000522 -0.116858 0.000557
2.250000 5.187260 -0.000014 -0.001657 0.000016 5.555525 0.000536 -0.116858 0.000506
2.270000 5.298373 -0.000005 -0.001657 0.000023 5.555521 0.000397 -0.116858 0.000319
2.290000 5.409485 0.000004 -0.001657 0.000030 5.555520 0.000472 -0.116858 0.000343
2.310000 5.520598 0.000010 -0.001657 0.000031 5.555506 -0.000563 -0.116858 -0.000752
2.330000 5.631710 -0.000009 -0.001657 0.000010 5.555490 -0.000879 -0.116858 -0.001019
2.350000 5.742822 -0.000026 -0.001657 -0.000009 5.555492 -0.000886 -0.116858 -0.000912
2.370000 5.853935 -0.000032 -0.001657 -0.000014 5.555510 0.000036 -0.116858 0.000058
2.390000 5.965047 -0.000033 -0.001657 -0.000014 5.555510 -0.000182 -0.116858 -0.000084
2.410000 6.076160 -0.000035 -0.001657 -0.000013 5.555515 0.000229 -0.116858 0.000315
2.430000 6.187272 -0.000028 -0.001657 -0.000005 5.555520 0.000298 -0.116858 0.000375
2.450000 6.298385 -0.000022 -0.001657 0.000002 5.555519 0.000311 -0.116858 0.000343
2.470000 6.409498 -0.000012 -0.001657 0.000012 5.555525 0.000628 -0.116858 0.000604
2.490000 6.520611 0.000001 -0.001657 0.000024 5.555525 0.000637 -0.116858 0.000568
2.510000 6.631723 0.000010 -0.001657 0.000030 5.555512 -0.000321 -0.116858 -0.000480
2.530000 6.742836 -0.000003 -0.001657 0.000014 5.555497 -0.000598 -0.116858 -0.000736
2.550000 6.853948 -0.000014 -0.001657 0.000001 5.555499 -0.000580 -0.116858 -0.000635
2.570000 6.965060 -0.000020 -0.001657 -0.000006 5.555507 -0.000197 -0.116858 -0.000201
2.590000 7.076173 -0.000025 -0.001657 -0.000010 5.555508 -0.000316 -0.116858 -0.000263
2.610000 7.187285 -0.000028 -0.001657 -0.000012 5.555517 0.000406 -0.116858 0.000498
2.630000 7.298398 -0.000015 -0.001657 0.000003 5.555528 0.000623 -0.116858 0.000682
2.650000 7.409511 -0.000003 -0.001657 0.000015 5.555526 0.000625 -0.116858 0.000607
2.670000 7.520624 0.000005 -0.001657 0.000021 5.555516 0.000166 -0.116858 0.000106
2.690000 7.631736 0.000010 -0.001657 0.000024 5.555516 0.000289 -0.116858 0.000175
2.710000 7.742849 0.000012 -0.001657 0.000023 5.555505 -0.000479 -0.116858 -0.000623
2.730000 7.853961 -0.000003 -0.001657 0.000006 5.555494 -0.000718 -0.116858 -0.000817
2.750000 7.965074 -0.000016 -0.001657 -0.000009 5.555495 -0.000730 -0.116858 -0.000738
2.770000 8.076186 -0.000022 -0.001657 -0.000013 5.555510 0.000000 -0.116858 0.000031
2.790000 8.187298 -0.000023 -0.001657 -0.000014 5.555510 -0.000172 -0.116858 -0.000079
2.810000 8.298411 -0.000024 -0.001657 -0.000012 5.555518 0.000418 -0.116858 0.000520
2.830000 8.409524 -0.000011 -0.001657 0.000001 5.555527 0.000603 -0.116858 0.000666
2.850000 8.520637 0.000001 -0.001657 0.000014 5.555526 0.000618 -0.116858 0.000606
2.870000 8.631749 0.000007 -0.001657 0.000019 5.555516 0.000132 -0.116858 0.000081
2.890000 8.742862 0.000012 -0.001657 0.000021 5.555516 0.000258 -0.116858 0.000154
2.910000 8.853975 0.000014 -0.001657 0.000021 5.555507 -0.000442 -0.116858 -0.000571
2.930000 8.965087 0.000000 -0.001657 0.000005 5.555497 -0.000660 -0.116858 -0.000748
2.950000 9.076199 -0.000012 -0.001657 -0.000008 5.555498 -0.000673 -0.116858 -0.000677
2.970000 9.187312 -0.000018 -0.001657 -0.000013 5.555510 -0.000041 -0.116858 -0.000007
2.990000 9.298424 -0.000020 -0.001657 -0.000014 5.555510 -0.000193 -0.116858 -0.000102
3.010000 9.409537 -0.000021 -0.001657 -0.000012 5.555519 0.000549 -0.116858 0.000657
3.030000 9.520650 -0.000004 -0.001657 0.000005 5.555530 0.000783 -0.116858 0.000841
3.050000 9.631762 0.000012 -0.001657 0.000021 5.555529 0.000804 -0.116858 0.000766
3.070000 9.742875 0.000017 -0.001657 0.000024 5.555510 -0.000124 -0.116858 -0.000196
3.090000 9.853988 0.000016 -0.001657 0.000021 5.555509 0.000048 -0.116858 -0.000079
3.110000 9.965100 0.000018 -0.001657 0.000020 5.555511 0.000112 -0.116858 0.000009
3.130000 10.076213 0.000021 -0.001657 0.000021 5.555512 0.000134 -0.116858 0.000031
3.150000 10.187325 0.000024 -0.001657 0.000021 5.555512 0.000130 -0.116858 0.000024
3.170000 10.298438 0.000015 -0.001657 0.000010 5.555497 -0.000764 -0.116858 -0.000823
3.190000 10.409550 0.000002 -0.001657 -0.000005 5.555497 -0.000670 -0.116858 -0.000707
3.210000 10.520662 -0.000010 -0.001657 -0.000015 5.555506 -0.000074 -0.116858 -0.000003
3.230000 10.631775 -0.000007 -0.001657 -0.000011 5.555516 0.000077 -0.116858 0.000168
3.250000 10.742888 -0.000006 -0.001657 -0.000009 5.555515 0.000030 -0.116858 0.000103
3.270000 10.854000 -0.000000 -0.001657 -0.000002 5.555522 0.000398 -0.116858 0.000436
3.290000 10.965113 0.000007 -0.001657 0.000006 5.555522 0.000372 -0.116858 0.000389
3.310000 11.076226 0.000014 -0.001657 0.000012 5.555520 0.000102 -0.116858 0.000052
3.330000 11.187338 0.000014 -0.001657 0.000011 5.555511 -0.000008 -0.116858 -0.000063
3.350000 11.298451 0.000015 -0.001657 0.000010 5.555511 0.000020 -0.116858 -0.000030
3.370000 11.409563 0.000010 -0.001657 0.000004 5.555503 -0.000447 -0.116858 -0.000467
3.390000 11.520676 0.000001 -0.001657 -0.000005 5.555502 -0.000402 -0.116858 -0.000407
3.410000 11.631788 -0.000006 -0.001657 -0.000011 5.555506 -0.000134 -0.116858 -0.000042
3.430000 11.742901 -0.000004 -0.001657 -0.000009 5.555514 0.000078 -0.116858 0.000145
3.450000 11.854013 -0.000003 -0.001657 -0.000006 5.555514 0.000036 -0.116858 0.000093
3.470000 11.965126 0.000001 -0.001657 -0.000002 5.555517 0.000250 -0.116858 0.000282
3.490000 12.076239 0.000006 -0.001657 0.000003 5.555518 0.000240 -0.116858 0.000256
3.510000 12.187351 0.000010 -0.001657 0.000007 5.555513 -0.000080 -0.116858 -0.000104
3.530000 12.298464 0.000006 -0.001657 0.000003 5.555508 -0.000168 -0.116858 -0.000191
3.550000 12.409576 0.000003 -0.001657 -0.000001 5.555509 -0.000156 -0.116858 -0.000157
3.570000 12.520689 -0.000000 -0.001657 -0.000004 5.555509 -0.000205 -0.116858 -0.000186
3.590000 12.631801 -0.000004 -0.001657 -0.000008 5.555509 -0.000220 -0.116858 -0.000182
3.610000 12.742914 -0.000007 -0.001657 -0.000009 5.555514 0.000140 -0.116858 0.000207
3.630000 12.854026 -0.000002 -0.001657 -0.000003 5.555519 0.000246 -0.116858 0.000301
3.650000 12.965139 0.000003 -0.001657 0.000003 5.555518 0.000241 -0.116858 0.000263
3.670000 13.076252 0.000006 -0.001657 0.000005 5.555514 0.000053 -0.116858 0.000055
3.690000 13.187364 0.000008 -0.001657 0.000007 5.555514 0.000105 -0.116858 0.000083
3.710000 13.298477 0.000009 -0.001657 0.000007 5.555510 -0.000162 -0.116858 -0.000197
3.730000 13.409589 0.000004 -0.001657 0.000001 5.555506 -0.000243 -0.116858 -0.000265
3.750000 13.520702 -0.000000 -0.001657 -0.000003 5.555506 -0.000244 -0.116858 -0.000237
3.770000 13.631814 -0.000003 -0.001657 -0.000006 5.555509 -0.000128 -0.116858 -0.000102
3.790000 13.742927 -0.000006 -0.001657 -0.000008 5.555509 -0.000168 -0.116858 -0.000119
3.810000 13.854039 -0.000008 -0.001657 -0.000009 5.555513 0.000170 -0.116858 0.000237
3.830000 13.965152 -0.000002 -0.001657 -0.000002 5.555519 0.000273 -0.116858 0.000324
3.850000 14.076265 0.000004 -0.001657 0.000004 5.555519 0.000274 -0.116858 0.000290
3.870000 14.187377 0.000006 -0.001657 0.000006 5.555514 0.000035 -0.116858 0.000032
3.890000 14.298490 0.000008 -0.001657 0.000007 5.555514 0.000096 -0.116858 0.000068
3.910000 14.409603 0.000009 -0.001657 0.000007 5.555510 -0.000263 -0.116858 -0.000302
3.930000 14.520715 0.000001 -0.001657 -0.000001 5.555504 -0.000375 -0.116858 -0.000393
3.950000 14.631827 -0.000006 -0.001657 -0.000009 5.555505 -0.000384 -0.116858 -0.000357
3.970000 14.742940 -0.000008 -0.001657 -0.000010 5.555513 0.000029 -0.116858 0.000073
3.990000 14.854053 -0.000008 -0.001657 -0.000009 5.555513 -0.000049 -0.116858 0.000017
4.010000 14.965165 -0.000009 -0.001657 -0.000008 5.555513 -0.000046 -0.116858 0.000012
4.030000 15.076278 -0.000010 -0.001657 -0.000008 5.555512 -0.000047 -0.116858 0.000009
4.050000 15.187390 -0.000010 -0.001657 -0.000008 5.555512 -0.000045 -0.116858 0.000010
4.070000 15.298503 -0.000006 -0.001657 -0.000003 5.555518 0.000306 -0.116858 0.000339
4.090000 15.409616 -0.000000 -0.001657 0.000003 5.555518 0.000273 -0.116858 0.000295
4.110000 15.520728 0.000004 -0.001657 0.000008 5.555513 -0.000013 -0.116858 -0.000037
4.130000 15.631841 0.000002 -0.001657 0.000005 5.555509 -0.000087 -0.116858 -0.000117
4.150000 15.742953 0.000001 -0.001657 0.000003 5.555510 -0.000068 -0.116858 -0.000085
4.170000 15.854066 -0.000001 -0.001657 0.000000 5.555508 -0.000171 -0.116858 -0.000172
4.190000 15.965178 -0.000005 -0.001657 -0.000003 5.555509 -0.000170 -0.116858 -0.000159
4.210000 16.076291 -0.000007 -0.001657 -0.000005 5.555511 -0.000023 -0.116858 0.000011
4.230000 16.187403 -0.000007 -0.001657 -0.000004 5.555514 0.000007 -0.116858 0.000045
4.250000 16.298516 -0.000007 -0.001657 -0.000003 5.555514 -0.000003 -0.116858 0.000030
4.270000 16.409628 -0.000004 -0.001657 -0.000001 5.555517 0.000180 -0.116858 0.000199
4.290000 16.520741 -0.000001 -0.001657 0.000003 5.555517 0.000164 -0.116858 0.000175
4.310000 16.631854 0.000002 -0.001657 0.000006 5.555514 -0.000027 -0.116858 -0.000044
4.330000 16.742966 0.000001 -0.001657 0.000004 5.555510 -0.000079 -0.116858 -0.000098
4.350000 16.854079 -0.000000 -0.001657 0.000002 5.555510 -0.000069 -0.116858 -0.000078
4.370000 16.965191 -0.000002 -0.001657 0.000000 5.555510 -0.000100 -0.116858 -0.000098
4.390000 17.076304 -0.000004 -0.001657 -0.000002 5.555509 -0.000106 -0.116858 -0.000095
4.410000 17.187416 -0.000005 -0.001657 -0.000003 5.555511 0.000038 -0.116858 0.000062
4.430000 17.298529 -0.000003 -0.001657 -0.000000 5.555513 0.000079 -0.116858 0.000101
4.450000 17.409642 -0.000001 -0.001657 0.000002 5.555513 0.000076 -0.116858 0.000086
4.470000 17.520754 0.000000 -0.001657 0.000003 5.555513 0.000053 -0.116858 0.000054
4.490000 17.631867 0.000002 -0.001657 0.000004 5.555513 0.000067 -0.116858 0.000059
4.510000 17.742979 0.000003 -0.001657 0.000005 5.555511 -0.000067 -0.116858 -0.000091
4.530000 17.854092 0.000000 -0.001657 0.000002 5.555509 -0.000133 -0.116858 -0.000144
4.550000 17.965204 -0.000002 -0.001657 -0.000001 5.555510 -0.000130 -0.116858 -0.000126
4.570000 18.076317 -0.000003 -0.001657 -0.000002 5.555512 -0.000035 -0.116858 -0.000022
4.590000 18.187429 -0.000004 -0.001657 -0.000003 5.555512 -0.000060 -0.116858 -0.000037
4.610000 18.298542 -0.000005 -0.001657 -0.000003 5.555514 0.000062 -0.116858 0.000091
4.630000 18.409655 -0.000002 -0.001657 -0.000000 5.555515 0.000099 -0.116858 0.000121
4.650000 18.520767 -0.000000 -0.001657 0.000002 5.555515 0.000099 -0.116858 0.000108
4.670000 18.631880 0.000001 -0.001657 0.000003 5.555513 0.000029 -0.116858 0.000030
4.690000 18.742992 0.000002 -0.001657 0.000004 5.555513 0.000050 -0.116858 0.000040
4.710000 18.854105 0.000003 -0.001657 0.000004 5.555504 -0.000086 -0.116858 -0.000110
4.730000 18.965217 0.000000 -0.001657 0.000001 5.555508 -0.000144 -0.116858 -0.000154
4.750000 19.076330 -0.000002 -0.001657 -0.000001 5.555508 -0.000142 -0.116858 -0.000136
4.770000 19.187442 -0.000003 -0.001657 -0.000003 5.555510 -0.000029 -0.116858 -0.000015
4.790000 19.298555 -0.000004 -0.001657 -0.000003 5.555510 -0.000056 -0.116858 -0.000030
4.810000 19.409485 0.000666 -0.001658 0.000873 5.535325 0.060817 -0.115423 0.042902
4.830000 19.519754 0.004858 -0.001599 0.005006 5.514179 0.217853 -0.107352 0.174993
4.850000 19.629635 0.012009 -0.001536 0.011671 5.493018 0.368967 -0.104588 0.303724
4.870000 19.739420 0.022209 -0.001462 0.020604 5.477088 0.529833 -0.095120 0.436939
4.890000 19.849338 0.035382 -0.001365 0.031627 5.494809 0.672743 -0.090515 0.553003
4.910000 19.959419 0.050375 -0.001327 0.043006 5.499465 0.737770 -0.097567 0.542298
4.930000 20.069421 0.063094 -0.001485 0.050744 5.503341 0.632784 -0.110433 0.397250
4.950000 20.179622 0.073352 -0.001531 0.055166 5.512945 0.515505 -0.104041 0.221328
4.970000 20.289504 0.081212 -0.001513 0.056250 5.492559 0.416365 -0.108417 0.047783
4.990000 20.399009 0.086487 -0.001573 0.054530 5.473634 0.273439 -0.112223 -0.077071
5.010000 20.508025 0.089886 -0.001581 0.051944 5.441550 0.195994 -0.110836 -0.079273
5.030000 20.616563 0.096785 -0.001537 0.053398 5.428458 0.367892 -0.102469 0.037805
5.050000 20.725103 0.106699 -0.001459 0.057255 5.417607 0.510300 -0.097362 0.180777
5.070000 20.833686 0.119326 -0.001411 0.063666 5.417888 0.646112 -0.095729 0.315957
5.090000 20.942754 0.134710 -0.001369 0.072186 5.443958 0.784067 -0.091571 0.435766
5.110000 21.051728 0.151854 -0.001335 0.081189 5.429566 0.851866 -0.098732 0.426646
5.130000 21.159797 0.166970 -0.001493 0.086240 5.402531 0.771350 -0.111644 0.242673
5.150000 21.267405 0.179907 -0.001588 0.087636 5.379945 0.662599 -0.113840 0.072472
5.170000 21.374859 0.189529 -0.001590 0.086689 5.374439 0.485681 -0.108672 -0.033209
5.190000 21.482248 0.196162 -0.001535 0.083129 5.368920 0.336984 -0.104088 -0.170208
5.210000 21.589384 0.200773 -0.001499 0.078567 5.340303 0.251505 -0.106644 -0.142155
5.230000 21.694904 0.207699 -0.001603 0.078108 5.269549 0.306939 -0.141973 -0.020130
5.250000 21.798644 0.216038 -0.002031 0.080511 5.180536 0.371974 -0.156423 0.108025
5.270000 21.900222 0.226995 -0.002183 0.085578 5.074841 0.477304 -0.175918 0.203851
5.290000 21.999427 0.240576 -0.002501 0.092294 4.965676 0.627118 -0.171463 0.288498
5.310000 22.096778 0.256199 -0.002398 0.099189 4.855161 0.717237 -0.149713 0.263854
5.330000 22.193551 0.268166 -0.001962 0.098823 4.823954 0.617754 -0.122613 0.087045
5.350000 22.289308 0.277647 -0.001842 0.096355 4.783399 0.505100 -0.135296 -0.041770
5.370000 22.384529 0.288097 -0.001814 0.096611 4.728114 0.514433 -0.124682 -0.049851
5.390000 22.478899 0.300412 -0.002105 0.100731 4.718136 0.518489 -0.216107 0.032884
5.410000 22.572724 0.313751 -0.003150 0.108077 4.709034 0.522340 -0.297306 0.154680
5.430000 22.664842 0.328683 -0.004292 0.119451 4.688905 0.516122 -0.398048 0.238279
5.450000 22.755381 0.346236 -0.005708 0.133429 4.674173 0.560500 -0.498792 0.274051
5.470000 22.844445 0.367212 -0.007306 0.149078 4.641666 0.685699 -0.569441 0.292748
5.490000 22.931406 0.392857 -0.008123 0.167489 4.537561 0.898567 -0.551579 0.415929
5.510000 23.018115 0.422503 -0.008238 0.186641 4.447336 1.236610 -0.407483 0.708015
5.530000 23.106697 0.456853 -0.002973 0.204171 4.393931 1.715355 -0.027831 0.877804
5.550000 23.195827 0.490097 -0.001140 0.218214 4.434653 1.677363 -0.057754 0.739949
5.570000 23.284472 0.524487 -0.001246 0.234041 4.403359 1.710266 -0.102240 0.737584
5.590000 23.372330 0.560251 -0.001580 0.251120 4.393755 1.770272 -0.137714 0.774176
5.610000 23.460504 0.597669 -0.001914 0.269726 4.412431 1.836003 -0.155257 0.846908
5.630000 23.549075 0.636315 -0.002159 0.290510 4.446234 1.877035 -0.181410 0.913784
5.650000 23.638432 0.676503 -0.002385 0.312815 4.496105 1.936290 -0.198621 0.964095
5.670000 23.729294 0.718734 -0.002700 0.335625 4.570330 2.071287 -0.178823 1.025266
5.690000 23.820838 0.763943 -0.002485 0.359544 4.602661 2.182422 -0.196522 1.046428
5.710000 23.913022 0.810928 -0.002642 0.381930 4.640931 2.277713 -0.180117 0.999707
5.730000 24.006367 0.856888 -0.002009 0.396053 4.680982 2.266995 -0.106638 0.696427
5.750000 24.101756 0.902025 -0.001450 0.404433 4.770592 2.247527 -0.082750 0.424400
5.770000 24.198135 0.949432 -0.001393 0.412062 4.785585 2.384647 -0.103176 0.421920
5.790000 24.294061 1.001136 -0.001421 0.421831 4.772246 2.590546 -0.093923 0.519230
5.810000 24.389027 1.056255 -0.001340 0.434338 4.731950 2.752748 -0.094194 0.652895
5.830000 24.482527 1.112679 -0.001445 0.450936 4.652172 2.814413 -0.105931 0.895992
5.850000 24.574319 1.170890 -0.001609 0.470213 4.581350 2.898888 -0.113973 1.000548
5.870000 24.664466 1.232479 -0.001515 0.489702 4.479134 3.084013 -0.096323 1.000751
5.890000 24.752464 1.297726 -0.001553 0.510030 4.402085 3.247691 -0.121351 0.998474
5.910000 24.839503 1.364750 -0.001816 0.528921 4.390467 3.297470 -0.130590 0.882481
5.930000 24.928651 1.428508 -0.001706 0.541305 4.457202 3.193709 -0.109079 0.638174
5.950000 25.018768 1.490419 -0.001559 0.549312 4.506829 3.100492 -0.104941 0.416979
5.970000 25.110264 1.551456 -0.001507 0.554151 4.601608 3.054865 -0.101234 0.210606
5.990000 25.203265 1.611974 -0.001494 0.556634 4.658855 3.019411 -0.108869 0.091042
6.010000 25.296530 1.672260 -0.001581 0.557865 4.673027 3.017133 -0.113337 0.037393
6.030000 25.390995 1.730226 -0.001550 0.554513 4.727054 2.907458 -0.102916 -0.180229
6.050000 25.486920 1.784930 -0.001463 0.549226 4.804587 2.725924 -0.097793 -0.253987
6.070000 25.584706 1.836830 -0.001404 0.542524 4.909234 2.591527 -0.093853 -0.348585
6.090000 25.684041 1.886516 -0.001348 0.533900 4.977420 2.465593 -0.091282 -0.449050
6.110000 25.783725 1.935191 -0.001395 0.525440 4.974192 2.447266 -0.104102 -0.391741
6.130000 25.881789 1.986150 -0.001476 0.522259 4.895975 2.550955 -0.104889 -0.159043
6.150000 25.978601 2.040060 -0.001485 0.522505 4.836416 2.710161 -0.100879 0.005425
6.170000 26.074211 2.096066 -0.001522 0.526876 4.788532 2.777066 -0.141943 0.203506
6.190000 26.168840 2.152891 -0.002111 0.534944 4.789779 2.782727 -0.245444 0.302154
6.210000 26.261848 2.210158 -0.003320 0.546465 4.784317 2.773398 -0.350691 0.394843
6.230000 26.353201 2.267118 -0.005157 0.560706 4.779073 2.761162 -0.456476 0.487018
6.250000 26.442297 2.324109 -0.006184 0.578292 4.674181 2.658708 -0.431268 0.546485
6.270000 26.529739 2.381688 -0.007145 0.598007 4.646473 2.629323 -0.500836 0.620015
6.290000 26.615175 2.440349 -0.008021 0.619223 4.590275 2.648923 -0.532204 0.636901
6.310000 26.698958 2.500818 -0.009056 0.641119 4.578084 2.746118 -0.619915 0.646692
6.330000 26.780477 2.563478 -0.009957 0.663623 4.482036 2.866351 -0.629376 0.677511
6.350000 26.859599 2.628185 -0.010622 0.687264 4.362332 2.968444 -0.611304 0.727677
6.370000 26.936075 2.693190 -0.010576 0.714567 4.279675 3.017229 -0.630480 0.918131
6.390000 27.010435 2.758649 -0.010430 0.744827 4.165463 3.037572 -0.612658 1.050451
6.410000 27.082714 2.825397 -0.010345 0.776520 4.060572 3.099836 -0.600249 1.121079
6.430000 27.152909 2.893945 -0.010404 0.808753 3.952847 3.182257 -0.590026 1.160073
6.450000 27.220507 2.964122 -0.010307 0.841601 3.855179 3.297099 -0.622815 1.182831
6.470000 27.284285 3.035807 -0.010541 0.872328 3.673274 3.433503 -0.633063 1.133801
6.490000 27.343927 3.109585 -0.010653 0.902337 3.474657 3.547468 -0.631095 1.108536
6.510000 27.399035 3.186741 -0.009132 0.932733 2.807260 3.937407 -0.151873 1.615361
6.530000 27.444297 3.272462 -0.001184 0.970166 2.364957 4.229574 0.113461 1.816895
6.550000 27.489284 3.359450 0.001593 1.002809 2.264955 4.326458 0.018664 1.662562
6.570000 27.533878 3.446226 0.002015 1.033604 2.250052 4.331253 -0.084499 1.560950
6.590000 27.578511 3.533179 0.000258 1.062639 2.235007 4.355196 -0.188795 1.460416
6.610000 27.623750 3.619395 -0.001856 1.087159 2.281954 4.263810 -0.173515 1.110130
6.630000 27.671157 3.702536 -0.002371 1.105438 2.289047 4.261969 -0.277609 1.011172
6.650000 27.718945 3.783685 -0.003584 1.120473 2.281140 4.259187 -0.386563 0.931138
6.670000 27.766167 3.863433 -0.005614 1.133687 2.275188 4.256579 -0.496598 0.851618
6.690000 27.813467 3.941211 -0.007309 1.144298 2.225986 4.201162 -0.535747 0.798593
6.710000 27.861336 4.017038 -0.008316 1.152171 2.175702 4.146188 -0.555349 0.756596
6.730000 27.909569 4.091362 -0.009366 1.157796 2.178365 4.139871 -0.637591 0.689423
6.750000 27.957658 4.163924 -0.010539 1.161471 2.159443 4.074515 -0.669374 0.618281
6.770000 28.006088 4.233964 -0.011035 1.162312 2.158454 3.967729 -0.657214 0.501459
6.790000 28.054998 4.301625 -0.010925 1.160234 2.177153 3.855239 -0.634687 0.362932
6.810000 28.104140 4.367457 -0.010685 1.155787 2.185585 3.761529 -0.628585 0.245767
6.830000 28.153245 4.431706 -0.010595 1.149305 2.187855 3.676262 -0.632242 0.137680
6.850000 28.202331 4.494258 -0.010605 1.140627 2.192992 3.589059 -0.634818 0.023719
6.870000 28.251495 4.555021 -0.010621 1.129552 2.202283 3.499826 -0.634730 -0.097497
6.890000 28.300804 4.613990 -0.010613 1.115963 2.214757 3.410555 -0.633390 -0.223962
6.910000 28.350559 4.671955 -0.010586 1.100249 2.228427 3.337558 -0.631710 -0.351799
6.930000 28.401192 4.730286 -0.010553 1.083146 2.246115 3.314408 -0.631152 -0.465231
6.950000 28.452948 4.787620 -0.010537 1.064747 2.300266 3.256567 -0.631084 -0.541056
6.970000 28.506596 4.844451 -0.010527 1.046137 2.438015 3.245798 -0.630096 -0.575827
6.990000 28.562884 4.901353 -0.010551 1.026116 2.571464 3.245780 -0.633823 -0.651149
7.010000 28.616406 4.960700 -0.008838 1.011207 2.374055 3.047240 -0.360147 -0.425821
7.030000 28.655864 5.024997 -0.002735 1.016810 1.968092 3.161247 0.099026 0.220957
7.050000 28.696821 5.090651 0.000410 1.023887 2.049192 3.259045 0.021169 0.284895
7.070000 28.738328 5.157929 0.000965 1.030550 2.057847 3.351662 -0.078758 0.278057
7.090000 28.779687 5.226951 -0.000596 1.036721 2.057934 3.442779 -0.180473 0.262736
7.110000 28.818694 5.297719 -0.001793 1.044271 1.908986 3.535207 -0.131597 0.369553
7.130000 28.855114 5.370344 -0.001656 1.055036 1.815785 3.620585 -0.103227 0.505980
7.150000 28.890075 5.444718 -0.001529 1.067891 1.738050 3.711145 -0.107622 0.596612
7.170000 28.924442 5.520656 -0.001550 1.082785 1.728738 3.784631 -0.109392 0.748921
7.190000 28.957781 5.598370 -0.001568 1.099963 1.649902 3.874990 -0.109743 0.848097
7.210000 28.989612 5.677846 -0.001560 1.118275 1.607423 3.957914 -0.110631 0.890863
7.230000 29.023527 5.758811 -0.001594 1.133566 1.701668 4.028832 -0.112053 0.708256
7.250000 29.058708 5.841464 -0.001599 1.146292 1.734495 4.124264 -0.113586 0.620881
7.270000 29.091888 5.925816 -0.001616 1.159975 1.655166 4.203876 -0.113166 0.689421
7.290000 29.122965 6.011689 -0.001605 1.175765 1.561797 4.282356 -0.111252 0.788818
7.310000 29.152266 6.099181 -0.001586 1.192623 1.447105 4.363816 -0.111877 0.806563
7.330000 29.180924 6.188490 -0.001616 1.206131 1.457545 4.451166 -0.115243 0.664981
7.350000 29.209957 6.279662 -0.001637 1.217533 1.460895 4.549216 -0.115926 0.578327
7.370000 29.241010 6.371662 -0.001598 1.225364 1.563501 4.575190 -0.106371 0.389983
7.390000 29.274470 6.464443 -0.001512 1.229389 1.673521 4.622131 -0.101968 0.210694
7.410000 29.310041 6.557779 -0.001464 1.229825 1.784218 4.646697 -0.098640 0.024596
7.430000 29.347798 6.651247 -0.001443 1.226448 1.889182 4.664505 -0.101548 -0.164314
7.450000 29.387922 6.745195 -0.001473 1.219744 1.996970 4.683998 -0.103176 -0.347478
7.470000 29.426776 6.838632 -0.001515 1.215908 1.937444 4.671553 -0.110664 -0.187740
7.490000 29.463570 6.931954 -0.001590 1.216339 1.847022 4.666978 -0.113789 0.005585
7.510000 29.498460 7.025117 -0.001620 1.220701 1.753997 4.657374 -0.113925 0.199106
7.530000 29.531469 7.117974 -0.001624 1.228894 1.660774 4.643246 -0.113402 0.392265
7.550000 29.562576 7.210788 -0.001617 1.240599 1.566499 4.633514 -0.112532 0.579312
7.570000 29.591192 7.304934 -0.001604 1.253691 1.433322 4.701676 -0.111406 0.638235
7.590000 29.616762 7.400540 -0.001594 1.267294 1.289237 4.772680 -0.110949 0.676701
7.610000 29.639403 7.497679 -0.001581 1.281493 1.121573 4.853285 -0.105992 0.700582
7.630000 29.657995 7.596856 -0.001419 1.295404 0.910883 4.950598 -0.089916 0.691878
7.650000 29.673900 7.697921 -0.001337 1.310149 0.789804 5.044860 -0.091093 0.760833
7.670000 29.688155 7.798586 -0.001414 1.328469 0.715096 5.024715 -0.106902 0.916956
7.690000 29.700143 7.898502 -0.001548 1.349965 0.592929 4.992918 -0.112290 1.054689
7.710000 29.708477 7.998596 -0.001577 1.371312 0.448152 5.017949 -0.112057 1.022960
7.730000 29.716613 8.101101 -0.001614 1.387569 0.445457 5.116637 -0.114994 0.787224
7.750000 29.724181 8.205629 -0.001635 1.400210 0.354559 5.214876 -0.116108 0.640474
7.770000 29.732838 8.309334 -0.001635 1.409266 0.434151 5.175778 -0.112911 0.460951
7.790000 29.743946 8.412343 -0.001594 1.414440 0.545471 5.148223 -0.109147 0.274247
7.810000 29.757456 8.514589 -0.001554 1.416182 0.660369 5.094829 -0.105040 0.084783
7.830000 29.773426 8.615147 -0.001488 1.414033 0.790815 5.022226 -0.100180 -0.110025
7.850000 29.792736 8.714517 -0.001467 1.409338 0.965272 4.960168 -0.103222 -0.226833
7.870000 29.814596 8.815364 -0.001528 1.404649 1.115182 5.039566 -0.112272 -0.209024
7.890000 29.836744 8.918384 -0.001605 1.401195 1.079372 5.146827 -0.115730 -0.150788
7.910000 29.857661 9.023004 -0.001637 1.399182 1.035267 5.206259 -0.112456 -0.058750
7.930000 29.875822 9.128743 -0.001524 1.400491 0.933682 5.300156 -0.098852 0.078761
7.950000 29.891957 9.236413 -0.001435 1.403815 0.816046 5.388848 -0.096992 0.172163
7.970000 29.905656 9.345394 -0.001416 1.409042 0.685882 5.453658 -0.097518 0.264802
7.990000 29.916722 9.455590 -0.001385 1.415958 0.551746 5.522342 -0.092685 0.361966
8.010000 29.926084 9.566410 -0.001338 1.423538 0.483750 5.531490 -0.097615 0.349858
8.030000 29.938106 9.676800 -0.001455 1.427625 0.611614 5.521494 -0.102822 0.204414
8.050000 29.952907 9.787014 -0.001398 1.428736 0.758319 5.517032 -0.090288 0.039384
8.070000 29.966739 9.896967 -0.001414 1.431674 0.699873 5.498650 -0.106740 0.173401
8.090000 29.977606 10.006739 -0.001546 1.437525 0.539265 5.490577 -0.111739 0.274995
8.110000 29.985149 10.116691 -0.001550 1.445340 0.361523 5.508770 -0.101931 0.372546
8.130000 29.989723 10.227697 -0.001364 1.454732 0.222874 5.553139 -0.084981 0.483598
8.150000 29.992150 10.338954 -0.001282 1.465410 0.110912 5.553295 -0.089161 0.553308
8.170000 29.995279 10.449759 -0.001407 1.473655 0.163508 5.538584 -0.107805 0.399224
8.190000 30.001030 10.560404 -0.001518 1.478368 0.277725 5.533538 -0.105382 0.224794
8.210000 30.009538 10.670949 -0.001452 1.479859 0.412027 5.525208 -0.097889 0.062630
8.230000 30.020502 10.781210 -0.001476 1.478368 0.542075 5.510883 -0.105355 -0.070007
8.250000 30.034446 10.891120 -0.001486 1.474274 0.698035 5.493868 -0.100755 -0.201983
8.270000 30.051540 11.000657 -0.001423 1.467738 0.858125 5.475433 -0.094474 -0.332510
8.290000 30.071547 11.109864 -0.001355 1.459024 1.007151 5.464437 -0.089744 -0.457573
8.310000 30.094174 11.218622 -0.001311 1.448061 1.130969 5.429295 -0.092384 -0.579218
8.330000 30.120012 11.326545 -0.001437 1.434603 1.306704 5.389424 -0.107310 -0.651555
8.350000 30.149569 11.433470 -0.001509 1.419088 1.490369 5.337609 -0.104400 -0.757483
8.370000 30.178537 11.539484 -0.001532 1.407229 1.442731 5.302121 -0.111120 -0.589568
8.390000 30.205399 11.645294 -0.001596 1.399573 1.352638 5.290698 -0.113895 -0.396465
8.410000 30.230423 11.750802 -0.001614 1.396047 1.258027 5.285463 -0.115363 -0.165880
8.430000 30.253691 11.856586 -0.002018 1.396571 1.222953 5.301329 -0.181765 -0.036979
8.450000 30.275088 11.962346 -0.002842 1.400322 1.201183 5.295828 -0.259948 0.072135
8.470000 30.294776 12.067640 -0.004110 1.407300 1.199745 5.285795 -0.360058 0.157804
8.490000 30.311686 12.171938 -0.005505 1.416768 1.122302 5.276927 -0.461490 0.156850
8.510000 30.324807 12.275864 -0.006996 1.426556 0.850562 5.211385 -0.391895 0.278500
8.530000 30.330698 12.381586 -0.005539 1.439037 0.540104 5.286027 -0.279113 0.446465
8.550000 30.332561 12.489092 -0.003968 1.453411 0.242291 5.379142 -0.178747 0.597551
8.570000 30.330418 12.596438 -0.001510 1.469617 -0.079430 5.334865 -0.021113 0.749837
8.590000 30.327148 12.703349 -0.000950 1.486791 -0.165514 5.322901 -0.076938 0.814919
8.610000 30.321310 12.809221 -0.001462 1.504380 -0.292749 5.287645 -0.133916 0.827583
8.630000 30.311821 12.914251 -0.001702 1.522521 -0.473189 5.268527 -0.114227 0.844936
8.650000 30.298757 13.018782 -0.001696 1.541515 -0.662374 5.228518 -0.115776 0.903908
8.670000 30.282894 13.124459 -0.001554 1.560360 -0.813184 5.285457 -0.104154 0.916586
8.690000 30.266784 13.232045 -0.001562 1.577511 -0.800474 5.388108 -0.111052 0.826906
8.710000 30.250000 13.340144 -0.001582 1.593929 -0.889188 5.373237 -0.110616 0.821177
8.730000 30.228650 13.446816 -0.001524 1.612752 -1.093419 5.323765 -0.101330 0.910396
8.750000 30.203493 13.552824 -0.001457 1.633173 -1.278930 5.284827 -0.098478 1.002286
8.770000 30.178969 13.657455 -0.001540 1.650671 -1.240454 5.225382 -0.133004 0.925805
8.790000 30.156655 13.760672 -0.001873 1.665174 -1.120692 5.151571 -0.131574 0.784290
8.810000 30.137021 13.862842 -0.001721 1.675685 -1.011887 5.124519 -0.125400 0.540195
8.830000 30.119045 13.965215 -0.002096 1.682561 -0.973263 5.138795 -0.187456 0.413367
8.850000 30.102749 14.067498 -0.002863 1.686038 -0.950977 5.126134 -0.266885 0.308068
8.870000 30.088133 14.169054 -0.004084 1.686368 -0.947878 5.114770 -0.367483 0.227842
8.890000 30.075438 14.269466 -0.005462 1.683275 -0.942945 5.104553 -0.469138 0.142659
8.910000 30.064995 14.368865 -0.006917 1.677467 -0.679969 4.990084 -0.348405 -0.115478
8.930000 30.064662 14.468805 -0.001906 1.664756 -0.051622 4.992615 0.092226 -0.582638
8.950000 30.064997 14.570640 0.000480 1.653656 -0.002530 5.084988 -0.001163 -0.545175
8.970000 30.064644 14.672897 0.000462 1.640961 -0.011139 5.097939 -0.105128 -0.623836
8.990000 30.065168 14.775001 -0.001343 1.626790 0.059681 5.087291 -0.156868 -0.715177
9.010000 30.069689 14.877090 -0.002077 1.611654 0.179666 5.120092 -0.172331 -0.695887
9.030000 30.077383 14.980597 -0.002337 1.596151 0.324516 5.188792 -0.187354 -0.709139
9.050000 30.088450 15.084327 -0.002950 1.579715 0.418305 5.208801 -0.286806 -0.676778
9.070000 30.102905 15.187321 -0.004034 1.561758 0.514763 5.215354 -0.387511 -0.652498
9.090000 30.120967 15.289151 -0.005404 1.542193 0.612048 5.216668 -0.488791 -0.631519
9.110000 30.142431 15.389866 -0.007102 1.521274 0.724466 5.206936 -0.574079 -0.634096
9.130000 30.168100 15.489165 -0.008368 1.498330 0.909985 5.139379 -0.584323 -0.724423
9.150000 30.198307 15.586666 -0.008817 1.472630 1.118529 5.054406 -0.570498 -0.842759
9.170000 30.232617 15.682375 -0.008883 1.444377 1.318977 4.970540 -0.564255 -0.955283
9.190000 30.270728 15.776318 -0.008923 1.413941 1.510402 4.888550 -0.567257 -1.058328
9.210000 30.312725 15.869637 -0.007962 1.383068 2.065884 4.703252 -0.207658 -1.456546
9.230000 30.359432 15.962048 -0.002113 1.351108 2.298266 4.607288 0.002172 -1.644401
9.250000 30.405536 16.054351 -0.000955 1.322237 2.326826 4.614120 -0.068851 -1.474094
9.270000 30.451165 16.146393 -0.001263 1.296154 2.269489 4.596918 -0.104684 -1.326471
9.290000 30.494786 16.237918 -0.001491 1.274128 2.178439 4.572007 -0.109667 -1.134322
9.310000 30.537202 16.328830 -0.001543 1.254528 2.128651 4.516803 -0.108223 -0.983519
9.330000 30.581269 16.418686 -0.001664 1.232718 2.187785 4.505283 -0.149425 -1.024347
9.350000 30.627238 16.508281 -0.001830 1.210166 2.271692 4.538310 -0.182553 -1.041869
9.370000 30.671866 16.597222 -0.002107 1.190623 2.157705 4.471005 -0.199268 -0.921044
9.390000 30.712399 16.683796 -0.002405 1.173701 1.988896 4.374691 -0.208092 -0.830659
9.410000 30.748581 16.767993 -0.002757 1.159025 1.807171 4.269933 -0.213851 -0.741617
9.430000 30.780402 16.849471 -0.002749 1.146588 1.600992 4.138764 -0.193051 -0.610367
9.450000 30.808454 16.928638 -0.002808 1.136347 1.412489 4.027078 -0.192943 -0.500160
9.470000 30.832546 17.005481 -0.002781 1.128493 1.227378 3.917912 -0.193123 -0.386611
9.490000 30.852950 17.080066 -0.002633 1.123038 1.037202 3.802302 -0.183263 -0.252202
9.510000 30.871528 17.153727 -0.002602 1.119228 0.920874 3.724224 -0.155565 -0.196157
9.530000 30.894730 17.228564 -0.002023 1.113520 1.113510 3.752341 -0.140025 -0.266291
9.550000 30.921674 17.304399 -0.002082 1.106017 1.287254 3.812916 -0.163664 -0.362304
9.570000 30.946902 17.378923 -0.002238 1.099525 1.183578 3.757521 -0.195525 -0.278935
9.590000 30.968900 17.451213 -0.002465 1.095578 1.028149 3.683549 -0.219694 -0.170386
9.610000 30.987007 17.521773 -0.002795 1.094483 0.850226 3.599415 -0.226818 -0.060346
9.630000 31.000676 17.590240 -0.003028 1.096102 0.657601 3.505593 -0.225390 0.049724
9.650000 31.009834 17.656374 -0.003154 1.100173 0.460686 3.404281 -0.222174 0.157355
9.670000 31.015322 17.719961 -0.003054 1.106246 0.306553 3.287819 -0.217539 0.250447
9.690000 31.018371 17.781275 -0.003053 1.113758 0.184336 3.165713 -0.221421 0.315634
9.710000 31.019077 17.840412 -0.003099 1.122857 0.061892 3.060064 -0.224366 0.403224
9.730000 31.017315 17.897436 -0.003143 1.133765 -0.068597 2.953458 -0.226223 0.495357
9.750000 31.012893 17.952234 -0.003169 1.146474 -0.198930 2.843650 -0.227233 0.581655
9.770000 31.006015 18.004796 -0.003180 1.160773 -0.314698 2.735256 -0.227876 0.657275
9.790000 30.996881 18.055164 -0.003180 1.176525 -0.424195 2.627601 -0.228264 0.727581
9.810000 30.985613 18.103357 -0.003171 1.193619 -0.529543 2.520621 -0.228405 0.793943
9.830000 30.972238 18.149412 -0.003172 1.211987 -0.634656 2.413421 -0.227810 0.858082
9.850000 30.956762 18.193307 -0.003169 1.231555 -0.739897 2.305848 -0.226580 0.920072
9.870000 30.939265 18.235039 -0.003153 1.252302 -0.846199 2.198160 -0.224878 0.981120
9.890000 30.919698 18.274686 -0.003152 1.274151 -0.951572 2.090273 -0.221820 1.041794
9.910000 30.898525 18.312215 -0.003145 1.297395 -1.045249 1.985478 -0.217483 1.106817
9.930000 30.877728 18.347547 -0.003061 1.323625 -1.014796 1.896310 -0.233187 1.225704
9.950000 30.855798 18.380710 -0.002930 1.351388 -1.116043 1.788497 -0.230406 1.277911
9.970000 30.836043 18.415290 -0.002403 1.377025 -0.956389 1.730078 -0.151507 1.230238
9.990000 30.819109 18.450942 -0.001852 1.403741 -0.851574 1.793546 -0.100148 1.293615
10.010000 30.802908 18.488032 -0.001768 1.431216 -0.828001 1.843730 -0.132727 1.318053
10.030000 30.787193 18.526922 -0.001778 1.458238 -0.796210 1.922999 -0.120631 1.281492
10.050000 30.771626 18.567883 -0.001719 1.483997 -0.785168 2.041516 -0.107967 1.233329
10.070000 30.755669 18.610891 -0.001597 1.508979 -0.794803 2.130771 -0.113532 1.184531
10.090000 30.738983 18.655944 -0.001517 1.532847 -0.848408 2.243622 -0.100960 1.137299
10.110000 30.721423 18.703155 -0.001476 1.554949 -0.888150 2.360024 -0.105031 1.065008
10.130000 30.704555 18.752983 -0.001528 1.573048 -0.850285 2.482988 -0.108579 0.895531
10.150000 30.689260 18.805358 -0.001522 1.588326 -0.770352 2.611903 -0.103504 0.752692
10.170000 30.675451 18.859342 -0.001533 1.600829 -0.693674 2.682731 -0.110872 0.631909
10.190000 30.663256 18.914673 -0.001591 1.610774 -0.605250 2.753270 -0.113230 0.514395
10.210000 30.653020 18.970863 -0.001598 1.618142 -0.511346 2.771886 -0.110329 0.369909
10.230000 30.644552 19.027352 -0.001689 1.623265 -0.447377 2.805443 -0.138526 0.320949
10.250000 30.638113 19.084554 -0.001903 1.627195 -0.338510 2.843492 -0.149236 0.270860
10.270000 30.633386 19.141368 -0.002213 1.628904 -0.268437 2.824779 -0.173385 0.142535
10.290000 30.630879 19.197660 -0.002800 1.628575 -0.196264 2.778949 -0.244299 0.079985
10.310000 30.630147 19.253629 -0.003858 1.625925 -0.194086 2.788256 -0.346013 0.033206
10.330000 30.631662 19.308813 -0.005052 1.620847 -0.184531 2.800612 -0.449457 -0.015003
10.350000 30.635129 19.364005 -0.006606 1.613935 -0.179660 2.849477 -0.551972 -0.047131
10.370000 30.640655 19.419912 -0.008242 1.605435 -0.110766 2.910521 -0.601361 -0.075967
10.390000 30.648833 19.476381 -0.009107 1.594469 -0.003752 2.941511 -0.594874 -0.189801
10.410000 30.659671 19.533185 -0.009302 1.581028 0.117584 2.964828 -0.586750 -0.236334
10.430000 30.673343 19.590742 -0.009518 1.565962 0.253334 2.995188 -0.596320 -0.313856
10.450000 30.690108 19.648934 -0.009673 1.549036 0.409784 3.014492 -0.597577 -0.380593
10.470000 30.710219 19.707385 -0.009773 1.530544 0.578097 3.027926 -0.598463 -0.443963
10.490000 30.733556 19.766169 -0.009868 1.510210 0.755024 3.040913 -0.600847 -0.509986
10.510000 30.760054 19.826265 -0.008184 1.488200 1.310224 3.048610 -0.205467 -1.077098
10.530000 30.786469 19.888458 -0.002865 1.466640 1.273959 3.082154 -0.040444 -1.093203
10.550000 30.810922 19.951869 -0.001154 1.448626 1.242244 3.157209 -0.058959 -0.940129
10.570000 30.835033 20.014751 -0.001254 1.432772 1.195503 3.138086 -0.102385 -0.807563
10.590000 30.857308 20.077210 -0.001595 1.420524 1.129516 3.117259 -0.142575 -0.687822
10.610000 30.877311 20.139605 -0.001906 1.410660 1.010471 3.121069 -0.129772 -0.530259
10.630000 30.896009 20.203846 -0.001688 1.403845 0.936923 3.200294 -0.107024 -0.357637
10.650000 30.913207 20.269709 -0.001570 1.399483 0.849416 3.281056 -0.108273 -0.243045
10.670000 30.928342 20.334842 -0.001577 1.398391 0.761547 3.247447 -0.111135 -0.069364
10.690000 30.941547 20.399037 -0.001585 1.401018 0.667185 3.207364 -0.110367 0.115315
10.710000 30.952811 20.462392 -0.001572 1.407320 0.571142 3.165862 -0.108692 0.301896
10.730000 30.962093 20.524903 -0.001553 1.417230 0.474825 3.123439 -0.107208 0.488905
10.750000 30.968439 20.586573 -0.001535 1.429594 0.306649 3.081330 -0.105743 0.588534
10.770000 30.970973 20.647433 -0.001515 1.443336 0.119956 3.039339 -0.103793 0.666378
10.790000 30.970119 20.707456 -0.001483 1.458975 -0.053841 2.995801 -0.100795 0.762357
10.810000 30.965576 20.766617 -0.001442 1.476183 -0.245258 2.951433 -0.097388 0.840488
10.830000 30.957487 20.825182 -0.001418 1.494074 -0.404318 2.922622 -0.100756 0.906172
10.850000 30.946825 20.883138 -0.001483 1.512379 -0.532847 2.886523 -0.106288 0.952184
10.870000 30.933798 20.941880 -0.001517 1.530593 -0.657329 2.930442 -0.106736 0.936738
10.890000 30.918924 21.001446 -0.001527 1.548889 -0.746132 2.968862 -0.107002 0.940847
10.910000 30.903014 21.062073 -0.001534 1.566954 -0.771555 3.046933 -0.109745 0.857646
10.930000 30.889316 21.125840 -0.001496 1.581312 -0.667532 3.188087 -0.094818 0.712017
10.950000 30.877294 21.192318 -0.001334 1.592841 -0.578211 3.320605 -0.087044 0.572462
10.970000 30.866924 21.259869 -0.001403 1.601426 -0.512765 3.364974 -0.106831 0.428301
10.990000 30.858647 21.328344 -0.001532 1.607206 -0.423719 3.419365 -0.109045 0.279375
11.010000 30.852472 21.397909 -0.001509 1.610122 -0.330266 3.464898 -0.103613 0.124998
11.030000 30.848842 21.466798 -0.001532 1.610012 -0.181153 3.442302 -0.109257 0.011608
11.050000 30.848197 21.535267 -0.001550 1.607406 -0.041907 3.416121 -0.107183 -0.131220
11.070000 30.850255 21.602501 -0.001521 1.601903 0.095785 3.352503 -0.104743 -0.269112
11.090000 30.855283 21.668557 -0.001511 1.593958 0.247887 3.296578 -0.104799 -0.388240
11.110000 30.863403 21.733465 -0.001501 1.583662 0.408329 3.238824 -0.103466 -0.502680
11.130000 30.874725 21.797218 -0.001480 1.571091 0.569642 3.179882 -0.101189 -0.619382
11.150000 30.889268 21.859804 -0.001448 1.556251 0.738487 3.119691 -0.098226 -0.730727
11.170000 30.906691 21.922872 -0.001389 1.539689 0.877756 3.140760 -0.090486 -0.839650
11.190000 30.926558 21.986789 -0.001314 1.521648 1.001473 3.187403 -0.090671 -0.873108
11.210000 30.947085 22.051539 -0.001383 1.504589 1.018507 3.232854 -0.104185 -0.796958
11.230000 30.965156 22.116264 -0.001531 1.491848 0.923280 3.236054 -0.112665 -0.625873
11.250000 30.980677 22.181095 -0.001595 1.482325 0.796107 3.241938 -0.112047 -0.472956
11.270000 30.993955 22.245308 -0.001590 1.476373 0.691569 3.206719 -0.110807 -0.290108
11.290000 31.004685 22.308878 -0.001586 1.473460 0.552833 3.176627 -0.110390 -0.150449
11.310000 31.012754 22.371744 -0.001576 1.473458 0.430042 3.137742 -0.109109 0.007443
11.330000 31.018240 22.433699 -0.001559 1.476375 0.283740 3.094823 -0.107872 0.136278
11.350000 31.020794 22.494789 -0.001545 1.481813 0.135259 3.051342 -0.106831 0.262751
11.370000 31.020347 22.555033 -0.001529 1.489685 -0.018587 3.006632 -0.105318 0.384987
11.390000 31.016908 22.614716 -0.001506 1.499742 -0.166114 2.975775 -0.103047 0.502530
11.410000 31.010668 22.674561 -0.001474 1.511610 -0.322712 2.985761 -0.099501 0.580955
11.430000 31.001387 22.734745 -0.001412 1.525053 -0.461393 2.998687 -0.094160 0.683010
11.450000 30.989468 22.795342 -0.001362 1.540320 -0.600472 3.016038 -0.091708 0.776875
11.470000 30.977898 22.856152 -0.001418 1.553674 -0.557110 3.034576 -0.105009 0.647906
11.490000 30.969019 22.917815 -0.001460 1.563594 -0.447108 3.084824 -0.098252 0.478537
11.510000 30.962618 22.980161 -0.001389 1.570550 -0.324349 3.103779 -0.097490 0.332752
11.530000 30.958667 23.041893 -0.001495 1.574571 -0.207682 3.082898 -0.110655 0.200874
11.550000 30.957369 23.103073 -0.001565 1.575589 -0.073653 3.055585 -0.109611 0.054761
11.570000 30.958919 23.163368 -0.001542 1.573625 0.070687 3.010213 -0.105531 -0.091137
11.590000 30.963326 23.222815 -0.001511 1.568892 0.217780 2.968069 -0.103616 -0.227835
11.610000 30.970628 23.281635 -0.001481 1.561608 0.365407 2.935212 -0.100226 -0.360072
11.630000 30.980506 23.340788 -0.001420 1.552128 0.498147 2.948955 -0.094928 -0.474258
11.650000 30.992930 23.400405 -0.001370 1.540627 0.635128 2.972440 -0.092052 -0.573768
11.670000 31.005996 23.461016 -0.001426 1.529440 0.622940 3.031946 -0.108001 -0.518865
11.690000 31.016888 23.522923 -0.001553 1.520924 0.531168 3.106675 -0.113149 -0.382464
11.710000 31.026342 23.585120 -0.001614 1.514147 0.459884 3.108583 -0.115100 -0.302312
11.730000 31.033102 23.645441 -0.001480 1.510593 0.343132 3.028016 -0.088641 -0.152240
11.750000 31.037851 23.704153 -0.001290 1.509382 0.246038 2.943071 -0.083752 -0.024848
11.770000 31.040535 23.761798 -0.001321 1.510468 0.130080 2.892935 -0.095796 0.073797
11.790000 31.040786 23.818884 -0.001345 1.513654 0.014957 2.847183 -0.091208 0.192021
11.810000 31.039630 23.875638 -0.001381 1.517956 -0.059149 2.832791 -0.103873 0.228431
11.830000 31.039348 23.932297 -0.001531 1.521082 0.013953 2.830803 -0.113739 0.091699
11.850000 31.040495 23.988870 -0.001612 1.522926 0.045622 2.827970 -0.116097 0.087467
11.870000 31.042731 24.045377 -0.001642 1.523231 0.142597 2.822437 -0.116218 -0.052800
11.890000 31.047018 24.101726 -0.001648 1.521828 0.229648 2.813091 -0.116388 -0.083264
11.910000 31.051243 24.158126 -0.001653 1.520583 0.208319 2.823073 -0.116756 -0.043917
11.930000 31.055123 24.214571 -0.001655 1.519398 0.200770 2.821370 -0.116846 -0.055109
11.950000 31.059113 24.270990 -0.001657 1.518191 0.204092 2.820509 -0.116871 -0.059215
11.970000 31.062651 24.327447 -0.001657 1.517670 0.159593 2.823876 -0.116881 -0.004733
11.990000 31.065677 24.383920 -0.001657 1.517461 0.148166 2.822685 -0.116876 -0.020882
12.010000 31.068839 24.440371 -0.001657 1.517301 0.143547 2.823677 -0.116879 0.007533
12.030000 31.071498 24.496875 -0.001657 1.517688 0.121763 2.825008 -0.116877 0.011957
12.050000 31.074096 24.553369 -0.001657 1.518046 0.122938 2.824198 -0.116876 0.006848
12.070000 31.077783 24.607914 -0.001656 1.517089 0.212233 2.726355 -0.116056 -0.084582
12.090000 31.083419 24.660220 -0.001647 1.513981 0.306829 2.619678 -0.115523 -0.185433
12.110000 31.089680 24.710789 -0.001648 1.510487 0.283702 2.528641 -0.116455 -0.147112
12.130000 31.093856 24.760196 -0.001651 1.509263 0.186021 2.449779 -0.116008 -0.025307
12.150000 31.096716 24.809135 -0.001650 1.509164 0.130241 2.449103 -0.116477 -0.020524
12.170000 31.099191 24.858046 -0.001654 1.509746 0.088426 2.445451 -0.116779 0.041275
12.190000 31.101107 24.906958 -0.001656 1.510750 0.081887 2.444538 -0.116842 0.026697
12.210000 31.103327 24.955840 -0.001656 1.511465 0.111612 2.442288 -0.116840 -0.004285
12.230000 31.106134 25.004690 -0.001657 1.511686 0.130996 2.443017 -0.116857 0.001674
12.250000 31.108837 25.053569 -0.001657 1.511957 0.124473 2.444146 -0.116869 0.006618
12.270000 31.111615 25.102434 -0.001657 1.512005 0.135712 2.442176 -0.116872 -0.013840
12.290000 31.114561 25.151286 -0.001657 1.511965 0.139064 2.442630 -0.116872 -0.010385
12.310000 31.117487 25.200144 -0.001657 1.511918 0.139498 2.442485 -0.116873 -0.014167
12.330000 31.120470 25.248995 -0.001657 1.511807 0.141628 2.442317 -0.116873 -0.014530
12.350000 31.123461 25.297846 -0.001657 1.511701 0.141549 2.442374 -0.116874 -0.014108
12.370000 31.126410 25.346701 -0.001657 1.511641 0.138239 2.442623 -0.116874 -0.011171
12.390000 31.129332 25.395556 -0.001657 1.511595 0.137666 2.442427 -0.116874 -0.012231
12.410000 31.132263 25.444409 -0.001657 1.511560 0.137278 2.442574 -0.116873 -0.009483
12.430000 31.135165 25.493267 -0.001657 1.511562 0.136986 2.442692 -0.116873 -0.009240
12.450000 31.138071 25.542125 -0.001657 1.511557 0.137544 2.442712 -0.116874 -0.009200
12.470000 31.141638 25.589250 -0.001657 1.510591 0.221734 2.353461 -0.116741 -0.091955
12.490000 31.146293 25.634234 -0.001657 1.508349 0.230849 2.259762 -0.116835 -0.087629
12.510000 31.150079 25.677460 -0.001658 1.507118 0.177407 2.172026 -0.116863 -0.013543
12.530000 31.152766 25.719085 -0.001658 1.507069 0.150128 2.080579 -0.116883 0.023821
12.550000 31.155664 25.759454 -0.001658 1.506772 0.170349 1.996921 -0.116893 -0.006188
12.570000 31.158360 25.799338 -0.001658 1.506566 0.130405 1.995841 -0.116883 0.011498
12.590000 31.160652 25.839236 -0.001657 1.506605 0.113311 1.993473 -0.116877 -0.002295
12.610000 31.163058 25.879093 -0.001657 1.506668 0.113737 1.992518 -0.116877 -0.001304
12.630000 31.165449 25.918950 -0.001657 1.506828 0.111051 1.992584 -0.116875 -0.001005
12.650000 31.167831 25.958804 -0.001657 1.506991 0.110441 1.992428 -0.116874 -0.001764
12.670000 31.170268 25.998651 -0.001657 1.507092 0.114512 1.991924 -0.116874 -0.006720
12.690000 31.172748 26.038497 -0.001657 1.507172 0.115127 1.992149 -0.116874 -0.005413
12.710000 31.175222 26.078344 -0.001657 1.507233 0.116650 1.991807 -0.116874 -0.010548
12.730000 31.177780 26.118181 -0.001657 1.507212 0.119987 1.991700 -0.116874 -0.010551
12.750000 31.180343 26.158022 -0.001657 1.507196 0.119860 1.991865 -0.116874 -0.009819
12.770000 31.182896 26.197863 -0.001657 1.507178 0.119150 1.991822 -0.116874 -0.010294
12.790000 31.185441 26.237703 -0.001657 1.507162 0.118638 1.991742 -0.116874 -0.010602
12.810000 31.187989 26.277542 -0.001657 1.507149 0.118685 1.991729 -0.116874 -0.010264
12.830000 31.190542 26.317382 -0.001657 1.507139 0.119381 1.991769 -0.116874 -0.010156
12.850000 31.193099 26.357222 -0.001657 1.507127 0.119661 1.991825 -0.116874 -0.009916
12.870000 31.195647 26.397064 -0.001657 1.507120 0.118940 1.991893 -0.116874 -0.009367
12.890000 31.198185 26.436906 -0.001657 1.507118 0.118593 1.991843 -0.116874 -0.009620
12.910000 31.200725 26.476747 -0.001657 1.507117 0.118426 1.991846 -0.116874 -0.009350
12.930000 31.203256 26.516589 -0.001657 1.507123 0.117814 1.991838 -0.116874 -0.009384
12.950000 31.205786 26.556429 -0.001657 1.507131 0.117725 1.991797 -0.116874 -0.009562
12.970000 31.208554 26.594457 -0.001657 1.506475 0.168036 1.903738 -0.116874 -0.053497
12.990000 31.211587 26.630499 -0.001658 1.505337 0.157975 1.812153 -0.116887 -0.028392
13.010000 31.214155 26.664720 -0.001658 1.504642 0.136623 1.720739 -0.116875 -0.005937
13.030000 31.216280 26.697109 -0.001658 1.504370 0.125051 1.628500 -0.116858 0.005697
13.050000 31.218473 26.727663 -0.001658 1.504080 0.131513 1.533530 -0.116888 0.004766
13.070000 31.220525 26.756806 -0.001658 1.503976 0.112784 1.442401 -0.116899 0.025709
13.090000 31.222406 26.785066 -0.001658 1.503909 0.106189 1.406028 -0.116893 -0.000437
13.110000 31.224225 26.813194 -0.001658 1.503803 0.087564 1.406252 -0.116884 -0.000390
13.130000 31.225959 26.841307 -0.001657 1.503833 0.081662 1.404806 -0.116878 -0.006214
13.150000 31.227768 26.869400 -0.001657 1.503864 0.083252 1.404206 -0.116875 -0.008147
13.170000 31.229619 26.897488 -0.001657 1.503892 0.084187 1.404137 -0.116873 -0.008511
13.190000 31.231473 26.925575 -0.001657 1.503922 0.083822 1.404168 -0.116873 -0.008318
13.210000 31.233325 26.953663 -0.001657 1.503948 0.084122 1.404037 -0.116873 -0.009719
13.230000 31.235197 26.981748 -0.001657 1.503956 0.084881 1.404013 -0.116872 -0.009684
13.250000 31.237071 27.009833 -0.001657 1.503965 0.084763 1.404056 -0.116873 -0.009486
13.270000 31.238944 27.037918 -0.001657 1.503970 0.084925 1.404008 -0.116873 -0.009940
13.290000 31.240821 27.066003 -0.001657 1.503973 0.085008 1.404016 -0.116873 -0.009877
13.310000 31.242697 27.094089 -0.001657 1.503977 0.084730 1.404025 -0.116873 -0.009851
13.330000 31.244564 27.122174 -0.001657 1.503984 0.083994 1.403983 -0.116873 -0.009998
13.350000 31.246429 27.150257 -0.001657 1.503994 0.083848 1.403924 -0.116872 -0.010227
13.370000 31.248300 27.178340 -0.001657 1.504000 0.084227 1.403888 -0.116872 -0.010479
13.390000 31.250176 27.206423 -0.001657 1.504005 0.084387 1.403915 -0.116872 -0.010344
13.410000 31.252052 27.234507 -0.001657 1.504009 0.084555 1.403904 -0.116872 -0.010590
13.430000 31.253935 27.262590 -0.001657 1.504006 0.085046 1.403916 -0.116873 -0.010531
13.450000 31.255818 27.290673 -0.001657 1.504003 0.085112 1.403953 -0.116873 -0.010377
13.470000 31.257700 27.318757 -0.001657 1.504000 0.085072 1.403962 -0.116873 -0.010347
13.490000 31.259582 27.346841 -0.001657 1.503997 0.085081 1.403961 -0.116873 -0.010350
13.510000 31.261463 27.374925 -0.001657 1.503995 0.085017 1.403973 -0.116873 -0.010218
13.530000 31.263341 27.403009 -0.001657 1.503995 0.084805 1.403971 -0.116873 -0.010225
13.550000 31.265219 27.431093 -0.001657 1.503995 0.084788 1.403956 -0.116873 -0.010283
13.570000 31.267096 27.459177 -0.001657 1.503996 0.084774 1.403957 -0.116873 -0.010255
13.590000 31.268974 27.487261 -0.001657 1.503997 0.084759 1.403956 -0.116873 -0.010259
13.610000 31.270637 27.514752 -0.001657 1.503818 0.081550 1.368280 -0.116887 -0.010260
13.630000 31.271551 27.540111 -0.001658 1.502969 0.062976 1.276825 -0.116899 -0.025643
13.650000 31.272371 27.563620 -0.001658 1.502118 0.062444 1.184102 -0.116877 -0.020886
13.670000 31.273142 27.585267 -0.001658 1.501331 0.059953 1.091196 -0.116866 -0.017423
13.690000 31.273854 27.605054 -0.001658 1.500606 0.057131 0.998256 -0.116863 -0.014303
13.710000 31.274507 27.622982 -0.001658 1.499942 0.054062 0.905319 -0.116862 -0.011247
13.730000 31.275097 27.639051 -0.001658 1.499342 0.050808 0.812393 -0.116861 -0.008160
13.750000 31.275624 27.653261 -0.001658 1.498808 0.047450 0.719474 -0.116862 -0.005046
13.770000 31.276085 27.665613 -0.001658 1.498340 0.043995 0.626565 -0.116862 -0.001870
13.790000 31.276479 27.676107 -0.001658 1.497939 0.040488 0.533665 -0.116862 0.001382
13.810000 31.276804 27.684743 -0.001658 1.497608 0.036936 0.440774 -0.116862 0.004697
13.830000 31.277061 27.691522 -0.001658 1.497347 0.033357 0.347892 -0.116861 0.008073
13.850000 31.277247 27.696443 -0.001658 1.497157 0.029761 0.255032 -0.116856 0.011488
13.870000 31.277376 27.699513 -0.001658 1.497050 0.027977 0.161000 -0.116869 0.017086
13.890000 31.277495 27.700979 -0.001658 1.497028 0.025291 0.068327 -0.116893 0.024600
13.910000 31.277538 27.701345 -0.001658 1.497004 0.019809 0.005852 -0.116890 0.010336
13.930000 31.277494 27.701377 -0.001658 1.496858 -0.002602 0.001170 -0.116879 -0.001047
13.950000 31.277347 27.701380 -0.001657 1.496823 -0.012110 -0.001074 -0.116875 -0.009025
13.970000 31.277288 27.701350 -0.001657 1.496803 -0.011039 -0.002154 -0.116871 -0.012254
13.990000 31.277283 27.701310 -0.001657 1.496792 -0.010516 -0.002287 -0.116868 -0.012307
14.010000 31.277279 27.701270 -0.001657 1.496788 -0.011075 -0.002318 -0.116867 -0.012337
14.030000 31.277272 27.701229 -0.001657 1.496787 -0.011347 -0.002379 -0.116866 -0.012547
14.050000 31.277267 27.701187 -0.001657 1.496786 -0.011334 -0.002408 -0.116866 -0.012634
14.070000 31.277264 27.701144 -0.001657 1.496786 -0.011311 -0.002412 -0.116866 -0.012633
14.090000 31.277261 27.701102 -0.001657 1.496786 -0.011314 -0.002411 -0.116866 -0.012624
14.110000 31.277258 27.701059 -0.001657 1.496786 -0.011312 -0.002411 -0.116866 -0.012619
14.130000 31.277255 27.701017 -0.001657 1.496786 -0.011303 -0.002410 -0.116866 -0.012611
14.150000 31.277251 27.700974 -0.001657 1.496786 -0.011293 -0.002408 -0.116866 -0.012600
14.170000 31.277248 27.700932 -0.001657 1.496786 -0.011284 -0.002406 -0.116866 -0.012589
14.190000 31.277245 27.700890 -0.001657 1.496786 -0.011274 -0.002404 -0.116866 -0.012579
14.210000 31.277242 27.700847 -0.001657 1.496786 -0.011265 -0.002402 -0.116866 -0.012568
14.230000 31.277239 27.700805 -0.001657 1.496786 -0.011255 -0.002400 -0.116866 -0.012557
14.250000 31.277236 27.700763 -0.001657 1.496786 -0.011245 -0.002398 -0.116866 -0.012546
14.270000 31.277233 27.700721 -0.001657 1.496786 -0.011235 -0.002396 -0.116866 -0.012535
14.290000 31.277229 27.700678 -0.001657 1.496786 -0.011226 -0.002394 -0.116866 -0.012525
14.310000 31.277226 27.700636 -0.001657 1.496786 -0.011216 -0.002392 -0.116866 -0.012514
14.330000 31.277223 27.700594 -0.001657 1.496786 -0.011206 -0.002390 -0.116867 -0.012503
14.350000 31.277220 27.700552 -0.001657 1.496786 -0.011197 -0.002387 -0.116867 -0.012492
14.370000 31.277217 27.700510 -0.001657 1.496786 -0.011187 -0.002385 -0.116867 -0.012481
14.390000 31.277214 27.700468 -0.001657 1.496786 -0.011178 -0.002383 -0.116867 -0.012471
14.410000 31.277211 27.700426 -0.001657 1.496786 -0.011168 -0.002381 -0.116867 -0.012460
14.430000 31.277208 27.700384 -0.001657 1.496786 -0.011158 -0.002379 -0.116867 -0.012449
14.450000 31.277205 27.700343 -0.001657 1.496786 -0.011149 -0.002377 -0.116867 -0.012438
14.470000 31.277202 27.700301 -0.001657 1.496786 -0.011139 -0.002375 -0.116867 -0.012428
14.490000 31.277198 27.700259 -0.001657 1.496786 -0.011130 -0.002373 -0.116867 -0.012417
14.510000 31.277195 27.700217 -0.001657 1.496786 -0.011120 -0.002371 -0.116867 -0.012406
14.530000 31.277192 27.700176 -0.001657 1.496786 -0.011110 -0.002369 -0.116867 -0.012396
14.550000 31.277189 27.700134 -0.001657 1.496786 -0.011101 -0.002367 -0.116867 -0.012385
14.570000 31.277186 27.700092 -0.001657 1.496786 -0.011091 -0.002365 -0.116867 -0.012374
14.590000 31.277183 27.700051 -0.001657 1.496786 -0.011082 -0.002363 -0.116867 -0.012364
14.610000 31.277180 27.700009 -0.001657 1.496786 -0.011072 -0.002361 -0.116867 -0.012353
14.630000 31.277177 27.699968 -0.001657 1.496786 -0.011063 -0.002359 -0.116867 -0.012342
14.650000 31.277174 27.699926 -0.001657 1.496786 -0.011053 -0.002357 -0.116867 -0.012332
14.670000 31.277171 27.699885 -0.001657 1.496786 -0.011044 -0.002355 -0.116868 -0.012321
14.690000 31.277168 27.699843 -0.001657 1.496786 -0.011034 -0.002353 -0.116868 -0.012310
14.710000 31.277165 27.699802 -0.001657 1.496786 -0.011025 -0.002351 -0.116868 -0.012300
14.730000 31.277162 27.699761 -0.001657 1.496786 -0.011015 -0.002349 -0.116868 -0.012289
14.750000 31.277159 27.699719 -0.001657 1.496786 -0.011006 -0.002347 -0.116868 -0.012278
14.770000 31.277156 27.699678 -0.001657 1.496786 -0.010996 -0.002345 -0.116868 -0.012268
14.790000 31.277152 27.699637 -0.001657 1.496786 -0.010987 -0.002343 -0.116868 -0.012257
14.810000 31.277149 27.699596 -0.001657 1.496786 -0.010977 -0.002341 -0.116868 -0.012247
14.830000 31.277146 27.699554 -0.001657 1.496786 -0.010968 -0.002339 -0.116868 -0.012236
14.850000 31.277143 27.699513 -0.001657 1.496786 -0.010958 -0.002337 -0.116868 -0.012225
14.870000 31.277140 27.699472 -0.001657 1.496786 -0.010949 -0.002335 -0.116868 -0.012215
14.890000 31.277137 27.699431 -0.001657 1.496786 -0.010939 -0.002333 -0.116868 -0.012204
14.910000 31.277134 27.699390 -0.001657 1.496786 -0.010930 -0.002331 -0.116868 -0.012194
14.930000 31.277131 27.699349 -0.001657 1.496786 -0.010920 -0.002328 -0.116868 -0.012183
14.950000 31.277128 27.699308 -0.001657 1.496786 -0.010911 -0.002326 -0.116868 -0.012173
14.970000 31.277125 27.699268 -0.001657 1.496786 -0.010902 -0.002324 -0.116868 -0.012162
14.990000 31.277122 27.699227 -0.001657 1.496786 -0.010892 -0.002322 -0.116868 -0.012151
15.010000 31.277119 27.699186 -0.001657 1.496786 -0.010883 -0.002320 -0.116869 -0.012141
15.030000 31.277116 27.699145 -0.001657 1.496786 -0.010873 -0.002318 -0.116869 -0.012130
15.050000 31.277113 27.699104 -0.001657 1.496786 -0.010864 -0.002316 -0.116869 -0.012120
15.070000 31.277110 27.699064 -0.001657 1.496786 -0.010855 -0.002314 -0.116869 -0.012109
15.090000 31.277107 27.699023 -0.001657 1.496786 -0.010845 -0.002312 -0.116869 -0.012099
15.110000 31.277104 27.698982 -0.001657 1.496786 -0.010836 -0.002310 -0.116869 -0.012089
15.130000 31.277101 27.698942 -0.001657 1.496786 -0.010827 -0.002308 -0.116869 -0.012078
15.150000 31.277098 27.698901 -0.001657 1.496786 -0.010817 -0.002306 -0.116869 -0.012068
15.170000 31.277095 27.698861 -0.001657 1.496786 -0.010808 -0.002304 -0.116869 -0.012057
15.190000 31.277092 27.698820 -0.001657 1.496786 -0.010799 -0.002302 -0.116869 -0.012047
15.210000 31.277089 27.698780 -0.001657 1.496786 -0.010789 -0.002300 -0.116869 -0.012036
15.230000 31.277086 27.698740 -0.001657 1.496786 -0.010780 -0.002298 -0.116869 -0.012026
15.250000 31.277083 27.698699 -0.001657 1.496786 -0.010771 -0.002297 -0.116869 -0.012016
15.270000 31.277080 27.698659 -0.001657 1.496786 -0.010761 -0.002295 -0.116869 -0.012005
15.290000 31.277077 27.698619 -0.001657 1.496786 -0.010752 -0.002293 -0.116869 -0.011995
15.310000 31.277074 27.698578 -0.001657 1.496786 -0.010743 -0.002291 -0.116869 -0.011984
15.330000 31.277071 27.698538 -0.001657 1.496786 -0.010733 -0.002289 -0.116869 -0.011974
15.350000 31.277068 27.698498 -0.001657 1.496786 -0.010724 -0.002287 -0.116869 -0.011964
15.370000 31.277065 27.698458 -0.001657 1.496786 -0.010715 -0.002285 -0.116869 -0.011953
15.390000 31.277062 27.698418 -0.001657 1.496786 -0.010706 -0.002283 -0.116870 -0.011943
15.410000 31.277059 27.698378 -0.001657 1.496786 -0.010696 -0.002281 -0.116870 -0.011933
15.430000 31.277056 27.698338 -0.001657 1.496786 -0.010687 -0.002279 -0.116870 -0.011922
15.450000 31.277053 27.698298 -0.001657 1.496786 -0.010678 -0.002277 -0.116870 -0.011912
15.470000 31.277050 27.698258 -0.001657 1.496786 -0.010669 -0.002275 -0.116870 -0.011902
15.490000 31.277048 27.698218 -0.001657 1.496786 -0.010659 -0.002273 -0.116870 -0.011891
15.510000 31.277045 27.698178 -0.001657 1.496786 -0.010650 -0.002271 -0.116870 -0.011881
15.530000 31.277042 27.698138 -0.001657 1.496786 -0.010641 -0.002269 -0.116870 -0.011871
15.550000 31.277039 27.698098 -0.001657 1.496786 -0.010632 -0.002267 -0.116870 -0.011860
15.570000 31.277036 27.698058 -0.001657 1.496786 -0.010623 -0.002265 -0.116870 -0.011850
15.590000 31.277033 27.698019 -0.001657 1.496786 -0.010613 -0.002263 -0.116870 -0.011840
15.610000 31.277030 27.697979 -0.001657 1.496786 -0.010604 -0.002261 -0.116870 -0.011830
15.630000 31.277027 27.697939 -0.001657 1.496786 -0.010595 -0.002259 -0.116870 -0.011819
15.650000 31.277024 27.697900 -0.001657 1.496786 -0.010586 -0.002257 -0.116870 -0.011809
15.670000 31.277021 27.697860 -0.001657 1.496786 -0.010577 -0.002255 -0.116870 -0.011799
15.690000 31.277018 27.697820 -0.001657 1.496786 -0.010568 -0.002253 -0.116870 -0.011789
15.710000 31.277015 27.697781 -0.001657 1.496786 -0.010559 -0.002251 -0.116870 -0.011778
15.730000 31.277012 27.697741 -0.001657 1.496786 -0.010549 -0.002249 -0.116870 -0.011768
15.750000 31.277009 27.697702 -0.001657 1.496786 -0.010540 -0.002247 -0.116870 -0.011758
15.770000 31.277006 27.697663 -0.001657 1.496786 -0.010531 -0.002245 -0.116870 -0.011748
15.790000 31.277004 27.697623 -0.001657 1.496786 -0.010522 -0.002243 -0.116871 -0.011738
15.810000 31.277001 27.697584 -0.001657 1.496786 -0.010513 -0.002242 -0.116871 -0.011727
15.830000 31.276998 27.697544 -0.001657 1.496786 -0.010504 -0.002240 -0.116871 -0.011717
15.850000 31.276995 27.697505 -0.001657 1.496786 -0.010495 -0.002238 -0.116871 -0.011707
15.870000 31.276992 27.697466 -0.001657 1.496786 -0.010486 -0.002236 -0.116871 -0.011697
15.890000 31.276989 27.697427 -0.001657 1.496786 -0.010477 -0.002234 -0.116871 -0.011687
15.910000 31.276986 27.697388 -0.001657 1.496786 -0.010468 -0.002232 -0.116871 -0.011677
15.930000 31.276983 27.697348 -0.001657 1.496786 -0.010459 -0.002230 -0.116871 -0.011667
15.950000 31.276980 27.697309 -0.001657 1.496786 -0.010449 -0.002228 -0.116871 -0.011656
15.970000 31.276977 27.697270 -0.001657 1.496786 -0.010440 -0.002226 -0.116871 -0.011646
15.990000 31.276975 27.697231 -0.001657 1.496786 -0.010431 -0.002224 -0.116871 -0.011636
16.010000 31.276972 27.697192 -0.001657 1.496786 -0.010422 -0.002222 -0.116871 -0.011626
16.030000 31.276969 27.697153 -0.001657 1.496786 -0.010413 -0.002220 -0.116871 -0.011616
16.050000 31.276966 27.697114 -0.001657 1.496786 -0.010404 -0.002218 -0.116871 -0.011606
16.070000 31.276963 27.697076 -0.001657 1.496786 -0.010395 -0.002216 -0.116871 -0.011596
16.090000 31.276960 27.697037 -0.001657 1.496786 -0.010386 -0.002215 -0.116871 -0.011586
16.110000 31.276957 27.696998 -0.001657 1.496786 -0.010377 -0.002213 -0.116871 -0.011576
16.130000 31.276954 27.696959 -0.001657 1.496786 -0.010369 -0.002211 -0.116871 -0.011566
16.150000 31.276952 27.696920 -0.001657 1.496786 -0.010360 -0.002209 -0.116871 -0.011556
16.170000 31.276949 27.696882 -0.001657 1.496786 -0.010351 -0.002207 -0.116871 -0.011546
16.190000 31.276946 27.696843 -0.001657 1.496786 -0.010342 -0.002205 -0.116871 -0.011536
16.210000 31.276943 27.696804 -0.001657 1.496786 -0.010333 -0.002203 -0.116872 -0.011526
16.230000 31.276940 27.696766 -0.001657 1.496786 -0.010324 -0.002201 -0.116872 -0.011516
16.250000 31.276937 27.696727 -0.001657 1.496786 -0.010315 -0.002199 -0.116872 -0.011506
16.270000 31.276934 27.696689 -0.001657 1.496786 -0.010306 -0.002197 -0.116872 -0.011496
16.290000 31.276932 27.696650 -0.001657 1.496786 -0.010297 -0.002195 -0.116872 -0.011486
16.310000 31.276929 27.696612 -0.001657 1.496786 -0.010288 -0.002194 -0.116872 -0.011476
16.330000 31.276926 27.696573 -0.001657 1.496786 -0.010279 -0.002192 -0.116872 -0.011466
16.350000 31.276923 27.696535 -0.001657 1.496786 -0.010270 -0.002190 -0.116872 -0.011456
16.370000 31.276920 27.696497 -0.001657 1.496786 -0.010261 -0.002188 -0.116872 -0.011446
16.390000 31.276917 27.696458 -0.001657 1.496786 -0.010253 -0.002186 -0.116872 -0.011436
16.410000 31.276915 27.696420 -0.001657 1.496786 -0.010244 -0.002184 -0.116872 -0.011426
16.430000 31.276912 27.696382 -0.001657 1.496786 -0.010235 -0.002182 -0.116872 -0.011416
16.450000 31.276909 27.696343 -0.001657 1.496786 -0.010226 -0.002180 -0.116872 -0.011407
16.470000 31.276906 27.696305 -0.001657 1.496786 -0.010217 -0.002178 -0.116872 -0.011397
16.490000 31.276903 27.696267 -0.001657 1.496786 -0.010208 -0.002176 -0.116872 -0.011387
16.510000 31.276900 27.696229 -0.001657 1.496786 -0.010200 -0.002175 -0.116872 -0.011377
16.530000 31.276898 27.696191 -0.001657 1.496786 -0.010191 -0.002173 -0.116872 -0.011367
16.550000 31.276895 27.696153 -0.001657 1.496786 -0.010182 -0.002171 -0.116872 -0.011357
16.570000 31.276892 27.696115 -0.001657 1.496786 -0.010173 -0.002169 -0.116872 -0.011347
16.590000 31.276889 27.696077 -0.001657 1.496786 -0.010164 -0.002167 -0.116872 -0.011337
16.610000 31.276886 27.696039 -0.001657 1.496786 -0.010155 -0.002165 -0.116872 -0.011328
16.630000 31.276884 27.696001 -0.001657 1.496786 -0.010147 -0.002163 -0.116872 -0.011318
16.650000 31.276881 27.695963 -0.001657 1.496786 -0.010138 -0.002161 -0.116873 -0.011308
16.670000 31.276878 27.695925 -0.001657 1.496786 -0.010129 -0.002160 -0.116873 -0.011298
16.690000 31.276875 27.695888 -0.001657 1.496786 -0.010120 -0.002158 -0.116873 -0.011288
16.710000 31.276872 27.695850 -0.001657 1.496786 -0.010112 -0.002156 -0.116873 -0.011279
16.730000 31.276870 27.695812 -0.001657 1.496786 -0.010103 -0.002154 -0.116873 -0.011269
16.750000 31.276867 27.695774 -0.001657 1.496786 -0.010094 -0.002152 -0.116873 -0.011259
16.770000 31.276864 27.695737 -0.001657 1.496786 -0.010085 -0.002150 -0.116873 -0.011249
16.790000 31.276861 27.695699 -0.001657 1.496786 -0.010077 -0.002148 -0.116873 -0.011239
16.810000 31.276858 27.695662 -0.001657 1.496786 -0.010068 -0.002146 -0.116873 -0.011230
16.830000 31.276856 27.695624 -0.001657 1.496786 -0.010059 -0.002145 -0.116873 -0.011220
16.850000 31.276853 27.695586 -0.001657 1.496786 -0.010050 -0.002143 -0.116873 -0.011210
16.870000 31.276850 27.695549 -0.001657 1.496786 -0.010042 -0.002141 -0.116873 -0.011200
16.890000 31.276847 27.695512 -0.001657 1.496786 -0.010033 -0.002139 -0.116873 -0.011191
16.910000 31.276845 27.695474 -0.001657 1.496786 -0.010024 -0.002137 -0.116873 -0.011181
16.930000 31.276842 27.695437 -0.001657 1.496786 -0.010016 -0.002135 -0.116873 -0.011171
16.950000 31.276839 27.695399 -0.001657 1.496786 -0.010007 -0.002133 -0.116873 -0.011162
16.970000 31.276836 27.695362 -0.001657 1.496786 -0.009998 -0.002132 -0.116873 -0.011152
16.990000 31.276834 27.695325 -0.001657 1.496786 -0.009990 -0.002130 -0.116873 -0.011142
17.010000 31.276831 27.695288 -0.001657 1.496786 -0.009981 -0.002128 -0.116873 -0.011132
17.030000 31.276828 27.695250 -0.001657 1.496786 -0.009972 -0.002126 -0.116873 -0.011123
17.050000 31.276825 27.695213 -0.001657 1.496786 -0.009964 -0.002124 -0.116873 -0.011113
17.070000 31.276823 27.695176 -0.001657 1.496786 -0.009955 -0.002122 -0.116873 -0.011103
17.090000 31.276820 27.695139 -0.001657 1.496786 -0.009946 -0.002121 -0.116873 -0.011094
17.110000 31.276817 27.695102 -0.001657 1.496786 -0.009938 -0.002119 -0.116873 -0.011084
17.130000 31.276814 27.695065 -0.001657 1.496786 -0.009929 -0.002117 -0.116874 -0.011075
17.150000 31.276812 27.695028 -0.001657 1.496786 -0.009921 -0.002115 -0.116874 -0.011065
17.170000 31.276809 27.694991 -0.001657 1.496786 -0.009912 -0.002113 -0.116874 -0.011055
17.190000 31.276806 27.694954 -0.001657 1.496786 -0.009903 -0.002111 -0.116874 -0.011046
17.210000 31.276803 27.694917 -0.001657 1.496786 -0.009895 -0.002109 -0.116874 -0.011036
17.230000 31.276801 27.694880 -0.001657 1.496786 -0.009886 -0.002108 -0.116874 -0.011027
17.250000 31.276798 27.694843 -0.001657 1.496786 -0.009878 -0.002106 -0.116874 -0.011017
17.270000 31.276795 27.694806 -0.001657 1.496786 -0.009869 -0.002104 -0.116874 -0.011007
17.290000 31.276793 27.694770 -0.001657 1.496786 -0.009861 -0.002102 -0.116874 -0.010998
17.310000 31.276790 27.694733 -0.001657 1.496786 -0.009852 -0.002100 -0.116874 -0.010988
17.330000 31.276787 27.694696 -0.001657 1.496786 -0.009844 -0.002099 -0.116874 -0.010979
17.350000 31.276784 27.694660 -0.001657 1.496786 -0.009835 -0.002097 -0.116874 -0.010969
17.370000 31.276782 27.694623 -0.001657 1.496786 -0.009826 -0.002095 -0.116874 -0.010960
17.390000 31.276779 27.694586 -0.001657 1.496786 -0.009818 -0.002093 -0.116874 -0.010950
17.410000 31.276776 27.694550 -0.001657 1.496786 -0.009809 -0.002091 -0.116874 -0.010941
17.430000 31.276774 27.694513 -0.001657 1.496786 -0.009801 -0.002089 -0.116874 -0.010931
17.450000 31.276771 27.694477 -0.001657 1.496786 -0.009792 -0.002088 -0.116874 -0.010922
17.470000 31.276768 27.694440 -0.001657 1.496786 -0.009784 -0.002086 -0.116874 -0.010912
17.490000 31.276765 27.694404 -0.001657 1.496786 -0.009775 -0.002084 -0.116874 -0.010903
17.510000 31.276763 27.694367 -0.001657 1.496786 -0.009767 -0.002082 -0.116874 -0.010893
17.530000 31.276760 27.694331 -0.001657 1.496786 -0.009759 -0.002080 -0.116874 -0.010884
17.550000 31.276757 27.694295 -0.001657 1.496786 -0.009750 -0.002079 -0.116874 -0.010874
17.570000 31.276755 27.694258 -0.001657 1.496786 -0.009742 -0.002077 -0.116874 -0.010865
