# stamp x y z yaw vx vy vz angular_v
0.428000 0.000003 0.000000 -0.001577 0.000000 -0.000022 -0.000014 -0.115866 -0.000004
0.448000 0.000004 0.000000 -0.001634 0.000000 -0.000026 -0.000014 -0.116634 -0.000004
0.468000 0.000006 0.000000 -0.001651 0.000000 -0.000028 -0.000014 -0.116808 -0.000004
0.488000 0.000008 0.000000 -0.001655 0.000000 -0.000028 -0.000014 -0.116847 -0.000004
0.508000 0.000010 0.000000 -0.001657 0.000000 -0.000028 -0.000015 -0.116856 -0.000004
0.528000 0.000011 0.000000 -0.001657 0.000000 -0.000028 -0.000015 -0.116858 -0.000004
0.548000 0.000013 0.000000 -0.001657 0.000000 -0.000028 -0.000015 -0.116859 -0.000004
0.568000 0.000015 0.000000 -0.001657 0.000000 -0.000028 -0.000015 -0.116859 -0.000004
0.588000 0.000017 0.000000 -0.001657 0.000000 -0.000028 -0.000015 -0.116859 -0.000004
0.608000 0.000018 0.000000 -0.001657 0.000000 -0.000028 -0.000015 -0.116859 -0.000004
0.628000 0.000020 0.000000 -0.001657 0.000000 -0.000028 -0.000015 -0.116859 -0.000004
0.648000 0.000022 0.000000 -0.001657 0.000000 -0.000028 -0.000015 -0.116859 -0.000004
0.668000 0.000024 0.000000 -0.001657 0.000000 -0.000028 -0.000015 -0.116859 -0.000004
0.688000 0.000025 0.000000 -0.001657 0.000000 -0.000028 -0.000015 -0.116859 -0.000004
0.708000 0.000027 0.000000 -0.001657 0.000000 -0.000028 -0.000015 -0.116859 -0.000004
0.728000 0.000029 0.000000 -0.001657 0.000000 -0.000028 -0.000015 -0.116859 -0.000004
0.748000 0.000031 0.000000 -0.001657 0.000000 -0.000028 -0.000015 -0.116859 -0.000004
0.768000 0.001772 -0.000015 -0.001654 -0.000016 0.088764 -0.002319 -0.116690 -0.002308
0.788000 0.005801 -0.000103 -0.001653 -0.000103 0.187633 -0.005477 -0.116739 -0.005123
0.808000 0.011729 -0.000206 -0.001654 -0.000193 0.283844 -0.001107 -0.116801 0.000108
0.828000 0.019553 -0.000060 -0.001655 -0.000023 0.379389 0.010379 -0.116824 0.011180
0.848000 0.029288 0.000107 -0.001656 0.000145 0.475301 0.006845 -0.116831 0.006426
0.868000 0.040936 0.000108 -0.001656 0.000125 0.570822 -0.008192 -0.116833 -0.009412
0.888000 0.054496 -0.000070 -0.001656 -0.000065 0.666624 -0.006539 -0.116834 -0.006415
0.908000 0.069972 -0.000168 -0.001656 -0.000155 0.762395 -0.002763 -0.116834 -0.001911
0.928000 0.087363 -0.000096 -0.001656 -0.000064 0.858096 0.006040 -0.116834 0.006828
0.948000 0.106669 -0.000016 -0.001656 0.000022 0.953878 0.002388 -0.116834 0.002429
0.968000 0.127889 -0.000054 -0.001656 -0.000021 1.049561 -0.006609 -0.116834 -0.006840
0.988000 0.151024 -0.000186 -0.001656 -0.000150 1.145323 -0.005167 -0.116834 -0.004480
1.008000 0.176073 -0.000250 -0.001656 -0.000195 1.240937 0.003191 -0.116835 0.004688
1.028000 0.203031 0.000047 -0.001656 0.000127 1.336421 0.018348 -0.116834 0.018714
1.048000 0.231905 0.000336 -0.001656 0.000398 1.432280 0.011948 -0.116834 0.010324
1.068000 0.262680 0.000171 -0.001656 0.000176 1.526480 -0.035190 -0.116833 -0.038424
1.088000 0.295351 -0.000604 -0.001656 -0.000615 1.622382 -0.031485 -0.116833 -0.029438
1.108000 0.329942 -0.001044 -0.001656 -0.000980 1.717142 0.000082 -0.116855 0.006246
1.128000 0.366390 -0.000104 -0.001656 0.000086 1.810188 0.066868 -0.116823 0.070242
1.148000 0.404752 0.000896 -0.001656 0.001065 1.907312 0.036289 -0.116830 0.031943
1.168000 0.444991 0.000725 -0.001656 0.000747 1.998025 -0.049368 -0.116597 -0.056843
1.188000 0.487045 -0.001209 -0.001654 -0.001280 2.090922 -0.104847 -0.116669 -0.102813
1.208000 0.531027 -0.002491 -0.001655 -0.002392 2.186344 -0.028783 -0.116714 -0.015558
1.228000 0.576804 -0.001497 -0.001650 -0.001101 2.275471 0.077090 -0.115349 0.088126
1.248000 0.624379 0.001279 -0.001644 0.001809 2.366347 0.157141 -0.116091 0.154661
1.268000 0.673766 0.002881 -0.001634 0.003161 2.455577 0.053289 -0.107747 0.037014
1.288000 0.724905 0.001649 -0.001391 0.001540 2.545308 -0.078506 -0.082869 -0.091246
1.308000 0.777840 -0.001382 -0.001327 -0.001668 2.635828 -0.171179 -0.098067 -0.170737
1.328000 0.832667 -0.004419 -0.001491 -0.004489 2.733481 -0.118619 -0.112351 -0.098098
1.348000 0.889503 -0.005800 -0.001595 -0.005350 2.832425 -0.050446 -0.115655 -0.021838
1.368000 0.948257 -0.006299 -0.001636 -0.005234 2.925587 0.014587 -0.116463 0.046468
1.388000 1.008889 -0.005196 -0.001649 -0.003542 3.020197 0.060870 -0.116685 0.084922
1.408000 1.071448 -0.004503 -0.001654 -0.002472 3.116941 0.011487 -0.116753 0.026509
1.428000 1.135931 -0.004571 -0.001655 -0.002270 3.212706 -0.000627 -0.116804 0.013079
1.448000 1.202325 -0.004318 -0.001656 -0.001760 3.308180 0.018633 -0.116825 0.030343
1.468000 1.270631 -0.003919 -0.001656 -0.001165 3.403777 0.023062 -0.116830 0.031444
1.488000 1.340848 -0.003403 -0.001656 -0.000520 3.499379 0.027154 -0.116831 0.031936
1.508000 1.412976 -0.002787 -0.001656 0.000156 3.594609 0.042897 -0.116835 0.044753
1.528000 1.486998 -0.001499 -0.001656 0.001432 3.689413 0.072582 -0.116832 0.068465
1.548000 1.562932 -0.000133 -0.001656 0.002635 3.785334 0.065973 -0.116832 0.054338
1.568000 1.640729 0.000205 -0.001656 0.002647 3.876410 -0.014592 -0.115931 -0.031379
1.588000 1.720321 -0.001840 -0.001615 0.000280 3.967188 -0.127376 -0.111126 -0.136183
1.608000 1.801738 -0.005338 -0.001615 -0.003243 4.057761 -0.170228 -0.115031 -0.159180
1.628000 1.884981 -0.006642 -0.001537 -0.004139 4.150986 -0.048805 -0.093343 -0.026573
1.648000 1.970093 -0.005619 -0.001319 -0.002626 4.244955 0.067064 -0.084259 0.085638
1.668000 2.057074 -0.003244 -0.001360 0.000038 4.338937 0.113747 -0.104891 0.118432
1.688000 2.145962 -0.002057 -0.001530 0.001187 4.434795 0.024214 -0.113771 0.017774
1.708000 2.236785 -0.002224 -0.001611 0.000879 4.530470 -0.004726 -0.116057 -0.009605
1.728000 2.329525 -0.001856 -0.001642 0.001161 4.625774 0.029114 -0.116653 0.024316
1.748000 2.424180 -0.001403 -0.001652 0.001481 4.721425 0.016414 -0.116791 0.008692
1.768000 2.520729 -0.000447 -0.001655 0.002293 4.814735 0.089824 -0.116807 0.082043
1.788000 2.619154 0.001773 -0.001656 0.004257 4.909987 0.105471 -0.116816 0.086181
1.808000 2.719497 0.003457 -0.001656 0.005453 5.004637 0.060793 -0.116721 0.031366
1.828000 2.821674 0.002897 -0.001628 0.004250 5.096628 -0.052541 -0.108865 -0.080824
1.848000 2.925690 0.000153 -0.001548 0.001007 5.188929 -0.163256 -0.108800 -0.177031
1.868000 3.031582 -0.002882 -0.001592 -0.002099 5.284106 -0.120157 -0.114644 -0.110832
1.888000 3.139396 -0.003764 -0.001625 -0.002694 5.381334 -0.020527 -0.114856 -0.002592
1.908000 3.248819 -0.003217 -0.001636 -0.001835 5.477454 0.041739 -0.116028 0.063430
1.928000 3.359550 -0.002642 -0.001647 -0.001026 5.559089 0.013171 -0.116566 0.021903
1.948000 3.470703 -0.002503 -0.001653 -0.000733 5.555956 0.011557 -0.116747 0.016805
1.968000 3.581825 -0.001407 -0.001655 0.000484 5.556762 0.095217 -0.116723 0.094580
1.988000 3.692964 0.000787 -0.001656 0.002632 5.556609 0.109392 -0.116791 0.106627
2.008000 3.804101 0.002682 -0.001657 0.004193 5.555943 0.062328 -0.116725 0.052823
2.028000 3.915220 0.001970 -0.001649 0.003062 5.556453 -0.070208 -0.114936 -0.089270
2.048000 4.026273 -0.000496 -0.001641 0.000290 5.549229 -0.137295 -0.115737 -0.159094
2.068000 4.137272 -0.002139 -0.001648 -0.001406 5.548585 -0.032465 -0.116312 -0.041301
2.088000 4.248358 -0.001546 -0.001650 -0.000776 5.554390 0.046167 -0.116340 0.056469
2.108000 4.359458 -0.000901 -0.001653 0.000012 5.556419 0.024174 -0.116722 0.032012
2.128000 4.470589 -0.000104 -0.001656 0.000830 5.556417 0.045516 -0.116823 0.044015
2.148000 4.581719 0.000816 -0.001657 0.001682 5.556356 0.047042 -0.116848 0.041527
2.168000 4.692826 0.000553 -0.001657 0.001144 5.555489 -0.064578 -0.116325 -0.065603
2.188000 4.803894 -0.002144 -0.001650 -0.001630 5.552113 -0.160292 -0.116036 -0.166374
2.208000 4.914899 -0.005152 -0.001651 -0.004421 5.549148 -0.112879 -0.116567 -0.111963
2.228000 5.025943 -0.005329 -0.001635 -0.004181 5.553864 0.021307 -0.111514 0.041151
2.248000 5.137067 -0.003603 -0.001608 -0.002055 5.552716 0.098799 -0.113892 0.126104
2.268000 5.248132 -0.002148 -0.001631 -0.000330 5.550842 0.020757 -0.116069 0.034695
2.288000 5.359254 -0.002242 -0.001647 -0.000279 5.556484 0.004709 -0.116649 0.006809
2.308000 5.470375 -0.001806 -0.001654 0.000192 5.556122 0.046491 -0.116815 0.051078
2.328000 5.581510 -0.000360 -0.001656 0.001604 5.556689 0.075834 -0.116844 0.073850
2.348000 5.692648 0.001114 -0.001657 0.002947 5.556649 0.074604 -0.116853 0.064096
2.368000 5.803766 0.001272 -0.001657 0.002695 5.556565 -0.043224 -0.116305 -0.052312
2.388000 5.914845 -0.000921 -0.001650 0.000274 5.551541 -0.133300 -0.116137 -0.148375
2.408000 6.025865 -0.003256 -0.001652 -0.002087 5.550141 -0.075452 -0.116651 -0.082590
2.428000 6.136932 -0.003079 -0.001653 -0.001776 5.556289 0.046149 -0.116190 0.052714
2.448000 6.248044 -0.001737 -0.001652 -0.000272 5.552967 0.055732 -0.116614 0.069049
2.468000 6.359167 -0.001029 -0.001655 0.000549 5.556453 0.033572 -0.116801 0.035066
2.488000 6.470296 -0.000205 -0.001656 0.001328 5.556335 0.044901 -0.116844 0.040627
2.508000 6.581421 0.000541 -0.001657 0.001865 5.555571 0.006182 -0.116816 -0.001699
2.528000 6.692514 -0.000965 -0.001655 0.000196 5.553545 -0.113612 -0.116405 -0.120254
2.548000 6.803561 -0.003481 -0.001654 -0.002361 5.552726 -0.110679 -0.116706 -0.113568
2.568000 6.914631 -0.004315 -0.001656 -0.002909 5.554214 0.006639 -0.116282 0.011119
2.588000 7.025756 -0.002750 -0.001650 -0.001113 5.554669 0.099914 -0.116031 0.116248
2.608000 7.136840 -0.000851 -0.001651 0.000929 5.551574 0.053860 -0.116605 0.063158
2.628000 7.247950 -0.000796 -0.001654 0.001004 5.555937 -0.006600 -0.116740 -0.011016
2.648000 7.359065 -0.000509 -0.001656 0.001152 5.555769 0.023945 -0.116830 0.016619
2.668000 7.470170 -0.000971 -0.001656 0.000509 5.554066 -0.077730 -0.116777 -0.079538
2.688000 7.581247 -0.002639 -0.001656 -0.001204 5.553725 -0.073276 -0.116830 -0.076633
2.708000 7.692322 -0.003819 -0.001657 -0.002198 5.552887 -0.028116 -0.116829 -0.022818
2.728000 7.803410 -0.002405 -0.001653 -0.000575 5.556825 0.106024 -0.115527 0.112046
2.748000 7.914531 0.000762 -0.001646 0.002636 5.551603 0.175590 -0.116070 0.183182
2.768000 8.025595 0.002890 -0.001650 0.004445 5.551109 0.061491 -0.115807 0.061762
2.788000 8.136685 0.002372 -0.001632 0.003547 5.554160 -0.048864 -0.114180 -0.069097
2.808000 8.247723 0.000896 -0.001636 0.001701 5.548149 -0.058069 -0.116007 -0.084325
2.828000 8.358781 0.000632 -0.001648 0.001137 5.555431 -0.000787 -0.116656 -0.011828
2.848000 8.469886 0.000361 -0.001654 0.000734 5.555000 -0.019827 -0.116810 -0.024911
2.868000 8.580973 -0.000853 -0.001656 -0.000604 5.553540 -0.105206 -0.116824 -0.106200
2.888000 8.692044 -0.002988 -0.001657 -0.002701 5.553642 -0.101039 -0.116845 -0.097377
2.908000 8.803111 -0.004794 -0.001657 -0.004155 5.552712 -0.060288 -0.116834 -0.046625
2.928000 8.914201 -0.004027 -0.001652 -0.002973 5.557040 0.073575 -0.115384 0.091883
2.948000 9.025326 -0.001531 -0.001645 -0.000180 5.551819 0.140564 -0.116035 0.162106
2.968000 9.136399 0.000116 -0.001650 0.001534 5.551699 0.031284 -0.116415 0.035301
2.988000 9.247510 -0.000205 -0.001652 0.001164 5.554629 -0.024456 -0.116574 -0.037387
3.008000 9.358607 -0.000179 -0.001654 0.000972 5.554746 -0.007068 -0.116792 -0.020514
3.028000 9.469699 -0.001010 -0.001656 0.000053 5.553871 -0.046853 -0.116838 -0.051014
3.048000 9.580788 -0.001865 -0.001657 -0.000844 5.554557 -0.042460 -0.116853 -0.042013
3.068000 9.691916 -0.001445 -0.001657 -0.000240 5.556036 0.072888 -0.116429 0.069575
3.088000 9.803048 0.001363 -0.001652 0.002540 5.554514 0.165498 -0.116244 0.166975
3.108000 9.914148 0.004368 -0.001653 0.005230 5.553341 0.110822 -0.116593 0.104489
3.128000 10.025256 0.004521 -0.001636 0.004885 5.558807 -0.023382 -0.111775 -0.048453
3.148000 10.136327 0.002790 -0.001609 0.002675 5.548820 -0.099659 -0.113847 -0.130576
3.168000 10.247308 0.001378 -0.001631 0.000920 5.546925 -0.017863 -0.116127 -0.035381
3.188000 10.358396 0.001517 -0.001648 0.000848 5.554471 -0.003730 -0.116673 -0.008618
3.208000 10.469499 0.001104 -0.001654 0.000335 5.554489 -0.045543 -0.116818 -0.052887
3.228000 10.580581 -0.000315 -0.001656 -0.001111 5.553812 -0.074526 -0.116845 -0.075474
3.248000 10.691660 -0.001765 -0.001657 -0.002486 5.553719 -0.073468 -0.116855 -0.065614
3.268000 10.802735 -0.002040 -0.001657 -0.002403 5.553599 0.037841 -0.116440 0.043380
3.288000 10.913859 0.000097 -0.001652 -0.000069 5.554804 0.131065 -0.116210 0.144683
3.308000 11.024955 0.002482 -0.001653 0.002304 5.551926 0.078132 -0.116626 0.087171
3.328000 11.136043 0.002359 -0.001652 0.002028 5.555095 -0.043581 -0.116072 -0.051757
3.348000 11.247109 0.001010 -0.001651 0.000495 5.550837 -0.058218 -0.116549 -0.073144
3.368000 11.358183 0.000295 -0.001654 -0.000361 5.554844 -0.032209 -0.116786 -0.035088
3.388000 11.469279 -0.000509 -0.001656 -0.001144 5.554554 -0.044376 -0.116841 -0.041082
3.408000 11.580370 -0.001208 -0.001657 -0.001645 5.553789 -0.000676 -0.116851 0.004075
3.428000 11.691479 0.000370 -0.001656 0.000062 5.556123 0.116270 -0.116515 0.122284
3.448000 11.802605 0.002867 -0.001655 0.002580 5.556416 0.109324 -0.116744 0.110630
3.468000 11.913740 0.003695 -0.001656 0.003090 5.557773 -0.007174 -0.116222 -0.013328
3.488000 12.024840 0.002128 -0.001649 0.001272 5.551807 -0.100474 -0.115952 -0.117125
3.508000 12.135859 0.000220 -0.001651 -0.000797 5.548724 -0.055898 -0.116627 -0.065773
3.528000 12.246933 0.000128 -0.001654 -0.000924 5.554464 0.005063 -0.116780 0.008515
3.548000 12.358037 -0.000162 -0.001656 -0.001088 5.555252 -0.023594 -0.116838 -0.016856
3.568000 12.469146 0.000299 -0.001657 -0.000453 5.556472 0.076609 -0.116844 0.078215
3.588000 12.580285 0.001965 -0.001657 0.001251 5.556884 0.073731 -0.116845 0.076611
3.608000 12.691420 0.003146 -0.001657 0.002241 5.555772 0.028139 -0.116781 0.022279
3.628000 12.802523 0.001732 -0.001650 0.000608 5.555371 -0.106604 -0.115040 -0.112441
3.648000 12.913561 -0.001439 -0.001642 -0.002604 5.548366 -0.175513 -0.115870 -0.182671
3.668000 13.024533 -0.003577 -0.001649 -0.004403 5.547842 -0.063396 -0.115720 -0.059733
3.688000 13.135610 -0.003048 -0.001628 -0.003506 5.556866 0.050357 -0.113899 0.068009
3.708000 13.246710 -0.001554 -0.001635 -0.001669 5.550926 0.060006 -0.115984 0.083594
3.728000 13.357811 -0.001298 -0.001648 -0.001102 5.556435 -0.002394 -0.116655 0.012919
3.748000 13.468934 -0.001038 -0.001654 -0.000710 5.556030 0.020689 -0.116815 0.024629
3.768000 13.580060 0.000170 -0.001656 0.000627 5.556373 0.105443 -0.116862 0.104589
3.788000 13.691201 0.002318 -0.001657 0.002714 5.556791 0.100738 -0.116859 0.097397
3.808000 13.802336 0.004117 -0.001657 0.004159 5.555768 0.062566 -0.116791 0.042884
3.828000 13.913452 0.003353 -0.001651 0.002960 5.556096 -0.072853 -0.115227 -0.093190
3.848000 14.024504 0.000827 -0.001643 0.000188 5.549039 -0.143018 -0.115944 -0.159634
3.868000 14.135506 -0.000858 -0.001650 -0.001565 5.548933 -0.033697 -0.116480 -0.036202
3.888000 14.246593 -0.000532 -0.001653 -0.001230 5.553163 0.026295 -0.116632 0.034209
3.908000 14.357682 -0.000610 -0.001655 -0.001080 5.554877 -0.005215 -0.116811 0.015093
3.928000 14.468809 0.000159 -0.001656 -0.000203 5.556844 0.050684 -0.116849 0.050220
3.948000 14.579943 0.001020 -0.001657 0.000712 5.556399 0.040747 -0.116862 0.042107
3.968000 14.691050 0.000662 -0.001657 0.000163 5.555495 -0.068349 -0.116388 -0.069138
3.988000 14.802116 -0.002139 -0.001651 -0.002564 5.551969 -0.168208 -0.116146 -0.162205
4.008000 14.913127 -0.005170 -0.001652 -0.005255 5.550020 -0.114659 -0.116620 -0.102058
4.028000 15.024186 -0.005328 -0.001635 -0.004898 5.555644 0.020913 -0.111550 0.049715
4.048000 15.135315 -0.003572 -0.001607 -0.002713 5.552323 0.102951 -0.113827 0.126678
4.068000 15.246380 -0.002192 -0.001631 -0.000998 5.551011 0.017230 -0.116066 0.031062
4.088000 15.357507 -0.002377 -0.001647 -0.000900 5.556683 0.000337 -0.116663 0.012384
4.108000 15.468628 -0.001924 -0.001654 -0.000352 5.556448 0.048056 -0.116827 0.059835
4.128000 15.579766 -0.000465 -0.001656 0.001098 5.556763 0.077107 -0.116854 0.072419
4.148000 15.690904 0.000972 -0.001657 0.002463 5.556541 0.072861 -0.116865 0.064598
4.168000 15.802021 0.001195 -0.001657 0.002304 5.556526 -0.037855 -0.116330 -0.050640
4.188000 15.913103 -0.001008 -0.001650 -0.000036 5.552051 -0.138090 -0.116112 -0.139960
4.208000 16.024124 -0.003413 -0.001652 -0.002401 5.549806 -0.081123 -0.116650 -0.082001
4.228000 16.135187 -0.003280 -0.001652 -0.002105 5.556387 0.043482 -0.116153 0.052327
4.248000 16.246302 -0.001895 -0.001652 -0.000591 5.553076 0.060355 -0.116596 0.071169
4.268000 16.357425 -0.001196 -0.001655 0.000282 5.556505 0.029557 -0.116805 0.036491
4.288000 16.468555 -0.000421 -0.001656 0.001070 5.556352 0.044542 -0.116855 0.041448
4.308000 16.579703 0.000336 -0.001657 0.001605 5.557677 0.008567 -0.116825 -0.004654
4.328000 16.690816 -0.001179 -0.001655 -0.000042 5.553711 -0.115670 -0.116423 -0.117191
4.348000 16.801867 -0.003726 -0.001654 -0.002542 5.552895 -0.111895 -0.116720 -0.110019
4.368000 16.912938 -0.004552 -0.001656 -0.003061 5.554220 0.004760 -0.116293 0.015395
4.388000 17.024064 -0.002961 -0.001650 -0.001263 5.554991 0.105170 -0.116046 0.112273
4.408000 17.135158 -0.001038 -0.001651 0.000794 5.551888 0.057000 -0.116616 0.062122
4.428000 17.246271 -0.000992 -0.001654 0.000925 5.556121 -0.011132 -0.116756 -0.003135
4.448000 17.357389 -0.000699 -0.001656 0.001096 5.555763 0.024732 -0.116843 0.017528
4.468000 17.468493 -0.001113 -0.001657 0.000450 5.554041 -0.074990 -0.116784 -0.079303
4.488000 17.579569 -0.002826 -0.001657 -0.001235 5.553637 -0.075661 -0.116839 -0.074941
4.508000 17.690644 -0.003985 -0.001657 -0.002217 5.552854 -0.030154 -0.116839 -0.017947
4.528000 17.801732 -0.002561 -0.001653 -0.000568 5.556973 0.105669 -0.115469 0.114144
4.548000 17.912856 0.000650 -0.001646 0.002626 5.551982 0.179295 -0.116070 0.179755
4.568000 18.023925 0.002775 -0.001650 0.004426 5.551597 0.063327 -0.115763 0.058961
4.588000 18.135020 0.002243 -0.001630 0.003526 5.554137 -0.050910 -0.113992 -0.067088
4.608000 18.246056 0.000713 -0.001635 0.001688 5.548095 -0.062327 -0.115966 -0.084489
4.628000 18.357112 0.000459 -0.001648 0.001106 5.555545 0.004514 -0.116655 -0.013882
4.648000 18.468218 0.000219 -0.001654 0.000716 5.555001 -0.020720 -0.116818 -0.024764
4.668000 18.579304 -0.001023 -0.001656 -0.000653 5.553597 -0.105694 -0.116831 -0.106145
4.688000 18.690375 -0.003189 -0.001657 -0.002734 5.553585 -0.101587 -0.116854 -0.096191
4.708000 18.801469 -0.004910 -0.001657 -0.004099 5.554773 -0.056037 -0.116808 -0.035338
4.728000 18.912589 -0.004005 -0.001650 -0.002776 5.558072 0.078793 -0.115054 0.097831
4.748000 19.023715 -0.001416 -0.001643 0.000036 5.551748 0.144281 -0.116004 0.159289
4.768000 19.134789 0.000170 -0.001649 0.001664 5.552314 0.029975 -0.116396 0.028310
4.788000 19.245902 -0.000197 -0.001652 0.001295 5.554533 -0.026038 -0.116588 -0.031851
4.808000 19.356998 -0.000137 -0.001655 0.001090 5.554538 -0.004660 -0.116804 -0.028704
4.828000 19.468092 -0.000966 -0.001656 0.000169 5.554051 -0.050388 -0.116848 -0.047786
4.848000 19.579182 -0.001817 -0.001657 -0.000731 5.554544 -0.041714 -0.116864 -0.041405
4.868000 19.690087 -0.000658 -0.001616 0.000776 5.543826 0.093530 -0.103271 0.069376
4.888000 19.800904 0.003983 -0.001434 0.005319 5.540811 0.247372 -0.091807 0.212430
4.908000 19.911772 0.011239 -0.001349 0.011977 5.542673 0.381355 -0.090864 0.337246
4.928000 20.022639 0.020276 -0.001388 0.019788 5.539302 0.467149 -0.104064 0.410944
4.948000 20.133588 0.030325 -0.001533 0.027851 5.547818 0.497334 -0.113756 0.400855
4.968000 20.244654 0.039132 -0.001613 0.033574 5.552081 0.410031 -0.115421 0.235253
4.988000 20.355713 0.046003 -0.001635 0.036949 5.551101 0.321210 -0.115822 0.147933
5.008000 20.466687 0.053151 -0.001647 0.040105 5.546454 0.370848 -0.116588 0.158636
5.028000 20.577656 0.060147 -0.001653 0.042610 5.548068 0.341617 -0.116772 0.105358
5.048000 20.688606 0.067158 -0.001656 0.044959 5.545576 0.366368 -0.116863 0.118499
5.068000 20.799067 0.076749 -0.001604 0.049901 5.518670 0.524668 -0.101445 0.228305
5.088000 20.909253 0.090029 -0.001418 0.057515 5.505602 0.686047 -0.091044 0.361286
5.108000 21.019303 0.105964 -0.001341 0.067088 5.493404 0.817932 -0.091048 0.479057
5.128000 21.129145 0.123633 -0.001413 0.077526 5.482608 0.908967 -0.107033 0.539702
5.148000 21.238993 0.142157 -0.001554 0.087760 5.489408 0.918120 -0.114519 0.496004
5.168000 21.349038 0.159919 -0.001622 0.096061 5.508415 0.853178 -0.116178 0.371700
5.188000 21.459179 0.177244 -0.001645 0.102973 5.503334 0.889469 -0.116674 0.354893
5.208000 21.569056 0.196048 -0.001653 0.110566 5.488252 0.966212 -0.116745 0.404425
5.228000 21.678730 0.216014 -0.001656 0.118530 5.480855 1.007997 -0.116835 0.405834
5.248000 21.788302 0.236610 -0.001657 0.126256 5.476558 1.040694 -0.116869 0.392204
5.268000 21.897459 0.259365 -0.001655 0.135408 5.446822 1.189141 -0.114030 0.479985
5.288000 22.005919 0.285573 -0.001533 0.146898 5.409237 1.325748 -0.097649 0.581350
5.308000 22.113779 0.313901 -0.001438 0.159352 5.384614 1.421962 -0.102734 0.637667
5.328000 22.221752 0.341946 -0.001539 0.170086 5.412628 1.352348 -0.113455 0.507610
5.348000 22.330010 0.369217 -0.001613 0.179003 5.408218 1.371680 -0.116028 0.461478
5.368000 22.437947 0.397682 -0.001643 0.187981 5.400097 1.421417 -0.116642 0.469148
5.388000 22.545768 0.426812 -0.001652 0.196729 5.396241 1.456772 -0.116797 0.460143
5.408000 22.653350 0.456986 -0.001656 0.205593 5.366629 1.528112 -0.116811 0.484996
5.428000 22.760200 0.489279 -0.001656 0.215626 5.335427 1.635345 -0.116622 0.548600
5.448000 22.866658 0.523077 -0.001655 0.226157 5.325093 1.686996 -0.116735 0.550631
5.468000 22.972781 0.558113 -0.001656 0.236839 5.298819 1.776160 -0.116718 0.575567
5.488000 23.078314 0.595066 -0.001655 0.248318 5.274479 1.858391 -0.116686 0.609402
5.508000 23.183526 0.633098 -0.001655 0.259616 5.268201 1.880747 -0.116755 0.562026
5.528000 23.288881 0.670608 -0.001655 0.269162 5.267773 1.859124 -0.116762 0.480137
5.548000 23.393667 0.708916 -0.001656 0.278458 5.231932 1.924717 -0.116757 0.492100
5.568000 23.498451 0.746995 -0.001656 0.286185 5.249678 1.860579 -0.116216 0.339143
5.588000 23.603858 0.782850 -0.001644 0.290985 5.277379 1.766406 -0.115410 0.214994
5.608000 23.709138 0.818786 -0.001648 0.295740 5.244626 1.825009 -0.114806 0.263842
5.628000 23.812892 0.858918 -0.001518 0.304192 5.183664 2.009405 -0.096544 0.417361
5.648000 23.915630 0.902409 -0.001403 0.314946 5.135130 2.183598 -0.093438 0.543036
5.668000 24.017574 0.948520 -0.001385 0.326988 5.092027 2.325680 -0.100769 0.622687
5.688000 24.118921 0.996021 -0.001516 0.339515 5.064997 2.379916 -0.112845 0.627082
5.708000 24.220308 1.043569 -0.001605 0.350955 5.081073 2.379700 -0.115875 0.553619
5.728000 24.321596 1.091670 -0.001641 0.361600 5.066492 2.432257 -0.116579 0.543974
5.748000 24.422278 1.141066 -0.001652 0.372470 5.028730 2.494976 -0.116710 0.560126
5.768000 24.521405 1.193069 -0.001639 0.385383 4.912901 2.638327 -0.107884 0.674463
5.788000 24.618211 1.249090 -0.001407 0.401043 4.829667 2.810197 -0.092836 0.782651
5.808000 24.713795 1.307820 -0.001328 0.417672 4.763923 2.960554 -0.093341 0.833162
5.828000 24.809387 1.366514 -0.001469 0.432583 4.803398 2.903466 -0.111189 0.701853
5.848000 24.905450 1.424313 -0.001586 0.445284 4.779755 2.902596 -0.115452 0.625838
5.868000 25.001374 1.481791 -0.001633 0.455930 4.825005 2.838327 -0.116104 0.472383
5.888000 25.098062 1.537663 -0.001645 0.463850 4.830130 2.790253 -0.116391 0.381739
5.908000 25.193916 1.594374 -0.001652 0.471896 4.780443 2.838451 -0.116648 0.401257
5.928000 25.289930 1.650665 -0.001654 0.478504 4.806526 2.797535 -0.116735 0.305607
5.948000 25.385758 1.707026 -0.001656 0.484688 4.771143 2.824274 -0.116798 0.328380
5.968000 25.479669 1.766226 -0.001594 0.493694 4.675169 2.993833 -0.103394 0.459268
5.988000 25.571435 1.829084 -0.001673 0.505584 4.593258 3.113818 -0.132963 0.555874
6.008000 25.661446 1.894513 -0.001897 0.519286 4.479675 3.295808 -0.114835 0.690939
6.028000 25.750191 1.962577 -0.001536 0.534165 4.434450 3.395816 -0.099726 0.750225
6.048000 25.839159 2.030427 -0.001545 0.547644 4.466161 3.386102 -0.112386 0.657972
6.068000 25.929129 2.097073 -0.001587 0.557731 4.528674 3.307980 -0.109053 0.441669
6.088000 26.020268 2.161662 -0.001534 0.564574 4.563525 3.220824 -0.107149 0.318972
6.108000 26.111036 2.226575 -0.001580 0.571039 4.528407 3.255190 -0.114270 0.316682
6.128000 26.201483 2.291571 -0.001626 0.576853 4.518886 3.256069 -0.116017 0.287321
6.148000 26.291744 2.356663 -0.001645 0.582399 4.500906 3.257770 -0.116412 0.283508
6.168000 26.380096 2.424039 -0.001611 0.590951 4.410868 3.400344 -0.108631 0.449223
6.188000 26.465856 2.495501 -0.001411 0.602684 4.276235 3.613697 -0.084425 0.594964
6.208000 26.549546 2.569390 -0.001327 0.616055 4.166618 3.715922 -0.095149 0.672294
6.228000 26.632343 2.644342 -0.001472 0.629538 4.123881 3.751333 -0.111362 0.659897
6.248000 26.715009 2.719421 -0.001588 0.641944 4.120542 3.763081 -0.115551 0.607045
6.268000 26.797063 2.795300 -0.001635 0.653869 4.086668 3.812996 -0.116521 0.594449
6.288000 26.878346 2.872115 -0.001650 0.665682 4.047225 3.862739 -0.116742 0.595813
6.308000 26.958555 2.950145 -0.001656 0.677974 3.986915 3.944077 -0.116565 0.654940
6.328000 27.035667 3.031237 -0.001564 0.693267 3.825929 4.089286 -0.095506 0.784333
6.348000 27.110193 3.114738 -0.001352 0.710194 3.719162 4.194526 -0.087338 0.855328
6.368000 27.184208 3.198835 -0.001390 0.725880 3.724224 4.170562 -0.106158 0.730004
6.388000 27.259810 3.281533 -0.001540 0.737939 3.798409 4.118168 -0.113581 0.563448
6.408000 27.335156 3.364121 -0.001614 0.748641 3.734950 4.145258 -0.116031 0.543135
6.428000 27.409285 3.447646 -0.001643 0.759535 3.687519 4.194283 -0.116649 0.554382
6.448000 27.482550 3.532035 -0.001653 0.770520 3.647841 4.235780 -0.116793 0.554638
6.468000 27.553717 3.618227 -0.001631 0.783712 3.535375 4.346056 -0.104990 0.695094
6.488000 27.621629 3.707169 -0.001431 0.799266 3.382359 4.467151 -0.090648 0.786483
6.508000 27.687117 3.797993 -0.001352 0.815897 3.253279 4.551505 -0.095060 0.840910
6.528000 27.752023 3.889438 -0.001480 0.831566 3.256595 4.565240 -0.111521 0.767491
6.548000 27.817117 3.980764 -0.001590 0.845507 3.244128 4.563895 -0.115516 0.695883
6.568000 27.882567 4.071509 -0.001633 0.856744 3.298440 4.502858 -0.114703 0.506258
6.588000 27.949711 4.160782 -0.001618 0.864830 3.366302 4.452144 -0.113969 0.367223
6.608000 28.016380 4.250178 -0.001634 0.872150 3.321085 4.474167 -0.116069 0.361199
6.628000 28.083250 4.339275 -0.001648 0.878387 3.352037 4.446461 -0.116547 0.288947
6.648000 28.149926 4.428382 -0.001654 0.884082 3.316282 4.463711 -0.116726 0.290104
6.668000 28.214640 4.518833 -0.001649 0.891833 3.203389 4.556328 -0.111961 0.422759
6.688000 28.276212 4.611590 -0.001484 0.902183 3.060771 4.650329 -0.092168 0.539285
6.708000 28.335897 4.705714 -0.001399 0.913927 2.967801 4.717641 -0.100020 0.603624
6.728000 28.393453 4.801162 -0.001457 0.927040 2.862664 4.782091 -0.104253 0.673450
6.748000 28.449194 4.897905 -0.001534 0.940878 2.758323 4.848604 -0.112171 0.713655
6.768000 28.505009 4.994579 -0.001602 0.952741 2.814039 4.805891 -0.112604 0.535751
6.788000 28.563322 5.089717 -0.001505 0.960659 2.924703 4.743950 -0.097825 0.363648
6.808000 28.622345 5.184235 -0.001500 0.966664 2.954836 4.713051 -0.110000 0.256659
6.828000 28.681886 5.278236 -0.001587 0.971125 2.971615 4.700232 -0.115108 0.222241
6.848000 28.740661 5.372690 -0.001633 0.975955 2.918738 4.735963 -0.116366 0.252457
6.868000 28.797176 5.468204 -0.001614 0.984152 2.823989 4.785561 -0.105996 0.445602
6.888000 28.850860 5.565438 -0.001485 0.995429 2.680628 4.867624 -0.097934 0.553603
6.908000 28.901512 5.664526 -0.001431 1.007418 2.516438 4.968883 -0.097193 0.590507
6.928000 28.949668 5.765063 -0.001396 1.020334 2.389179 5.024193 -0.096919 0.668477
6.948000 28.996148 5.866388 -0.001475 1.034186 2.293010 5.073557 -0.109929 0.710871
6.968000 29.041284 5.968367 -0.001581 1.047944 2.238405 5.088130 -0.115122 0.682960
6.988000 29.085683 6.070588 -0.001631 1.060888 2.199033 5.099652 -0.116384 0.650242
7.008000 29.128442 6.173303 -0.001650 1.074252 2.104630 5.135709 -0.115649 0.701879
7.028000 29.167527 6.277457 -0.001496 1.090353 1.942289 5.216197 -0.092086 0.802653
7.048000 29.203732 6.383048 -0.001362 1.107625 1.793394 5.288860 -0.091640 0.867459
7.068000 29.238608 6.489392 -0.001413 1.124089 1.768362 5.320336 -0.107096 0.775698
7.088000 29.274998 6.595503 -0.001551 1.137424 1.832112 5.299858 -0.113803 0.618848
7.108000 29.311566 6.701413 -0.001617 1.148874 1.830947 5.286931 -0.115944 0.537270
7.128000 29.349317 6.806641 -0.001641 1.157711 1.910469 5.255235 -0.116158 0.397409
7.148000 29.387092 6.911612 -0.001650 1.165524 1.857937 5.252691 -0.116565 0.396660
7.168000 29.424955 7.016367 -0.001653 1.171774 1.929367 5.221497 -0.115686 0.259150
7.188000 29.465469 7.119985 -0.001616 1.175053 2.042625 5.169520 -0.111528 0.132654
7.208000 29.506110 7.223218 -0.001620 1.177810 2.017058 5.164234 -0.114619 0.154998
7.228000 29.544141 7.326781 -0.001591 1.185137 1.917742 5.181938 -0.107227 0.367698
7.248000 29.579238 7.430885 -0.001527 1.194943 1.739769 5.200956 -0.103532 0.465668
7.268000 29.610697 7.536301 -0.001451 1.205396 1.557510 5.272023 -0.094532 0.517077
7.288000 29.639324 7.643230 -0.001363 1.217090 1.416193 5.348588 -0.091058 0.599357
7.308000 29.665408 7.751234 -0.001326 1.230312 1.277510 5.393733 -0.090559 0.673140
7.328000 29.689027 7.859774 -0.001334 1.244734 1.152194 5.423873 -0.094750 0.721128
7.348000 29.710688 7.969010 -0.001444 1.259626 1.054320 5.462464 -0.108793 0.754762
7.368000 29.729306 8.078808 -0.001522 1.276536 0.901008 5.495146 -0.101889 0.842214
7.388000 29.744197 8.189634 -0.001418 1.294747 0.733812 5.552895 -0.093155 0.900095
7.408000 29.756308 8.301347 -0.001369 1.313708 0.578213 5.597640 -0.096551 0.936727
7.428000 29.767354 8.413370 -0.001492 1.331490 0.558189 5.601832 -0.111881 0.867006
7.448000 29.778503 8.525407 -0.001594 1.347558 0.538977 5.606171 -0.115588 0.781413
7.468000 29.789560 8.637214 -0.001636 1.361552 0.579154 5.575745 -0.116029 0.652809
7.488000 29.802009 8.748627 -0.001644 1.372859 0.621321 5.573562 -0.116057 0.526963
7.508000 29.813897 8.859893 -0.001648 1.383051 0.590330 5.556255 -0.115465 0.484556
7.528000 29.828448 8.970716 -0.001526 1.388957 0.716462 5.545588 -0.095852 0.280855
7.548000 29.845507 9.081040 -0.001380 1.392038 0.848093 5.515861 -0.090487 0.134358
7.568000 29.864502 9.190548 -0.001332 1.393279 0.955091 5.464696 -0.092269 0.058017
7.588000 29.884240 9.299793 -0.001435 1.393632 0.996001 5.451089 -0.108793 0.021800
7.608000 29.902524 9.409100 -0.001568 1.394992 0.877688 5.465021 -0.113798 0.096530
7.628000 29.917150 9.518798 -0.001472 1.399802 0.719748 5.482905 -0.091224 0.244529
7.648000 29.929270 9.629100 -0.001322 1.406724 0.595578 5.524760 -0.086694 0.361312
7.668000 29.939009 9.739945 -0.001317 1.415493 0.465162 5.551760 -0.093184 0.446310
7.688000 29.946190 9.851221 -0.001333 1.425769 0.345046 5.559999 -0.091440 0.527962
7.708000 29.952009 9.962360 -0.001370 1.436214 0.305969 5.540840 -0.102389 0.512502
7.728000 29.959994 10.072834 -0.001516 1.442710 0.401085 5.524070 -0.111486 0.340434
7.748000 29.970321 10.183022 -0.001554 1.445635 0.514183 5.509104 -0.106317 0.157560
7.768000 29.983202 10.293085 -0.001453 1.445993 0.649671 5.502891 -0.090098 -0.015959
7.788000 29.998430 10.402934 -0.001296 1.444891 0.764049 5.482521 -0.086963 -0.055336
7.808000 30.014222 10.512624 -0.001402 1.443586 0.784694 5.476521 -0.107803 -0.033304
7.828000 30.027220 10.622584 -0.001524 1.444700 0.639909 5.492792 -0.104955 0.096226
7.848000 30.037815 10.733155 -0.001458 1.447993 0.526346 5.540637 -0.100355 0.193702
7.868000 30.045942 10.844107 -0.001473 1.453789 0.383948 5.546982 -0.099578 0.293430
7.888000 30.050786 10.955217 -0.001390 1.461912 0.236031 5.552448 -0.090829 0.426512
7.908000 30.053735 11.066472 -0.001311 1.471014 0.170853 5.550795 -0.093288 0.441874
7.928000 30.058827 11.177135 -0.001462 1.476341 0.257289 5.533389 -0.110115 0.278788
7.948000 30.066304 11.287504 -0.001555 1.478294 0.366374 5.518352 -0.108862 0.102119
7.968000 30.076349 11.397859 -0.001491 1.478110 0.512786 5.522482 -0.096646 -0.035076
7.988000 30.088356 11.508187 -0.001429 1.476793 0.611829 5.508745 -0.103396 -0.065601
8.008000 30.100741 11.618469 -0.001539 1.475210 0.623070 5.521574 -0.113486 -0.048334
8.028000 30.112427 11.729047 -0.001613 1.474024 0.601290 5.529343 -0.115918 -0.035555
8.048000 30.124234 11.839589 -0.001642 1.472855 0.611942 5.525682 -0.116487 -0.042778
8.068000 30.137851 11.949808 -0.001636 1.469542 0.709943 5.505639 -0.107090 -0.198697
8.088000 30.155052 12.059525 -0.001382 1.463159 0.868691 5.488502 -0.082101 -0.336872
8.108000 30.174104 12.168992 -0.001261 1.456118 0.949105 5.474334 -0.091866 -0.332014
8.128000 30.191051 12.278454 -0.001446 1.452383 0.858856 5.476552 -0.110058 -0.174349
8.148000 30.205372 12.388089 -0.001542 1.451844 0.720743 5.485228 -0.106867 -0.026660
8.168000 30.216690 12.498177 -0.001444 1.453770 0.556972 5.504006 -0.090174 0.120159
8.188000 30.225595 12.608923 -0.001300 1.457761 0.448029 5.546033 -0.085962 0.225419
8.208000 30.233050 12.719950 -0.001357 1.463020 0.371336 5.553140 -0.101545 0.303040
8.228000 30.237942 12.831233 -0.001393 1.470366 0.236897 5.565590 -0.092661 0.383700
8.248000 30.240677 12.942629 -0.001346 1.478968 0.131271 5.569686 -0.095124 0.459679
8.268000 30.240998 13.054116 -0.001414 1.489340 -0.002964 5.577498 -0.096591 0.528613
8.288000 30.238464 13.165691 -0.001343 1.501182 -0.130496 5.573399 -0.087970 0.605072
8.308000 30.234224 13.277047 -0.001297 1.513237 -0.206795 5.557131 -0.095043 0.574646
8.328000 30.231991 13.387977 -0.001468 1.521564 -0.109682 5.547417 -0.110821 0.423324
8.348000 30.232230 13.498781 -0.001564 1.526593 -0.000940 5.540983 -0.109822 0.249356
8.368000 30.235065 13.609493 -0.001526 1.528391 0.131983 5.535962 -0.102254 0.089995
8.388000 30.240639 13.720124 -0.001454 1.527372 0.273528 5.532023 -0.097019 -0.055032
8.408000 30.248976 13.830644 -0.001391 1.523722 0.415044 5.524988 -0.094722 -0.192557
8.428000 30.260202 13.940941 -0.001412 1.517611 0.565298 5.513595 -0.098262 -0.308744
8.448000 30.274386 14.051004 -0.001380 1.509256 0.715129 5.508388 -0.091164 -0.443533
8.468000 30.290266 14.161004 -0.001384 1.500529 0.770613 5.501126 -0.104555 -0.424024
8.488000 30.304559 14.271273 -0.001535 1.493977 0.679277 5.524864 -0.113646 -0.297464
8.508000 30.317786 14.381749 -0.001613 1.489011 0.632142 5.534105 -0.115878 -0.229351
8.528000 30.328818 14.492475 -0.001628 1.487108 0.523590 5.537658 -0.112462 -0.066349
8.548000 30.338046 14.603156 -0.001607 1.486872 0.430092 5.533777 -0.113557 -0.024485
8.568000 30.348416 14.713250 -0.001628 1.485450 0.550791 5.509383 -0.114830 -0.111254
8.588000 30.361741 14.822375 -0.001583 1.481572 0.671296 5.443653 -0.106162 -0.228516
8.608000 30.376209 14.930825 -0.001559 1.477076 0.711119 5.418236 -0.111046 -0.216401
8.628000 30.387772 15.039137 -0.001570 1.476043 0.587883 5.419297 -0.107645 -0.055023
8.648000 30.396625 15.147554 -0.001516 1.477992 0.449220 5.422348 -0.101910 0.095843
8.668000 30.402677 15.254955 -0.001420 1.481888 0.307420 5.351937 -0.089857 0.209884
8.688000 30.406537 15.361260 -0.001296 1.487538 0.196940 5.311816 -0.085876 0.307144
8.708000 30.409196 15.467305 -0.001348 1.493696 0.160989 5.296717 -0.102901 0.303699
8.728000 30.414092 15.573125 -0.001486 1.496716 0.260568 5.291988 -0.102075 0.121521
8.748000 30.421540 15.678696 -0.001364 1.497075 0.369614 5.270109 -0.086387 0.003975
8.768000 30.431116 15.783938 -0.001342 1.495023 0.497116 5.261434 -0.097862 -0.094558
8.788000 30.443560 15.888957 -0.001392 1.490620 0.635735 5.251078 -0.094273 -0.239585
8.808000 30.457871 15.993726 -0.001325 1.484885 0.695855 5.236993 -0.094709 -0.270143
8.828000 30.469840 16.098355 -0.001473 1.482723 0.614705 5.234101 -0.110376 -0.095776
8.848000 30.479135 16.203030 -0.001545 1.483632 0.458369 5.236347 -0.106358 0.031533
8.868000 30.485440 16.306549 -0.001449 1.486252 0.320001 5.159284 -0.090271 0.153791
8.888000 30.489743 16.408872 -0.001296 1.490628 0.221328 5.107722 -0.086780 0.240183
8.908000 30.493147 16.510947 -0.001394 1.495323 0.187175 5.099839 -0.107238 0.225580
8.928000 30.498196 16.612856 -0.001550 1.497864 0.280208 5.090354 -0.114362 0.066993
8.948000 30.504549 16.714607 -0.001620 1.499201 0.310368 5.089838 -0.116235 0.082477
8.968000 30.508524 16.816453 -0.001612 1.503108 0.169873 5.089064 -0.102194 0.220833
8.988000 30.508854 16.918481 -0.001369 1.509707 0.015442 5.109531 -0.083880 0.347825
9.008000 30.507875 17.020514 -0.001280 1.516787 -0.034793 5.087306 -0.094570 0.331906
9.028000 30.509328 17.121860 -0.001462 1.520554 0.072470 5.066889 -0.110737 0.191067
9.048000 30.513456 17.222812 -0.001569 1.521202 0.192803 5.047263 -0.111248 0.032242
9.068000 30.520175 17.322535 -0.001503 1.519469 0.331021 4.965963 -0.092454 -0.092541
9.088000 30.529110 17.420631 -0.001305 1.515685 0.451885 4.893330 -0.082870 -0.208264
9.108000 30.539561 17.518080 -0.001304 1.510781 0.535741 4.869503 -0.098974 -0.243724
9.128000 30.548955 17.615576 -0.001490 1.507419 0.444327 4.882966 -0.112402 -0.106038
9.148000 30.556617 17.713274 -0.001596 1.505623 0.380741 4.883242 -0.115576 -0.084142
9.168000 30.566187 17.810625 -0.001618 1.501663 0.509743 4.862468 -0.106451 -0.227819
9.188000 30.579578 17.907630 -0.001376 1.494997 0.671274 4.853044 -0.081842 -0.360998
9.208000 30.594500 18.004455 -0.001280 1.487498 0.737455 4.840884 -0.093856 -0.363115
9.228000 30.607266 18.101196 -0.001460 1.483229 0.641400 4.839525 -0.110495 -0.212704
9.248000 30.617390 18.198006 -0.001550 1.482106 0.516461 4.842872 -0.107539 -0.051243
9.268000 30.624702 18.293782 -0.001451 1.483271 0.374847 4.771449 -0.090568 0.070530
9.288000 30.629868 18.388078 -0.001306 1.486398 0.263239 4.702125 -0.085351 0.182242
9.308000 30.633577 18.481962 -0.001319 1.490522 0.188253 4.690983 -0.099498 0.223812
9.328000 30.638178 18.575715 -0.001496 1.493290 0.264092 4.683799 -0.112676 0.076754
9.348000 30.644434 18.669297 -0.001599 1.494431 0.313169 4.679087 -0.115820 0.056963
9.368000 30.648844 18.762952 -0.001625 1.497816 0.193097 4.678827 -0.108462 0.206022
9.388000 30.649632 18.856848 -0.001394 1.503900 0.042405 4.698912 -0.082136 0.329106
9.408000 30.649206 18.950742 -0.001304 1.510568 -0.009371 4.681975 -0.095504 0.318926
9.428000 30.651147 19.043911 -0.001471 1.513968 0.096557 4.658100 -0.110879 0.174139
9.448000 30.655792 19.136640 -0.001568 1.514273 0.218457 4.635919 -0.110619 0.014658
9.468000 30.662994 19.227908 -0.001490 1.512219 0.353007 4.548811 -0.092100 -0.110137
9.488000 30.672418 19.317566 -0.001317 1.508036 0.472106 4.473549 -0.084685 -0.232429
9.508000 30.683494 19.406413 -0.001294 1.502672 0.545129 4.440568 -0.096136 -0.265846
9.528000 30.692775 19.495326 -0.001470 1.499749 0.451923 4.449567 -0.108464 -0.106126
9.548000 30.699512 19.584515 -0.001484 1.499202 0.331595 4.460527 -0.102079 -0.012103
9.568000 30.706414 19.673629 -0.001531 1.497998 0.379797 4.448547 -0.111996 -0.103563
9.588000 30.716512 19.762406 -0.001585 1.494404 0.517572 4.438884 -0.111319 -0.220047
9.608000 30.727955 19.851001 -0.001599 1.489968 0.557670 4.426684 -0.113365 -0.215255
9.628000 30.736335 19.939484 -0.001553 1.488974 0.409389 4.428557 -0.102653 -0.071398
9.648000 30.742001 20.028114 -0.001459 1.490831 0.276334 4.432073 -0.096966 0.084613
9.668000 30.744938 20.117048 -0.001386 1.495075 0.130962 4.440769 -0.091476 0.224239
9.688000 30.745472 20.206437 -0.001315 1.501335 0.016974 4.467779 -0.088361 0.332056
9.708000 30.744932 20.295956 -0.001363 1.508091 -0.012149 4.472572 -0.102992 0.323332
9.728000 30.747039 20.385236 -0.001494 1.511494 0.114607 4.466136 -0.105893 0.178580
9.748000 30.751937 20.474471 -0.001448 1.511820 0.258680 4.464294 -0.094310 0.019539
9.768000 30.759167 20.562185 -0.001344 1.509989 0.373266 4.378712 -0.087768 -0.095308
9.788000 30.768005 20.647872 -0.001301 1.506324 0.461790 4.275287 -0.092431 -0.197265
9.808000 30.777898 20.732517 -0.001448 1.501763 0.522697 4.227122 -0.110310 -0.248950
9.828000 30.789045 20.816744 -0.001577 1.496218 0.574547 4.209202 -0.115257 -0.285714
9.848000 30.800347 20.900900 -0.001631 1.490953 0.560844 4.210693 -0.116451 -0.258129
9.868000 30.809612 20.985018 -0.001611 1.488649 0.449409 4.208392 -0.105986 -0.114559
9.888000 30.815849 21.069214 -0.001485 1.489621 0.313720 4.211325 -0.097505 0.044556
9.908000 30.819371 21.153606 -0.001410 1.493038 0.168924 4.216759 -0.093632 0.185102
9.928000 30.820589 21.238436 -0.001325 1.498380 0.062439 4.244088 -0.088444 0.295023
9.948000 30.820518 21.323503 -0.001385 1.504674 -0.011870 4.249919 -0.105537 0.332973
9.968000 30.821467 21.407497 -0.001515 1.509164 0.068443 4.194781 -0.103771 0.210817
9.988000 30.824773 21.489623 -0.001399 1.510801 0.168279 4.093223 -0.088854 0.087261
10.008000 30.829948 21.570137 -0.001307 1.510385 0.275143 4.028702 -0.089338 -0.026747
10.028000 30.837486 21.650179 -0.001321 1.507686 0.396333 3.996526 -0.091272 -0.151639
10.048000 30.846647 21.729710 -0.001382 1.503527 0.467797 3.972246 -0.104195 -0.218038
10.068000 30.857141 21.808933 -0.001531 1.498115 0.559049 3.952886 -0.113218 -0.292760
10.088000 30.869344 21.887955 -0.001608 1.491517 0.628693 3.954516 -0.115700 -0.346919
10.108000 30.881228 21.967079 -0.001642 1.485871 0.579637 3.956380 -0.115025 -0.251464
10.128000 30.890004 22.046201 -0.001560 1.484355 0.449750 3.959526 -0.101887 -0.076025
10.148000 30.895998 22.125462 -0.001459 1.485585 0.302643 3.963261 -0.097291 0.062262
10.168000 30.899360 22.203364 -0.001380 1.488644 0.174575 3.888508 -0.088801 0.182326
10.188000 30.900786 22.279568 -0.001307 1.493455 0.072107 3.809794 -0.092659 0.271778
10.208000 30.901506 22.355137 -0.001454 1.498492 0.061144 3.781741 -0.110686 0.239529
10.228000 30.904445 22.430407 -0.001569 1.500828 0.161544 3.760155 -0.111588 0.079411
10.248000 30.909290 22.505104 -0.001588 1.501445 0.256096 3.728254 -0.113196 0.021129
10.268000 30.915827 22.579564 -0.001620 1.499905 0.347338 3.720698 -0.114622 -0.132002
10.288000 30.924407 22.653847 -0.001631 1.496516 0.444173 3.711384 -0.115294 -0.194025
10.308000 30.933267 22.728052 -0.001644 1.493521 0.430993 3.711865 -0.116062 -0.109287
10.328000 30.938550 22.802387 -0.001506 1.494310 0.260883 3.718620 -0.092440 0.043418
10.348000 30.941092 22.877017 -0.001342 1.497446 0.125284 3.736764 -0.087511 0.186395
10.368000 30.941191 22.951931 -0.001335 1.503129 -0.006122 3.741338 -0.095375 0.304094
10.388000 30.938619 23.026987 -0.001349 1.510877 -0.128800 3.753291 -0.090602 0.411109
10.408000 30.934712 23.101902 -0.001329 1.519322 -0.180109 3.731281 -0.097522 0.410594
10.428000 30.933251 23.176209 -0.001486 1.524505 -0.062825 3.715952 -0.110938 0.277757
10.448000 30.934484 23.250264 -0.001548 1.526603 0.060366 3.702609 -0.106409 0.111647
10.468000 30.938158 23.322805 -0.001449 1.526340 0.190812 3.615755 -0.090666 -0.007141
10.488000 30.943752 23.393267 -0.001308 1.524002 0.302440 3.510643 -0.085229 -0.108887
10.508000 30.950745 23.462424 -0.001314 1.520241 0.368446 3.447856 -0.098767 -0.188569
10.528000 30.957315 23.531364 -0.001492 1.517014 0.299746 3.451092 -0.112514 -0.104550
10.548000 30.962525 23.600421 -0.001598 1.515265 0.264431 3.452008 -0.115754 -0.082574
10.568000 30.969015 23.669306 -0.001638 1.512165 0.361040 3.439938 -0.116086 -0.206525
10.588000 30.977897 23.737990 -0.001645 1.507263 0.469326 3.434726 -0.116073 -0.282978
10.608000 30.987385 23.806701 -0.001650 1.502157 0.473744 3.437209 -0.116579 -0.246335
10.628000 30.997204 23.875333 -0.001654 1.496856 0.509413 3.427884 -0.116710 -0.275256
10.648000 31.007490 23.943866 -0.001656 1.491410 0.517235 3.425444 -0.116747 -0.274310
10.668000 31.017559 24.012462 -0.001656 1.486598 0.479956 3.436375 -0.116765 -0.221673
10.688000 31.027352 24.081129 -0.001656 1.482351 0.495751 3.436158 -0.116759 -0.233226
10.708000 31.037408 24.149712 -0.001658 1.478408 0.485798 3.429737 -0.116412 -0.187237
10.728000 31.044263 24.218411 -0.001511 1.478140 0.322004 3.439744 -0.092723 -0.036657
10.748000 31.048524 24.287397 -0.001350 1.480267 0.198652 3.449547 -0.088318 0.116960
10.768000 31.050927 24.355032 -0.001357 1.483847 0.116799 3.379501 -0.102967 0.182033
10.788000 31.054214 24.420608 -0.001522 1.486151 0.206876 3.281840 -0.113304 0.081882
10.808000 31.059088 24.484668 -0.001608 1.486866 0.252429 3.191840 -0.115860 0.035486
10.828000 31.062826 24.547986 -0.001642 1.488471 0.162486 3.159936 -0.116565 0.118114
10.848000 31.065975 24.611174 -0.001652 1.490458 0.167148 3.158734 -0.116730 0.088444
10.868000 31.068377 24.674362 -0.001656 1.493445 0.082742 3.162156 -0.116489 0.202484
10.888000 31.068477 24.737730 -0.001653 1.498317 -0.024046 3.170484 -0.116325 0.281452
10.908000 31.068459 24.801064 -0.001654 1.502752 0.016005 3.155400 -0.114760 0.188133
10.928000 31.071843 24.863752 -0.001542 1.503171 0.163036 3.135569 -0.099415 0.027170
10.948000 31.078104 24.926173 -0.001433 1.500971 0.308921 3.119453 -0.095396 -0.112772
10.968000 31.086975 24.988458 -0.001359 1.496526 0.442483 3.116931 -0.088275 -0.259712
10.988000 31.097766 25.050744 -0.001320 1.490397 0.542599 3.118270 -0.095897 -0.329376
11.008000 31.108858 25.112977 -0.001477 1.484562 0.548260 3.111652 -0.110885 -0.272715
11.028000 31.116845 25.175272 -0.001522 1.481917 0.383531 3.119743 -0.102111 -0.152771
11.048000 31.122169 25.237874 -0.001424 1.482159 0.250540 3.130116 -0.092834 0.004387
11.068000 31.125201 25.299077 -0.001354 1.484173 0.136956 3.059994 -0.094100 0.108302
11.088000 31.127024 25.358340 -0.001464 1.487314 0.083751 2.967489 -0.110414 0.151633
11.108000 31.129834 25.416055 -0.001582 1.489358 0.176513 2.871936 -0.115212 0.057582
11.128000 31.134189 25.472657 -0.001632 1.489882 0.225369 2.825462 -0.116383 0.032880
11.148000 31.137981 25.529151 -0.001649 1.490694 0.182445 2.825056 -0.116716 0.052554
11.168000 31.140637 25.585697 -0.001655 1.492687 0.088410 2.830844 -0.116694 0.149774
11.188000 31.141662 25.642380 -0.001655 1.496025 0.045610 2.833340 -0.116737 0.161087
11.208000 31.142966 25.699033 -0.001656 1.499135 0.047149 2.829291 -0.116792 0.178234
11.228000 31.142614 25.755724 -0.001656 1.503822 -0.052564 2.830749 -0.116683 0.271522
11.248000 31.141366 25.812499 -0.001656 1.508958 -0.052553 2.837557 -0.116765 0.240402
11.268000 31.142439 25.868736 -0.001618 1.511015 0.061032 2.805177 -0.105917 0.089457
11.288000 31.146755 25.924428 -0.001484 1.509818 0.208233 2.783313 -0.097330 -0.058035
11.308000 31.153783 25.979862 -0.001410 1.506142 0.350488 2.767916 -0.093971 -0.200370
11.328000 31.163049 26.035443 -0.001341 1.500501 0.462398 2.787948 -0.091189 -0.317754
11.348000 31.173595 26.091195 -0.001428 1.493936 0.540169 2.787394 -0.108222 -0.338382
11.368000 31.182473 26.145726 -0.001539 1.488924 0.431453 2.716713 -0.106296 -0.248710
11.388000 31.188790 26.198348 -0.001459 1.486381 0.321172 2.624809 -0.094987 -0.129726
11.408000 31.193192 26.249229 -0.001370 1.486165 0.211885 2.532964 -0.090514 -0.013140
11.428000 31.195632 26.298684 -0.001307 1.487928 0.110433 2.450400 -0.088354 0.100569
11.448000 31.196930 26.347633 -0.001383 1.490752 0.059311 2.442648 -0.105644 0.157492
11.468000 31.198937 26.396493 -0.001540 1.492758 0.151207 2.437280 -0.114105 0.052899
11.488000 31.202733 26.445323 -0.001616 1.492907 0.189343 2.440635 -0.116134 0.003464
11.508000 31.205978 26.494191 -0.001644 1.493475 0.133896 2.445730 -0.116701 0.060524
11.528000 31.208160 26.543159 -0.001653 1.495094 0.107313 2.448731 -0.116817 0.085102
11.548000 31.210415 26.592131 -0.001656 1.496629 0.114236 2.448189 -0.116847 0.072942
11.568000 31.211744 26.641130 -0.001657 1.499069 0.015822 2.451179 -0.116782 0.163731
11.588000 31.211677 26.690240 -0.001656 1.502747 0.002223 2.456352 -0.116807 0.183160
11.608000 31.212337 26.739298 -0.001658 1.505412 0.065007 2.443997 -0.116466 0.116012
11.628000 31.216617 26.787802 -0.001503 1.504249 0.232646 2.424035 -0.091196 -0.045707
11.648000 31.223526 26.836110 -0.001329 1.500561 0.366069 2.415475 -0.086377 -0.199307
11.668000 31.230022 26.884303 -0.001378 1.497755 0.298934 2.408415 -0.104835 -0.131681
11.688000 31.233435 26.932434 -0.001476 1.498063 0.163936 2.405808 -0.101134 0.019684
11.708000 31.234035 26.980871 -0.001390 1.501019 0.020899 2.420092 -0.089484 0.166016
11.728000 31.232538 27.029807 -0.001301 1.505951 -0.076959 2.453573 -0.089019 0.266467
11.748000 31.230020 27.079010 -0.001408 1.511664 -0.141137 2.456319 -0.107883 0.287279
11.768000 31.228816 27.126299 -0.001532 1.515668 -0.058103 2.355842 -0.106513 0.183976
11.788000 31.229717 27.171085 -0.001458 1.517034 0.045941 2.242963 -0.094939 0.065364
11.808000 31.232618 27.213752 -0.001366 1.516321 0.157468 2.133020 -0.089683 -0.038006
11.828000 31.237370 27.254582 -0.001300 1.513750 0.251352 2.028001 -0.089530 -0.145515
11.848000 31.243034 27.294476 -0.001419 1.510284 0.282527 1.998380 -0.108666 -0.178867
11.868000 31.247397 27.334386 -0.001564 1.508215 0.172008 2.003646 -0.114771 -0.053725
11.888000 31.249768 27.374273 -0.001624 1.508125 0.104130 1.992807 -0.116182 0.003825
11.908000 31.252564 27.414101 -0.001646 1.507850 0.158277 1.990123 -0.116673 -0.034476
11.928000 31.255806 27.453915 -0.001654 1.507198 0.162597 1.991235 -0.116792 -0.028183
11.948000 31.258944 27.493743 -0.001656 1.506576 0.158972 1.991255 -0.116821 -0.028144
11.968000 31.262635 27.533504 -0.001657 1.505295 0.214142 1.984663 -0.116771 -0.094075
11.988000 31.267129 27.573209 -0.001657 1.503437 0.221532 1.986406 -0.116809 -0.085760
12.008000 31.271423 27.612939 -0.001657 1.501700 0.225783 1.984873 -0.116814 -0.098924
12.028000 31.276363 27.652586 -0.001657 1.499412 0.257101 1.982517 -0.116809 -0.119691
12.048000 31.281398 27.692245 -0.001657 1.497145 0.250440 1.983050 -0.116824 -0.106955
12.068000 31.284545 27.731897 -0.001645 1.497052 0.115091 1.979479 -0.109222 0.007966
12.088000 31.284433 27.771694 -0.001412 1.500077 -0.021580 1.994332 -0.084779 0.165779
12.108000 31.283170 27.811665 -0.001299 1.504040 -0.047678 1.989434 -0.095594 0.180046
12.128000 31.284707 27.851019 -0.001453 1.505026 0.079469 1.966073 -0.105542 0.048291
12.148000 31.289148 27.890118 -0.001436 1.503161 0.226692 1.945918 -0.093516 -0.110041
12.168000 31.295616 27.927144 -0.001341 1.499064 0.341775 1.845560 -0.091507 -0.214177
12.188000 31.302804 27.961882 -0.001445 1.493657 0.357946 1.747198 -0.109600 -0.260186
12.208000 31.308511 27.995097 -0.001575 1.489880 0.253589 1.668936 -0.113905 -0.159807
12.228000 31.311281 28.026457 -0.001462 1.489411 0.133800 1.569708 -0.089326 -0.017782
12.248000 31.311988 28.056079 -0.001301 1.491176 0.024507 1.471434 -0.084911 0.098432
12.268000 31.311172 28.084637 -0.001321 1.494315 -0.046456 1.422978 -0.100018 0.169980
12.288000 31.310274 28.113019 -0.001499 1.497531 -0.018696 1.419465 -0.112853 0.136894
12.308000 31.310572 28.141325 -0.001601 1.499469 0.032990 1.414258 -0.115890 0.072373
12.328000 31.311282 28.169558 -0.001640 1.500877 0.029223 1.411461 -0.116640 0.075910
12.348000 31.311703 28.197797 -0.001652 1.502465 0.017710 1.411405 -0.116816 0.080368
12.368000 31.313211 28.225927 -0.001655 1.502842 0.126126 1.402034 -0.116480 -0.030367
12.388000 31.316719 28.253887 -0.001653 1.501352 0.182550 1.394509 -0.116502 -0.082257
12.408000 31.319750 28.281878 -0.001655 1.500189 0.127097 1.402573 -0.116778 -0.027593
12.428000 31.321966 28.309962 -0.001656 1.499843 0.111219 1.403536 -0.116840 -0.019049
12.448000 31.324371 28.338027 -0.001657 1.499429 0.122568 1.403098 -0.116854 -0.022891
12.468000 31.326629 28.366115 -0.001657 1.499202 0.102944 1.405254 -0.116866 -0.002942
12.488000 31.328674 28.394215 -0.001657 1.499125 0.104051 1.404545 -0.116865 -0.006087
12.508000 31.330853 28.422303 -0.001657 1.498943 0.117418 1.403143 -0.116860 -0.022903
12.528000 31.333421 28.450357 -0.001657 1.498415 0.130534 1.402876 -0.116861 -0.025430
12.548000 31.335948 28.478421 -0.001657 1.497905 0.125643 1.403100 -0.116864 -0.024064
12.568000 31.337665 28.506530 -0.001657 1.498308 0.041256 1.410581 -0.116779 0.061007
12.588000 31.338235 28.534760 -0.001657 1.499720 0.036142 1.410829 -0.116820 0.065981
12.608000 31.339379 28.562942 -0.001657 1.500592 0.089129 1.404324 -0.116786 0.011864
12.628000 31.342779 28.590885 -0.001655 1.499185 0.208135 1.394274 -0.116351 -0.104877
12.648000 31.347002 28.618777 -0.001654 1.496970 0.192071 1.397366 -0.116688 -0.095167
12.668000 31.349184 28.646760 -0.001655 1.496905 0.065977 1.396413 -0.115924 0.033475
12.688000 31.348837 28.674938 -0.001642 1.499245 -0.036339 1.413409 -0.115121 0.138349
12.708000 31.348155 28.703119 -0.001644 1.501939 0.004136 1.396261 -0.116187 0.126659
12.728000 31.350798 28.730795 -0.001550 1.501281 0.157933 1.373252 -0.092466 -0.048043
12.748000 31.355951 28.758368 -0.001308 1.498039 0.262318 1.387181 -0.083651 -0.172367
12.768000 31.360221 28.785949 -0.001374 1.495980 0.180066 1.375911 -0.103505 -0.089197
12.788000 31.361335 28.813639 -0.001413 1.496901 0.037317 1.376264 -0.093135 0.067036
12.808000 31.360149 28.841713 -0.001317 1.500150 -0.066164 1.408114 -0.088129 0.183996
12.828000 31.357618 28.870033 -0.001366 1.504755 -0.138791 1.416800 -0.103583 0.240652
12.848000 31.354993 28.898389 -0.001526 1.509431 -0.111091 1.420063 -0.113680 0.212882
12.868000 31.353536 28.925220 -0.001605 1.511552 -0.062090 1.340416 -0.111353 0.059906
12.888000 31.354270 28.949914 -0.001476 1.510681 0.052598 1.241699 -0.092987 -0.059234
12.908000 31.356547 28.972646 -0.001429 1.508280 0.124925 1.144708 -0.105350 -0.129956
12.928000 31.358270 28.993560 -0.001550 1.506538 0.055458 1.056848 -0.114033 -0.040068
12.948000 31.358390 29.012717 -0.001619 1.506503 0.006738 0.967007 -0.116080 0.015791
12.968000 31.358630 29.030001 -0.001645 1.506248 0.038777 0.871903 -0.116576 -0.017863
12.988000 31.359389 29.045388 -0.001653 1.505468 0.050596 0.778250 -0.116749 -0.027606
13.008000 31.359942 29.058925 -0.001656 1.504897 0.034525 0.686279 -0.116840 -0.009722
13.028000 31.360241 29.070618 -0.001658 1.504587 0.027524 0.593625 -0.116847 -0.001712
13.048000 31.360536 29.080449 -0.001658 1.504282 0.029834 0.500410 -0.116816 -0.003352
13.068000 31.360844 29.088417 -0.001657 1.503964 0.028862 0.407446 -0.116815 -0.001710
13.088000 31.361068 29.094530 -0.001657 1.503734 0.023908 0.314725 -0.116821 0.003677
13.108000 31.361202 29.098787 -0.001657 1.503597 0.020115 0.221959 -0.116805 0.007464
13.128000 31.361311 29.101219 -0.001657 1.503538 0.020470 0.127594 -0.116827 0.013283
13.148000 31.361406 29.102235 -0.001657 1.503528 0.016912 0.035492 -0.116846 0.017698
13.168000 31.361446 29.102326 -0.001658 1.503448 0.012587 -0.000059 -0.116872 -0.000687
13.188000 31.361433 29.102343 -0.001658 1.503354 0.000857 0.000658 -0.116857 -0.001420
13.208000 31.361347 29.102348 -0.001657 1.503338 -0.007038 -0.000440 -0.116861 -0.005040
13.228000 31.361279 29.102335 -0.001657 1.503344 -0.008907 -0.001220 -0.116878 -0.007626
13.248000 31.361251 29.102311 -0.001657 1.503351 -0.008591 -0.001476 -0.116863 -0.008259
13.268000 31.361240 29.102285 -0.001657 1.503356 -0.008365 -0.001523 -0.116831 -0.008364
13.288000 31.361236 29.102259 -0.001657 1.503360 -0.008064 -0.001526 -0.116816 -0.008387
13.308000 31.361236 29.102233 -0.001657 1.503361 -0.007741 -0.001501 -0.116813 -0.008309
13.328000 31.361236 29.102208 -0.001657 1.503361 -0.007599 -0.001472 -0.116813 -0.008211
13.348000 31.361236 29.102183 -0.001657 1.503360 -0.007547 -0.001457 -0.116815 -0.008171
13.368000 31.361236 29.102158 -0.001657 1.503359 -0.007495 -0.001450 -0.116816 -0.008153
13.388000 31.361235 29.102134 -0.001657 1.503359 -0.007444 -0.001444 -0.116817 -0.008140
13.408000 31.361235 29.102109 -0.001657 1.503358 -0.007372 -0.001439 -0.116825 -0.008131
13.428000 31.361235 29.102085 -0.001657 1.503357 -0.007268 -0.001431 -0.116845 -0.008110
13.448000 31.361235 29.102060 -0.001657 1.503356 -0.007164 -0.001420 -0.116852 -0.008086
13.468000 31.361236 29.102036 -0.001657 1.503354 -0.007066 -0.001410 -0.116851 -0.008072
13.488000 31.361236 29.102013 -0.001657 1.503353 -0.006964 -0.001400 -0.116852 -0.008058
13.508000 31.361237 29.101989 -0.001657 1.503352 -0.006874 -0.001391 -0.116863 -0.008042
13.528000 31.361237 29.101966 -0.001657 1.503350 -0.006779 -0.001382 -0.116861 -0.008029
13.548000 31.361237 29.101942 -0.001657 1.503349 -0.006701 -0.001372 -0.116870 -0.007998
13.568000 31.361238 29.101919 -0.001657 1.503348 -0.006665 -0.001364 -0.116886 -0.007974
13.588000 31.361237 29.101896 -0.001658 1.503347 -0.006631 -0.001360 -0.116890 -0.007967
13.608000 31.361237 29.101874 -0.001658 1.503346 -0.006602 -0.001355 -0.116890 -0.007954
13.628000 31.361236 29.101851 -0.001658 1.503345 -0.006647 -0.001352 -0.116890 -0.007934
13.648000 31.361234 29.101828 -0.001658 1.503345 -0.006699 -0.001355 -0.116890 -0.007939
13.668000 31.361232 29.101805 -0.001658 1.503345 -0.006718 -0.001359 -0.116890 -0.007948
13.688000 31.361230 29.101782 -0.001658 1.503345 -0.006712 -0.001360 -0.116890 -0.007950
13.708000 31.361229 29.101760 -0.001658 1.503345 -0.006699 -0.001359 -0.116890 -0.007944
13.728000 31.361227 29.101737 -0.001658 1.503345 -0.006690 -0.001358 -0.116890 -0.007935
13.748000 31.361226 29.101714 -0.001658 1.503345 -0.006685 -0.001356 -0.116890 -0.007927
13.768000 31.361224 29.101691 -0.001658 1.503345 -0.006681 -0.001355 -0.116890 -0.007919
13.788000 31.361222 29.101668 -0.001658 1.503345 -0.006677 -0.001354 -0.116890 -0.007912
13.808000 31.361221 29.101646 -0.001658 1.503345 -0.006672 -0.001353 -0.116890 -0.007906
13.828000 31.361219 29.101623 -0.001658 1.503345 -0.006667 -0.001352 -0.116891 -0.007899
13.848000 31.361218 29.101600 -0.001658 1.503345 -0.006662 -0.001351 -0.116891 -0.007891
13.868000 31.361216 29.101578 -0.001658 1.503345 -0.006658 -0.001350 -0.116891 -0.007884
13.888000 31.361215 29.101555 -0.001658 1.503345 -0.006653 -0.001348 -0.116891 -0.007877
13.908000 31.361213 29.101532 -0.001658 1.503345 -0.006648 -0.001347 -0.116891 -0.007870
13.928000 31.361212 29.101510 -0.001658 1.503345 -0.006643 -0.001346 -0.116891 -0.007863
13.948000 31.361210 29.101487 -0.001658 1.503345 -0.006639 -0.001345 -0.116891 -0.007856
13.968000 31.361208 29.101464 -0.001658 1.503345 -0.006634 -0.001344 -0.116891 -0.007849
13.988000 31.361207 29.101442 -0.001658 1.503345 -0.006629 -0.001343 -0.116891 -0.007842
14.008000 31.361205 29.101419 -0.001658 1.503345 -0.006624 -0.001342 -0.116891 -0.007835
14.028000 31.361204 29.101397 -0.001658 1.503345 -0.006620 -0.001341 -0.116891 -0.007828
14.048000 31.361202 29.101374 -0.001658 1.503346 -0.006615 -0.001340 -0.116891 -0.007821
14.068000 31.361201 29.101352 -0.001658 1.503346 -0.006610 -0.001339 -0.116891 -0.007814
14.088000 31.361199 29.101329 -0.001658 1.503346 -0.006605 -0.001338 -0.116891 -0.007807
14.108000 31.361198 29.101307 -0.001658 1.503346 -0.006601 -0.001336 -0.116891 -0.007800
14.128000 31.361196 29.101284 -0.001658 1.503346 -0.006596 -0.001335 -0.116891 -0.007793
14.148000 31.361195 29.101262 -0.001658 1.503346 -0.006591 -0.001334 -0.116891 -0.007786
14.168000 31.361193 29.101240 -0.001658 1.503346 -0.006587 -0.001333 -0.116891 -0.007779
14.188000 31.361192 29.101217 -0.001658 1.503346 -0.006582 -0.001332 -0.116891 -0.007772
14.208000 31.361190 29.101195 -0.001658 1.503346 -0.006577 -0.001331 -0.116891 -0.007765
14.228000 31.361188 29.101173 -0.001658 1.503346 -0.006573 -0.001330 -0.116891 -0.007758
14.248000 31.361187 29.101150 -0.001658 1.503346 -0.006568 -0.001329 -0.116891 -0.007751
14.268000 31.361185 29.101128 -0.001658 1.503346 -0.006563 -0.001328 -0.116891 -0.007744
14.288000 31.361184 29.101106 -0.001658 1.503346 -0.006559 -0.001327 -0.116891 -0.007737
14.308000 31.361182 29.101084 -0.001658 1.503346 -0.006554 -0.001326 -0.116891 -0.007730
14.328000 31.361181 29.101061 -0.001658 1.503346 -0.006549 -0.001324 -0.116891 -0.007723
14.348000 31.361179 29.101039 -0.001658 1.503346 -0.006545 -0.001323 -0.116891 -0.007716
14.368000 31.361178 29.101017 -0.001658 1.503346 -0.006540 -0.001322 -0.116891 -0.007709
14.388000 31.361176 29.100995 -0.001658 1.503346 -0.006535 -0.001321 -0.116892 -0.007702
14.408000 31.361175 29.100973 -0.001658 1.503346 -0.006531 -0.001320 -0.116892 -0.007695
14.428000 31.361173 29.100950 -0.001658 1.503346 -0.006526 -0.001319 -0.116892 -0.007688
14.448000 31.361172 29.100928 -0.001658 1.503346 -0.006521 -0.001318 -0.116892 -0.007681
14.468000 31.361170 29.100906 -0.001658 1.503346 -0.006517 -0.001317 -0.116892 -0.007674
14.488000 31.361169 29.100884 -0.001658 1.503346 -0.006512 -0.001316 -0.116892 -0.007668
14.508000 31.361167 29.100862 -0.001658 1.503346 -0.006508 -0.001315 -0.116892 -0.007661
14.528000 31.361166 29.100840 -0.001658 1.503346 -0.006503 -0.001314 -0.116892 -0.007654
14.548000 31.361164 29.100818 -0.001658 1.503346 -0.006498 -0.001313 -0.116892 -0.007647
14.568000 31.361163 29.100796 -0.001658 1.503346 -0.006494 -0.001312 -0.116892 -0.007640
14.588000 31.361161 29.100774 -0.001658 1.503346 -0.006489 -0.001311 -0.116892 -0.007633
14.608000 31.361160 29.100752 -0.001658 1.503346 -0.006485 -0.001309 -0.116892 -0.007626
14.628000 31.361158 29.100730 -0.001658 1.503346 -0.006480 -0.001308 -0.116892 -0.007620
14.648000 31.361157 29.100708 -0.001658 1.503346 -0.006476 -0.001307 -0.116892 -0.007613
14.668000 31.361155 29.100686 -0.001658 1.503346 -0.006471 -0.001306 -0.116892 -0.007606
14.688000 31.361154 29.100665 -0.001658 1.503346 -0.006466 -0.001305 -0.116892 -0.007599
14.708000 31.361152 29.100643 -0.001658 1.503346 -0.006462 -0.001304 -0.116892 -0.007592
14.728000 31.361151 29.100621 -0.001658 1.503346 -0.006457 -0.001303 -0.116892 -0.007586
14.748000 31.361149 29.100599 -0.001658 1.503346 -0.006453 -0.001302 -0.116892 -0.007579
14.768000 31.361148 29.100577 -0.001658 1.503346 -0.006448 -0.001301 -0.116892 -0.007572
14.788000 31.361146 29.100555 -0.001658 1.503346 -0.006444 -0.001300 -0.116892 -0.007565
14.808000 31.361145 29.100534 -0.001658 1.503347 -0.006439 -0.001299 -0.116892 -0.007558
14.828000 31.361143 29.100512 -0.001658 1.503347 -0.006435 -0.001298 -0.116892 -0.007552
14.848000 31.361142 29.100490 -0.001658 1.503347 -0.006430 -0.001297 -0.116892 -0.007545
14.868000 31.361140 29.100469 -0.001658 1.503347 -0.006426 -0.001296 -0.116892 -0.007538
14.888000 31.361139 29.100447 -0.001658 1.503347 -0.006421 -0.001295 -0.116892 -0.007531
14.908000 31.361137 29.100425 -0.001658 1.503347 -0.006417 -0.001294 -0.116892 -0.007525
14.928000 31.361136 29.100404 -0.001658 1.503347 -0.006412 -0.001293 -0.116892 -0.007518
14.948000 31.361134 29.100382 -0.001658 1.503347 -0.006408 -0.001292 -0.116892 -0.007511
14.968000 31.361133 29.100360 -0.001658 1.503347 -0.006403 -0.001290 -0.116893 -0.007504
14.988000 31.361131 29.100339 -0.001658 1.503347 -0.006399 -0.001289 -0.116893 -0.007498
15.008000 31.361130 29.100317 -0.001658 1.503347 -0.006395 -0.001288 -0.116893 -0.007491
15.028000 31.361128 29.100296 -0.001658 1.503347 -0.006390 -0.001287 -0.116893 -0.007484
15.048000 31.361127 29.100274 -0.001658 1.503347 -0.006386 -0.001286 -0.116893 -0.007478
15.068000 31.361125 29.100253 -0.001658 1.503347 -0.006381 -0.001285 -0.116893 -0.007471
15.088000 31.361124 29.100231 -0.001658 1.503347 -0.006377 -0.001284 -0.116893 -0.007464
15.108000 31.361122 29.100210 -0.001658 1.503347 -0.006372 -0.001283 -0.116893 -0.007458
15.128000 31.361121 29.100188 -0.001658 1.503347 -0.006368 -0.001282 -0.116893 -0.007451
15.148000 31.361119 29.100167 -0.001658 1.503347 -0.006364 -0.001281 -0.116893 -0.007444
15.168000 31.361118 29.100145 -0.001658 1.503347 -0.006359 -0.001280 -0.116893 -0.007438
15.188000 31.361116 29.100124 -0.001658 1.503347 -0.006355 -0.001279 -0.116893 -0.007431
15.208000 31.361115 29.100103 -0.001658 1.503347 -0.006350 -0.001278 -0.116893 -0.007424
15.228000 31.361113 29.100081 -0.001658 1.503347 -0.006346 -0.001277 -0.116893 -0.007418
15.248000 31.361112 29.100060 -0.001658 1.503347 -0.006342 -0.001276 -0.116893 -0.007411
15.268000 31.361111 29.100039 -0.001658 1.503347 -0.006337 -0.001275 -0.116893 -0.007405
15.288000 31.361109 29.100017 -0.001658 1.503347 -0.006333 -0.001274 -0.116893 -0.007398
15.308000 31.361108 29.099996 -0.001658 1.503347 -0.006328 -0.001273 -0.116893 -0.007391
15.328000 31.361106 29.099975 -0.001658 1.503347 -0.006324 -0.001272 -0.116893 -0.007385
15.348000 31.361105 29.099953 -0.001658 1.503347 -0.006320 -0.001271 -0.116893 -0.007378
15.368000 31.361103 29.099932 -0.001658 1.503347 -0.006315 -0.001270 -0.116893 -0.007371
15.388000 31.361102 29.099911 -0.001658 1.503347 -0.006311 -0.001269 -0.116893 -0.007365
15.408000 31.361100 29.099890 -0.001658 1.503347 -0.006307 -0.001268 -0.116893 -0.007358
15.428000 31.361099 29.099869 -0.001658 1.503347 -0.006302 -0.001267 -0.116893 -0.007352
15.448000 31.361097 29.099848 -0.001658 1.503347 -0.006298 -0.001266 -0.116893 -0.007345
15.468000 31.361096 29.099826 -0.001658 1.503347 -0.006294 -0.001265 -0.116894 -0.007339
15.488000 31.361094 29.099805 -0.001658 1.503347 -0.006289 -0.001264 -0.116894 -0.007332
15.508000 31.361093 29.099784 -0.001658 1.503347 -0.006285 -0.001263 -0.116894 -0.007325
15.528000 31.361092 29.099763 -0.001658 1.503347 -0.006281 -0.001262 -0.116894 -0.007319
15.548000 31.361090 29.099742 -0.001658 1.503347 -0.006276 -0.001261 -0.116894 -0.007312
15.568000 31.361089 29.099721 -0.001658 1.503347 -0.006272 -0.001260 -0.116894 -0.007306
15.588000 31.361087 29.099700 -0.001658 1.503348 -0.006268 -0.001259 -0.116894 -0.007299
15.608000 31.361086 29.099679 -0.001658 1.503348 -0.006263 -0.001258 -0.116894 -0.007293
15.628000 31.361084 29.099658 -0.001658 1.503348 -0.006259 -0.001257 -0.116894 -0.007286
15.648000 31.361083 29.099637 -0.001658 1.503348 -0.006255 -0.001256 -0.116894 -0.007280
15.668000 31.361081 29.099616 -0.001658 1.503348 -0.006250 -0.001255 -0.116894 -0.007273
15.688000 31.361080 29.099595 -0.001658 1.503348 -0.006246 -0.001254 -0.116894 -0.007267
15.708000 31.361079 29.099574 -0.001658 1.503348 -0.006242 -0.001253 -0.116894 -0.007260
15.728000 31.361077 29.099553 -0.001658 1.503348 -0.006237 -0.001252 -0.116894 -0.007254
15.748000 31.361076 29.099532 -0.001658 1.503348 -0.006233 -0.001251 -0.116894 -0.007247
15.768000 31.361074 29.099512 -0.001658 1.503348 -0.006229 -0.001250 -0.116894 -0.007241
15.788000 31.361073 29.099491 -0.001658 1.503348 -0.006225 -0.001249 -0.116894 -0.007234
15.808000 31.361071 29.099470 -0.001658 1.503348 -0.006220 -0.001248 -0.116894 -0.007228
15.828000 31.361070 29.099449 -0.001658 1.503348 -0.006216 -0.001247 -0.116894 -0.007221
15.848000 31.361069 29.099428 -0.001658 1.503348 -0.006212 -0.001246 -0.116894 -0.007215
15.868000 31.361067 29.099408 -0.001658 1.503348 -0.006208 -0.001245 -0.116894 -0.007208
15.888000 31.361066 29.099387 -0.001658 1.503348 -0.006204 -0.001244 -0.116894 -0.007202
15.908000 31.361064 29.099366 -0.001658 1.503348 -0.006199 -0.001243 -0.116894 -0.007195
15.928000 31.361063 29.099345 -0.001658 1.503348 -0.006195 -0.001242 -0.116894 -0.007189
15.948000 31.361061 29.099325 -0.001658 1.503348 -0.006191 -0.001241 -0.116894 -0.007183
15.968000 31.361060 29.099304 -0.001658 1.503348 -0.006187 -0.001240 -0.116894 -0.007176
15.988000 31.361059 29.099283 -0.001658 1.503348 -0.006183 -0.001239 -0.116894 -0.007170
16.008000 31.361057 29.099263 -0.001658 1.503348 -0.006179 -0.001238 -0.116894 -0.007164
16.028000 31.361056 29.099242 -0.001658 1.503348 -0.006174 -0.001237 -0.116894 -0.007157
16.048000 31.361054 29.099222 -0.001658 1.503348 -0.006170 -0.001236 -0.116894 -0.007151
16.068000 31.361053 29.099201 -0.001658 1.503348 -0.006166 -0.001235 -0.116894 -0.007145
16.088000 31.361051 29.099180 -0.001658 1.503348 -0.006162 -0.001234 -0.116893 -0.007138
16.108000 31.361050 29.099160 -0.001658 1.503348 -0.006158 -0.001233 -0.116893 -0.007132
16.128000 31.361049 29.099139 -0.001658 1.503348 -0.006154 -0.001232 -0.116893 -0.007126
16.148000 31.361047 29.099119 -0.001658 1.503348 -0.006150 -0.001231 -0.116893 -0.007119
16.168000 31.361046 29.099098 -0.001658 1.503348 -0.006145 -0.001230 -0.116893 -0.007113
16.188000 31.361044 29.099078 -0.001658 1.503348 -0.006141 -0.001229 -0.116893 -0.007107
16.208000 31.361043 29.099057 -0.001658 1.503348 -0.006137 -0.001228 -0.116893 -0.007100
16.228000 31.361042 29.099037 -0.001658 1.503348 -0.006133 -0.001227 -0.116893 -0.007094
16.248000 31.361040 29.099016 -0.001658 1.503348 -0.006129 -0.001226 -0.116893 -0.007088
16.268000 31.361039 29.098996 -0.001658 1.503348 -0.006125 -0.001225 -0.116893 -0.007082
16.288000 31.361037 29.098976 -0.001658 1.503348 -0.006121 -0.001224 -0.116893 -0.007075
16.308000 31.361036 29.098955 -0.001658 1.503348 -0.006117 -0.001223 -0.116893 -0.007069
16.328000 31.361035 29.098935 -0.001658 1.503348 -0.006113 -0.001222 -0.116893 -0.007063
16.348000 31.361033 29.098915 -0.001658 1.503349 -0.006108 -0.001221 -0.116893 -0.007056
