# stamp x y z yaw linear_v angular_v
0.203000 0.000001 0.000000 -0.001410 0.000000 -0.000013 -0.000003
0.223000 0.000003 0.000000 -0.001582 0.000000 -0.000022 -0.000004
0.243000 0.000005 0.000000 -0.001636 0.000000 -0.000026 -0.000004
0.263000 0.000006 0.000000 -0.001651 0.000000 -0.000028 -0.000004
0.283000 0.000008 0.000000 -0.001656 0.000000 -0.000028 -0.000004
0.303000 0.000010 0.000000 -0.001657 0.000000 -0.000028 -0.000004
0.323000 0.000012 0.000000 -0.001657 0.000000 -0.000028 -0.000004
0.343000 0.000013 0.000000 -0.001657 0.000000 -0.000028 -0.000004
0.363000 0.000015 0.000000 -0.001657 0.000000 -0.000028 -0.000004
0.383000 0.000017 0.000000 -0.001657 0.000000 -0.000028 -0.000004
0.403000 0.000019 0.000000 -0.001657 0.000000 -0.000028 -0.000004
0.423000 0.000020 0.000000 -0.001657 0.000000 -0.000028 -0.000004
0.443000 0.000022 0.000000 -0.001657 0.000000 -0.000028 -0.000004
0.463000 0.000024 0.000000 -0.001657 0.000000 -0.000028 -0.000004
0.483000 0.000026 0.000000 -0.001657 0.000000 -0.000028 -0.000004
0.503000 0.000027 0.000000 -0.001657 0.000000 -0.000028 -0.000004
0.523000 0.000029 0.000000 -0.001657 0.000000 -0.000028 -0.000004
0.543000 0.000031 0.000000 -0.001657 0.000000 -0.000028 -0.000004
0.563000 0.000033 0.000000 -0.001657 0.000000 -0.000028 -0.000004
0.583000 0.000034 0.000000 -0.001657 0.000000 -0.000028 -0.000004
0.603000 0.000036 0.000000 -0.001657 0.000000 -0.000028 -0.000004
0.623000 0.000038 0.000000 -0.001657 0.000000 -0.000028 -0.000004
0.643000 0.000040 0.000000 -0.001657 0.000000 -0.000028 -0.000004
0.663000 0.000041 0.000000 -0.001657 0.000000 -0.000028 -0.000004
0.683000 0.000043 0.000000 -0.001657 0.000000 -0.000028 -0.000004
0.703000 0.000045 0.000000 -0.001657 0.000000 -0.000028 -0.000004
0.723000 0.000047 0.000000 -0.001657 0.000000 -0.000028 -0.000004
0.743000 0.000048 0.000000 -0.001657 0.000000 -0.000028 -0.000004
0.763000 0.000050 0.000000 -0.001657 0.000000 -0.000028 -0.000004
0.783000 0.000052 0.000000 -0.001657 0.000000 -0.000028 -0.000004
0.803000 0.000054 0.000000 -0.001657 0.000000 -0.000028 -0.000004
0.823000 0.000055 0.000000 -0.001657 0.000000 -0.000028 -0.000004
0.843000 0.000057 0.000000 -0.001657 0.000000 -0.000028 -0.000004
0.863000 0.000059 0.000000 -0.001657 0.000000 -0.000028 -0.000004
0.883000 0.000061 0.000000 -0.001657 0.000000 -0.000028 -0.000004
0.903000 0.000062 0.000000 -0.001657 0.000000 -0.000028 -0.000004
0.923000 0.000064 0.000000 -0.001657 0.000000 -0.000028 -0.000004
0.943000 0.000274 -0.000000 -0.001658 -0.000000 0.018877 -0.000148
0.963000 0.002977 -0.000146 -0.001653 -0.000150 0.121836 -0.014963
0.983000 0.007615 -0.000562 -0.001653 -0.000551 0.218226 -0.021295
1.003000 0.014110 -0.000824 -0.001655 -0.000740 0.309373 0.020729
1.023000 0.022401 -0.000113 -0.001655 0.000057 0.402930 0.037861
1.043000 0.032623 0.000457 -0.001656 0.000616 0.499997 0.023889
1.063000 0.044768 0.000964 -0.001656 0.001054 0.595783 0.022060
1.083000 0.058821 0.001592 -0.001656 0.001566 0.690968 0.027719
1.103000 0.074776 0.002080 -0.001656 0.001869 0.785703 -0.014993
1.123000 0.092627 0.001701 -0.001656 0.001281 0.881219 -0.023918
1.143000 0.112400 0.001597 -0.001656 0.001039 0.977288 -0.008349
1.163000 0.134087 0.001481 -0.001656 0.000806 1.072925 -0.014230
1.183000 0.157689 0.001289 -0.001656 0.000525 1.168672 -0.013038
1.203000 0.183184 0.000809 -0.001656 -0.000025 1.261197 -0.055727
1.223000 0.210532 -0.000521 -0.001656 -0.001353 1.356229 -0.059880
1.243000 0.239808 -0.001678 -0.001656 -0.002354 1.450990 -0.037683
1.263000 0.270809 -0.001168 -0.001654 -0.001549 1.534556 0.067722
1.283000 0.303492 0.001423 -0.001642 0.001234 1.619332 0.164992
1.303000 0.337836 0.004047 -0.001640 0.003671 1.698322 0.090521
1.323000 0.373617 0.003889 -0.001443 0.003069 1.775243 -0.034884
1.343000 0.410965 0.001663 -0.001328 0.000481 1.853298 -0.136574
1.363000 0.449803 -0.002673 -0.001320 -0.003926 1.927489 -0.229052
1.383000 0.490191 -0.008818 -0.001419 -0.009638 2.005603 -0.295694
1.403000 0.532120 -0.014531 -0.001557 -0.014225 2.077453 -0.205851
1.423000 0.575273 -0.017907 -0.001556 -0.015926 2.143571 -0.076650
1.443000 0.619761 -0.019238 -0.001495 -0.015311 2.209359 0.046590
1.463000 0.665496 -0.018432 -0.001464 -0.012673 2.271713 0.152050
1.483000 0.712466 -0.015372 -0.001439 -0.008093 2.332486 0.252318
1.503000 0.760767 -0.010037 -0.001394 -0.001807 2.401947 0.342581
1.523000 0.810651 -0.002896 -0.001469 0.005535 2.481284 0.393283
1.543000 0.862453 0.004316 -0.001580 0.012069 2.579199 0.310285
1.563000 0.915884 0.009013 -0.001561 0.015360 2.658804 0.178273
1.583000 0.970935 0.011750 -0.001476 0.016252 2.739901 0.051372
1.603000 1.027665 0.012513 -0.001418 0.015008 2.825997 -0.076616
1.623000 1.086198 0.011193 -0.001321 0.011658 2.916010 -0.201170
1.643000 1.146545 0.008351 -0.001414 0.007263 3.007151 -0.227133
1.663000 1.208808 0.006626 -0.001554 0.004821 3.103550 -0.113617
1.683000 1.273029 0.006896 -0.001577 0.004683 3.200911 0.002248
1.703000 1.339129 0.007594 -0.001614 0.004962 3.290256 -0.024301
1.723000 1.406897 0.005706 -0.001515 0.002378 3.375273 -0.167876
1.743000 1.476369 0.001405 -0.001304 -0.002416 3.460925 -0.262009
1.763000 1.547471 -0.005041 -0.001331 -0.008600 3.542337 -0.336787
1.783000 1.620269 -0.013020 -0.001490 -0.015608 3.630558 -0.354934
1.803000 1.694828 -0.019788 -0.001593 -0.020572 3.711403 -0.242558
1.823000 1.770815 -0.024192 -0.001582 -0.022628 3.786666 -0.115100
1.843000 1.848320 -0.026600 -0.001534 -0.022377 3.863490 0.009013
1.863000 1.927468 -0.026936 -0.001462 -0.019965 3.944995 0.136784
1.883000 2.008251 -0.025212 -0.001394 -0.015440 4.026721 0.254956
1.903000 2.090748 -0.021450 -0.001384 -0.009868 4.115882 0.279804
1.923000 2.175204 -0.018859 -0.001526 -0.006243 4.213823 0.170740
1.943000 2.261655 -0.018063 -0.001595 -0.004818 4.313250 0.057135
1.963000 2.350042 -0.017579 -0.001631 -0.003854 4.406591 0.101250
1.983000 2.440273 -0.015446 -0.001647 -0.001224 4.499528 0.165517
2.003000 2.532322 -0.012417 -0.001653 0.002033 4.585889 0.205623
2.023000 2.625921 -0.006499 -0.001537 0.007767 4.665215 0.320372
2.043000 2.721121 0.001990 -0.001341 0.015413 4.744714 0.398429
2.063000 2.817811 0.009338 -0.001442 0.021144 4.821802 0.303141
2.083000 2.916099 0.014876 -0.001559 0.024456 4.902272 0.186886
2.103000 3.016079 0.018425 -0.001536 0.025258 4.988770 0.053724
2.123000 3.117882 0.019900 -0.001406 0.023723 5.079135 -0.076661
2.143000 3.221484 0.019357 -0.001344 0.020212 5.169728 -0.199178
2.163000 3.326945 0.017495 -0.001430 0.015708 5.263442 -0.225749
2.183000 3.434336 0.016456 -0.001564 0.013010 5.361485 -0.112511
2.203000 3.543169 0.015428 -0.001625 0.010415 5.432498 -0.167237
2.223000 3.652886 0.011075 -0.001450 0.004916 5.491606 -0.286415
2.243000 3.763415 0.004378 -0.001294 -0.002367 5.529836 -0.388270
2.263000 3.874020 -0.004226 -0.001308 -0.010899 5.525978 -0.453601
2.283000 3.984666 -0.014343 -0.001458 -0.020022 5.543058 -0.493536
2.303000 4.095477 -0.024035 -0.001575 -0.027435 5.544858 -0.366678
2.323000 4.206451 -0.030969 -0.001524 -0.030838 5.553451 -0.161272
2.343000 4.317596 -0.035309 -0.001425 -0.031232 5.561679 -0.023415
2.363000 4.428838 -0.036802 -0.001380 -0.029278 5.567177 0.119736
2.383000 4.540122 -0.035813 -0.001328 -0.025080 5.566203 0.238927
2.403000 4.651363 -0.032778 -0.001352 -0.018898 5.559883 0.331098
2.423000 4.762536 -0.026542 -0.001381 -0.010444 5.561643 0.441690
2.443000 4.873692 -0.017841 -0.001315 -0.000450 5.553973 0.520211
2.463000 4.984759 -0.009000 -0.001420 0.008320 5.553237 0.408889
2.483000 5.095967 -0.002061 -0.001561 0.014510 5.563172 0.277648
2.503000 5.207035 0.003554 -0.001620 0.018332 5.552496 0.159390
2.523000 5.318180 0.005962 -0.001414 0.018345 5.564940 -0.031442
2.543000 5.429304 0.006106 -0.001307 0.016558 5.553368 -0.110240
2.563000 5.540347 0.003965 -0.001356 0.012299 5.556721 -0.239690
2.583000 5.651412 -0.000580 -0.001334 0.006381 5.556648 -0.326614
2.603000 5.762396 -0.006739 -0.001440 -0.000763 5.550047 -0.381235
2.623000 5.873266 -0.015044 -0.001529 -0.009169 5.544144 -0.451467
2.643000 5.984030 -0.024963 -0.001595 -0.018243 5.542142 -0.481263
2.663000 6.094777 -0.032773 -0.001591 -0.023726 5.542000 -0.283398
2.683000 6.205675 -0.038184 -0.001502 -0.025866 5.547844 -0.103560
2.703000 6.316711 -0.040752 -0.001430 -0.025435 5.553579 0.029485
2.723000 6.427848 -0.040679 -0.001356 -0.022577 5.560227 0.179973
2.743000 6.539081 -0.038478 -0.001313 -0.017842 5.561244 0.273036
2.763000 6.650296 -0.033767 -0.001347 -0.010904 5.562225 0.362711
2.783000 6.761493 -0.026820 -0.001324 -0.002605 5.558312 0.444726
2.803000 6.872613 -0.018668 -0.001429 0.005893 5.554288 0.416442
2.823000 6.983803 -0.011953 -0.001565 0.012070 5.564456 0.278437
2.843000 7.094982 -0.005562 -0.001626 0.017267 5.558182 0.266199
2.863000 7.206178 -0.000892 -0.001632 0.019691 5.563599 0.071782
2.883000 7.317314 0.001405 -0.001534 0.019874 5.556092 -0.001328
2.903000 7.428398 0.002104 -0.001517 0.018288 5.553118 -0.115466
2.923000 7.539430 -0.000263 -0.001385 0.013537 5.557555 -0.254964
2.943000 7.650497 -0.004895 -0.001283 0.007312 5.556241 -0.347469
2.963000 7.761479 -0.011993 -0.001333 -0.000901 5.553405 -0.419392
2.983000 7.872343 -0.021404 -0.001326 -0.010401 5.545556 -0.500153
3.003000 7.983049 -0.031546 -0.001396 -0.019407 5.536181 -0.444749
3.023000 8.093730 -0.039239 -0.001531 -0.024605 5.536969 -0.260836
3.043000 8.204524 -0.044443 -0.001520 -0.026443 5.542276 -0.091199
3.063000 8.315523 -0.046709 -0.001392 -0.025823 5.551798 0.059774
3.083000 8.426686 -0.046677 -0.001301 -0.023013 5.560521 0.166668
3.103000 8.537840 -0.044981 -0.001384 -0.018478 5.555343 0.261853
3.123000 8.649003 -0.040169 -0.001374 -0.011500 5.561114 0.367680
3.143000 8.760181 -0.033150 -0.001303 -0.003054 5.556234 0.450629
3.163000 8.871265 -0.024355 -0.001389 0.006322 5.551632 0.503846
3.183000 8.982311 -0.014307 -0.001540 0.015905 5.555549 0.494870
3.203000 9.093476 -0.005401 -0.001603 0.022957 5.561847 0.344266
3.223000 9.204806 0.000666 -0.001493 0.025919 5.570609 0.136905
3.243000 9.316203 0.004078 -0.001395 0.026159 5.579008 0.005008
3.263000 9.427626 0.004781 -0.001354 0.023970 5.583003 -0.139333
3.283000 9.538877 0.003224 -0.001318 0.019803 5.561680 -0.235376
3.303000 9.649897 -0.000200 -0.001399 0.013799 5.551092 -0.322352
3.323000 9.760831 -0.006975 -0.001375 0.005434 5.554514 -0.433910
3.343000 9.871718 -0.015970 -0.001296 -0.004294 5.543171 -0.490017
3.363000 9.982384 -0.023198 -0.001425 -0.010770 5.535307 -0.329428
3.383000 10.093036 -0.028062 -0.001544 -0.013993 5.534766 -0.153635
3.403000 10.203841 -0.030114 -0.001481 -0.014496 5.542005 0.005097
3.423000 10.314924 -0.029740 -0.001302 -0.012632 5.558642 0.115099
3.443000 10.426026 -0.028305 -0.001369 -0.009965 5.549505 0.150331
3.463000 10.537135 -0.025033 -0.001531 -0.005209 5.556150 0.269574
3.483000 10.648289 -0.019876 -0.001602 0.000658 5.556904 0.333236
3.503000 10.759417 -0.013276 -0.001636 0.007389 5.550588 0.382668
3.523000 10.870435 -0.004616 -0.001647 0.015469 5.545275 0.454149
3.543000 10.981395 0.005161 -0.001653 0.023673 5.546053 0.412919
3.563000 11.092287 0.012217 -0.001575 0.027696 5.548814 0.207750
3.583000 11.203324 0.016828 -0.001465 0.028549 5.553943 0.050491
3.603000 11.314446 0.018471 -0.001402 0.027120 5.559942 -0.088121
3.623000 11.425603 0.017645 -0.001324 0.023348 5.561813 -0.216243
3.643000 11.536717 0.015185 -0.001347 0.018245 5.555311 -0.283203
3.663000 11.647775 0.010404 -0.001430 0.011138 5.556802 -0.370941
3.683000 11.758769 0.003406 -0.001397 0.002744 5.551932 -0.450541
3.703000 11.869700 -0.004678 -0.001496 -0.005703 5.550756 -0.404715
3.723000 11.980763 -0.011209 -0.001594 -0.011744 5.562005 -0.272899
3.743000 12.091816 -0.017573 -0.001635 -0.016950 5.554455 -0.267137
3.763000 12.202909 -0.021556 -0.001551 -0.018462 5.558920 -0.054153
3.783000 12.314123 -0.022638 -0.001347 -0.017350 5.568225 0.086491
3.803000 12.425356 -0.021322 -0.001300 -0.014010 5.564999 0.206035
3.823000 12.536582 -0.017568 -0.001332 -0.008680 5.563012 0.295279
3.843000 12.647789 -0.012266 -0.001420 -0.002261 5.557061 0.354567
3.863000 12.758901 -0.004679 -0.001526 0.005865 5.553558 0.425074
3.883000 12.869908 0.005154 -0.001504 0.015246 5.546569 0.501927
3.903000 12.980687 0.015394 -0.001555 0.023770 5.537831 0.427971
3.923000 13.091427 0.022982 -0.001553 0.028300 5.540866 0.229950
3.943000 13.202304 0.028150 -0.001486 0.029570 5.546024 0.068569
3.963000 13.313334 0.030370 -0.001375 0.028602 5.555941 -0.084157
3.983000 13.424461 0.030429 -0.001301 0.025592 5.556641 -0.171120
4.003000 13.535486 0.028958 -0.001412 0.020977 5.549961 -0.272982
4.023000 13.646497 0.024301 -0.001373 0.013829 5.557526 -0.373180
4.043000 13.757507 0.017460 -0.001295 0.005289 5.552909 -0.455328
4.063000 13.868413 0.008826 -0.001380 -0.004186 5.548233 -0.507125
4.083000 13.979283 -0.001139 -0.001533 -0.013933 5.552199 -0.504806
4.103000 14.090323 -0.010091 -0.001604 -0.021261 5.557671 -0.357229
4.123000 14.201565 -0.016230 -0.001508 -0.024526 5.566950 -0.150888
4.143000 14.312908 -0.019742 -0.001408 -0.024974 5.574878 -0.018950
4.163000 14.424308 -0.020523 -0.001363 -0.023024 5.580792 0.128389
4.183000 14.535640 -0.019007 -0.001320 -0.018994 5.565117 0.230178
4.203000 14.646817 -0.015674 -0.001397 -0.013188 5.555473 0.318612
4.223000 14.757936 -0.009053 -0.001383 -0.004971 5.558983 0.427250
4.243000 14.869039 -0.000074 -0.001304 0.004700 5.551387 0.505315
4.263000 14.980062 0.008983 -0.001420 0.013121 5.551221 0.390231
4.283000 15.091230 0.016141 -0.001562 0.018991 5.559623 0.262112
4.303000 15.202302 0.022169 -0.001623 0.022734 5.551967 0.158466
4.323000 15.313424 0.024984 -0.001430 0.022626 5.563308 -0.029350
4.343000 15.424579 0.025300 -0.001274 0.020502 5.555589 -0.135630
4.363000 15.535657 0.023332 -0.001331 0.016019 5.558111 -0.250247
4.383000 15.646743 0.019032 -0.001351 0.009922 5.557995 -0.335476
4.403000 15.757752 0.013104 -0.001467 0.002614 5.551144 -0.391000
4.423000 15.868642 0.004970 -0.001556 -0.006006 5.544994 -0.461312
4.443000 15.979413 -0.004862 -0.001607 -0.015350 5.541623 -0.496282
4.463000 16.090144 -0.012617 -0.001594 -0.021108 5.541201 -0.298335
4.483000 16.201025 -0.017989 -0.001503 -0.023522 5.546930 -0.115635
4.503000 16.312049 -0.020553 -0.001432 -0.023345 5.552941 0.017785
4.523000 16.423179 -0.020485 -0.001352 -0.020734 5.560239 0.168272
4.543000 16.534401 -0.018366 -0.001316 -0.016298 5.560281 0.256227
4.563000 16.645599 -0.013745 -0.001354 -0.009614 5.561643 0.350878
4.583000 16.756787 -0.006871 -0.001323 -0.001542 5.558036 0.433937
4.603000 16.867900 0.001222 -0.001429 0.006787 5.553418 0.411660
4.623000 16.979076 0.008038 -0.001565 0.012973 5.563493 0.281696
4.643000 17.090289 0.014601 -0.001626 0.018230 5.561124 0.272081
4.663000 17.201498 0.018831 -0.001551 0.019836 5.565768 0.061169
4.683000 17.312779 0.020104 -0.001349 0.018803 5.575391 -0.077148
4.703000 17.423994 0.018941 -0.001301 0.015440 5.565370 -0.201305
4.723000 17.535111 0.015287 -0.001329 0.010070 5.559391 -0.294302
4.743000 17.646165 0.010076 -0.001417 0.003591 5.553569 -0.355558
4.763000 17.757110 0.002589 -0.001526 -0.004600 5.549494 -0.425726
4.783000 17.867915 -0.007155 -0.001510 -0.014037 5.541044 -0.502828
4.803000 17.978522 -0.016934 -0.001559 -0.022191 5.531781 -0.404856
4.823000 18.089149 -0.024032 -0.001556 -0.026412 5.534970 -0.207103
4.843000 18.199917 -0.028614 -0.001488 -0.027504 5.540461 -0.060687
4.863000 18.310898 -0.030372 -0.001370 -0.026311 5.551702 0.100203
4.883000 18.422081 -0.030123 -0.001303 -0.023246 5.558488 0.168579
4.903000 18.533200 -0.028386 -0.001437 -0.018613 5.551929 0.276992
4.923000 18.644361 -0.023405 -0.001376 -0.011429 5.560572 0.377446
4.943000 18.755532 -0.016333 -0.001292 -0.002911 5.556066 0.455437
4.963000 18.866619 -0.007508 -0.001402 0.006481 5.551918 0.506543
4.983000 18.977666 0.002559 -0.001550 0.016068 5.555930 0.493932
5.003000 19.088843 0.011585 -0.001610 0.023251 5.562419 0.350173
5.023000 19.200178 0.017749 -0.001500 0.026283 5.570922 0.142517
5.043000 19.311592 0.021280 -0.001400 0.026546 5.579130 0.009246
5.063000 19.423023 0.022076 -0.001359 0.024415 5.583809 -0.136366
5.083000 19.534284 0.020587 -0.001317 0.020268 5.562690 -0.234575
5.103000 19.645315 0.017301 -0.001396 0.014363 5.551296 -0.320753
5.123000 19.756253 0.010680 -0.001378 0.006067 5.554880 -0.430391
5.143000 19.867123 0.001950 -0.001295 -0.003431 5.536095 -0.475476
5.163000 19.977527 -0.004896 -0.001437 -0.009590 5.521058 -0.310412
5.183000 20.087709 -0.009352 -0.001566 -0.012501 5.509684 -0.142988
5.203000 20.197759 -0.010921 -0.001573 -0.012532 5.503883 -0.002986
5.223000 20.307807 -0.009602 -0.001471 -0.009759 5.500397 0.140733
5.243000 20.418030 -0.005491 -0.001394 -0.004534 5.497454 0.274537
5.263000 20.528122 0.001567 -0.001391 0.003075 5.491193 0.383308
5.283000 20.638563 0.011484 -0.001367 0.012649 5.531197 0.490524
5.303000 20.749052 0.024067 -0.001332 0.024210 5.515355 0.567743
5.323000 20.858950 0.040188 -0.001454 0.037558 5.489119 0.636424
5.343000 20.968345 0.059864 -0.001462 0.052859 5.462340 0.741666
5.363000 21.077830 0.081384 -0.001480 0.068505 5.468074 0.797119
5.383000 21.187368 0.103584 -0.001580 0.083613 5.471943 0.749115
5.403000 21.297046 0.125676 -0.001630 0.096534 5.492909 0.611656
5.423000 21.407074 0.145476 -0.001585 0.105825 5.512065 0.445232
5.443000 21.516998 0.164497 -0.001578 0.113567 5.479585 0.400235
5.463000 21.626144 0.186732 -0.001594 0.123359 5.447948 0.521239
5.483000 21.734750 0.212049 -0.001413 0.135307 5.419478 0.615525
5.503000 21.842677 0.239865 -0.001310 0.148778 5.386707 0.692869
5.523000 21.950039 0.271134 -0.001344 0.163691 5.360182 0.735099
5.543000 22.056661 0.305004 -0.001317 0.179693 5.325095 0.793690
5.563000 22.163576 0.337509 -0.001421 0.192079 5.356646 0.611322
5.583000 22.271280 0.367734 -0.001441 0.200781 5.394363 0.395079
5.603000 22.379480 0.395555 -0.001350 0.206323 5.418551 0.247153
5.623000 22.488137 0.420884 -0.001366 0.209080 5.436616 0.098855
5.643000 22.596913 0.444276 -0.001343 0.209643 5.443489 0.006490
5.663000 22.706095 0.465476 -0.001357 0.207402 5.470306 -0.136130
5.683000 22.815623 0.484633 -0.001351 0.203698 5.477012 -0.199617
5.703000 22.924548 0.504192 -0.001493 0.201249 5.429019 -0.094680
5.723000 23.032335 0.526379 -0.001568 0.203133 5.387321 0.097907
5.743000 23.139321 0.551662 -0.001552 0.207939 5.347823 0.211860
5.763000 23.245616 0.580617 -0.001493 0.214812 5.308873 0.326588
5.783000 23.351266 0.612995 -0.001435 0.223908 5.271978 0.452951
5.803000 23.456119 0.648519 -0.001395 0.235572 5.226181 0.583308
5.823000 23.560030 0.687556 -0.001414 0.249373 5.177828 0.689917
5.843000 23.663057 0.729943 -0.001374 0.265340 5.136073 0.819122
5.863000 23.764698 0.775809 -0.001371 0.283994 5.068697 0.926156
5.883000 23.864964 0.825734 -0.001413 0.304292 4.995383 1.030159
5.903000 23.964225 0.878610 -0.001397 0.324662 4.985151 0.964964
5.923000 24.064682 0.929544 -0.001488 0.340596 5.039164 0.763709
5.943000 24.165798 0.978858 -0.001495 0.353799 5.056464 0.613836
5.963000 24.266406 1.028240 -0.001580 0.365537 5.006670 0.587594
5.983000 24.365901 1.079357 -0.001630 0.378014 4.950434 0.644906
6.003000 24.464073 1.133022 -0.001647 0.392116 4.870568 0.729238
6.023000 24.560132 1.190662 -0.001542 0.408700 4.775265 0.840170
6.043000 24.654689 1.251008 -0.001468 0.426569 4.705893 0.900659
6.063000 24.747877 1.313743 -0.001554 0.445209 4.631933 0.957096
6.083000 24.839879 1.378410 -0.001616 0.464301 4.588554 0.959080
6.103000 24.932176 1.442877 -0.001629 0.480708 4.650317 0.781375
6.123000 25.026287 1.504743 -0.001461 0.491794 4.723241 0.530867
6.143000 25.121245 1.564398 -0.001352 0.499559 4.764818 0.353158
6.163000 25.217337 1.621719 -0.001387 0.503639 4.821914 0.187650
6.183000 25.314480 1.676417 -0.001400 0.504975 4.859430 0.035406
6.203000 25.411824 1.730029 -0.001424 0.505183 4.852890 0.039725
6.223000 25.507899 1.786407 -0.001552 0.507887 4.785784 0.170518
6.243000 25.602780 1.844584 -0.001615 0.512620 4.724130 0.270452
6.263000 25.695166 1.906370 -0.001581 0.522487 4.646098 0.479765
6.283000 25.786308 1.971247 -0.002150 0.534195 4.635210 0.481807
6.303000 25.875619 2.038854 -0.002868 0.547254 4.454234 0.677968
6.323000 25.961298 2.111119 -0.001726 0.564008 4.298857 0.823681
6.343000 26.046369 2.183964 -0.001486 0.580558 4.261035 0.823351
6.363000 26.133180 2.254546 -0.001488 0.592181 4.356908 0.584561
6.383000 26.221515 2.323382 -0.001494 0.599317 4.428248 0.352077
6.403000 26.310979 2.390229 -0.001487 0.603923 4.474457 0.238487
6.423000 26.399769 2.457377 -0.001572 0.609009 4.394870 0.294988
6.443000 26.487127 2.526341 -0.001626 0.615698 4.349047 0.361013
6.463000 26.572016 2.598235 -0.001582 0.625999 4.216997 0.540280
6.483000 26.654282 2.673386 -0.001428 0.638726 4.099565 0.664981
6.503000 26.734734 2.750797 -0.001368 0.653285 4.002239 0.743651
6.523000 26.813005 2.830747 -0.001399 0.669629 3.903410 0.839623
6.543000 26.889387 2.912904 -0.001415 0.687167 3.815251 0.908550
6.563000 26.963571 2.997302 -0.001500 0.707625 3.705173 1.020838
6.583000 27.034942 3.084087 -0.001521 0.729279 3.561313 1.072672
6.603000 27.105301 3.171687 -0.001498 0.748935 3.552534 0.941490
6.623000 27.178382 3.256871 -0.001397 0.762417 3.673245 0.662519
6.643000 27.253151 3.340653 -0.001349 0.771498 3.744665 0.417746
6.663000 27.329429 3.422468 -0.001360 0.777045 3.822424 0.248125
6.683000 27.406383 3.503025 -0.001449 0.780838 3.848623 0.183411
6.703000 27.483327 3.583386 -0.001569 0.783246 3.871128 0.057931
6.723000 27.563157 3.660535 -0.001486 0.781504 4.005982 -0.100680
6.743000 27.644926 3.735489 -0.001373 0.777521 4.093222 -0.206357
6.763000 27.725003 3.812092 -0.001419 0.777239 4.003316 0.030282
6.783000 27.802601 3.891710 -0.001407 0.779728 3.879329 0.142867
6.803000 27.878158 3.973614 -0.001396 0.785723 3.779377 0.323085
6.823000 27.951765 4.057163 -0.001495 0.795489 3.683308 0.502382
6.843000 28.022528 4.143159 -0.001505 0.806917 3.541239 0.575711
6.863000 28.090841 4.231396 -0.001484 0.820443 3.414454 0.674996
6.883000 28.156334 4.321899 -0.001469 0.835197 3.274823 0.744589
6.903000 28.219597 4.414051 -0.001458 0.852621 3.170967 0.889292
6.923000 28.280910 4.506961 -0.001546 0.873520 3.065178 1.037503
6.943000 28.339171 4.601423 -0.001576 0.895541 2.908660 1.091792
6.963000 28.393405 4.698438 -0.001462 0.916588 2.694007 1.070652
6.983000 28.444083 4.797731 -0.001344 0.937435 2.507737 1.043645
7.003000 28.493546 4.898062 -0.001371 0.957394 2.499903 0.961426
7.023000 28.545236 4.997813 -0.001453 0.972976 2.589266 0.749060
7.043000 28.597893 5.097027 -0.001406 0.985744 2.625104 0.627625
7.063000 28.647740 5.197108 -0.001492 1.000584 2.482791 0.747922
7.083000 28.694394 5.298917 -0.001443 1.016883 2.328811 0.817948
7.103000 28.740219 5.401032 -0.001414 1.031801 2.319946 0.712791
7.123000 28.788529 5.501700 -0.001494 1.041519 2.418238 0.495306
7.143000 28.839072 5.601355 -0.001514 1.047144 2.530905 0.288012
7.163000 28.890997 5.700081 -0.001525 1.051827 2.614930 0.211371
7.183000 28.942025 5.799013 -0.001598 1.056741 2.509049 0.294818
7.203000 28.992304 5.898395 -0.001636 1.061512 2.535744 0.182570
7.223000 29.045512 5.995851 -0.001518 1.062664 2.667033 0.038187
7.243000 29.100222 6.092174 -0.001385 1.062452 2.737192 0.007022
7.263000 29.153143 6.188431 -0.001506 1.066536 2.652174 0.193812
7.283000 29.204116 6.285046 -0.001592 1.074576 2.560197 0.394858
7.303000 29.252217 6.382212 -0.001606 1.085230 2.397060 0.509243
7.323000 29.296595 6.480234 -0.001574 1.096978 2.222011 0.575083
7.343000 29.338095 6.579671 -0.001546 1.110027 2.074672 0.644881
7.363000 29.376250 6.681420 -0.001450 1.123154 1.898383 0.665986
7.383000 29.411621 6.785371 -0.001371 1.137060 1.759228 0.708618
7.403000 29.444669 6.890607 -0.001378 1.153054 1.663731 0.841132
7.423000 29.475237 6.996516 -0.001499 1.171396 1.517709 0.897082
7.443000 29.502360 7.103534 -0.001508 1.190653 1.355944 0.959234
7.463000 29.527009 7.210359 -0.001523 1.212936 1.231319 1.095112
7.483000 29.547820 7.316996 -0.001561 1.236421 1.035396 1.153209
7.503000 29.565557 7.424315 -0.001560 1.258807 0.912727 1.073464
7.523000 29.583368 7.533596 -0.001602 1.276120 0.911072 0.829631
7.543000 29.601019 7.643886 -0.001627 1.290971 0.869664 0.728305
7.563000 29.620818 7.753615 -0.001596 1.301225 0.983620 0.525537
7.583000 29.642905 7.863019 -0.001504 1.307750 1.098134 0.329613
7.603000 29.667231 7.971522 -0.001439 1.310481 1.210390 0.128496
7.623000 29.693706 8.078904 -0.001472 1.309188 1.312190 -0.066826
7.643000 29.723273 8.185215 -0.001526 1.305183 1.491660 -0.174720
7.663000 29.756388 8.290940 -0.001510 1.300828 1.694270 -0.221335
7.683000 29.791638 8.396268 -0.001512 1.295185 1.773632 -0.307710
7.703000 29.826366 8.501493 -0.001590 1.291030 1.732983 -0.190845
7.723000 29.858894 8.606888 -0.001613 1.291495 1.638792 0.012406
7.743000 29.889013 8.712457 -0.001589 1.295325 1.516602 0.180146
7.763000 29.916325 8.817922 -0.001585 1.301788 1.369534 0.300078
7.783000 29.940395 8.923289 -0.001597 1.310345 1.206403 0.405659
7.803000 29.961598 9.028318 -0.001589 1.321486 1.085294 0.561287
7.823000 29.980298 9.132787 -0.001593 1.335564 0.929408 0.671095
7.843000 29.995110 9.236770 -0.001592 1.350909 0.732723 0.734595
7.863000 30.005852 9.341008 -0.001567 1.366835 0.533207 0.770733
7.883000 30.013115 9.445830 -0.001535 1.383603 0.370831 0.828697
7.903000 30.017364 9.551874 -0.001501 1.401220 0.186529 0.860933
7.923000 30.018267 9.659642 -0.001363 1.419412 0.037812 0.922745
7.943000 30.016316 9.768660 -0.001324 1.438624 -0.105238 0.978263
7.963000 30.011499 9.876696 -0.001439 1.460282 -0.256252 1.059518
7.983000 30.002601 9.983950 -0.001543 1.483141 -0.451963 1.127341
8.003000 29.991803 10.090010 -0.001486 1.504796 -0.512608 1.029335
8.023000 29.983560 10.194361 -0.001543 1.522292 -0.468828 0.917321
8.043000 29.976357 10.296536 -0.001843 1.536305 -0.435654 0.810076
8.063000 29.970256 10.396141 -0.002075 1.545730 -0.306642 0.486660
8.083000 29.967083 10.494756 -0.001635 1.550942 -0.173047 0.294576
8.103000 29.966105 10.593042 -0.001517 1.553473 -0.066882 0.135492
8.123000 29.967564 10.690719 -0.001552 1.553188 0.064527 -0.002790
8.143000 29.971991 10.787852 -0.001570 1.550452 0.202391 -0.144664
8.163000 29.979270 10.883441 -0.001536 1.544770 0.355481 -0.276089
8.183000 29.989581 10.977906 -0.001518 1.536622 0.509397 -0.398668
8.203000 30.002980 11.071681 -0.001513 1.526312 0.659630 -0.513968
8.223000 30.019269 11.165450 -0.001506 1.514035 0.812240 -0.611106
8.243000 30.038555 11.259604 -0.001494 1.500123 0.963970 -0.687923
8.263000 30.060456 11.355477 -0.001537 1.485959 1.120748 -0.732738
8.283000 30.084631 11.452740 -0.001602 1.471050 1.217785 -0.750847
8.303000 30.108803 11.551995 -0.001628 1.458033 1.219086 -0.607174
8.323000 30.131117 11.653649 -0.001542 1.448281 1.123246 -0.476852
8.343000 30.151757 11.757379 -0.001470 1.441135 1.034030 -0.345561
8.363000 30.170752 11.860615 -0.001516 1.438124 0.957711 -0.157451
8.383000 30.187563 11.963614 -0.001590 1.438582 0.854313 0.017831
8.403000 30.201286 12.066142 -0.001606 1.441597 0.705224 0.148676
8.423000 30.212081 12.168040 -0.001596 1.447244 0.545935 0.264047
8.443000 30.219685 12.269547 -0.001584 1.455027 0.378060 0.357734
8.463000 30.224375 12.372730 -0.001541 1.463760 0.255102 0.449849
8.483000 30.226617 12.477325 -0.001499 1.474089 0.120705 0.517923
8.503000 30.226163 12.583494 -0.001464 1.485628 -0.023763 0.586280
8.523000 30.222956 12.691291 -0.001374 1.498484 -0.164488 0.657917
8.543000 30.216968 12.800346 -0.001336 1.512642 -0.305616 0.726254
8.563000 30.207977 12.908299 -0.001423 1.529171 -0.468017 0.801200
8.583000 30.195099 13.015372 -0.001541 1.547144 -0.660605 0.872517
8.603000 30.180671 13.121108 -0.001523 1.563861 -0.714590 0.829717
8.623000 30.168553 13.225228 -0.001716 1.576672 -0.660287 0.731323
8.643000 30.157923 13.327308 -0.002129 1.586470 -0.592306 0.593529
8.663000 30.150135 13.426930 -0.001997 1.592431 -0.400004 0.321551
8.683000 30.144854 13.525864 -0.001561 1.594486 -0.300350 0.104201
8.703000 30.141796 13.624297 -0.001495 1.593924 -0.155040 -0.009964
8.723000 30.141660 13.721834 -0.001540 1.590968 -0.014358 -0.140859
8.743000 30.144555 13.818366 -0.001556 1.585418 0.138996 -0.266065
8.763000 30.150494 13.913659 -0.001536 1.577457 0.297530 -0.381663
8.783000 30.159740 14.007764 -0.001518 1.567382 0.467296 -0.484389
8.803000 30.172339 14.100915 -0.001512 1.555290 0.642817 -0.584515
8.823000 30.188049 14.193803 -0.001510 1.541336 0.790452 -0.682107
8.843000 30.206629 14.286664 -0.001497 1.525464 0.933659 -0.788212
8.863000 30.227840 14.380962 -0.001531 1.509142 1.083512 -0.840625
8.883000 30.251556 14.476553 -0.001597 1.492033 1.207387 -0.871775
8.903000 30.275820 14.574078 -0.001626 1.476425 1.211964 -0.741870
8.923000 30.298401 14.674128 -0.001516 1.464353 1.140166 -0.587305
8.943000 30.319520 14.776488 -0.001424 1.454769 1.058570 -0.454094
8.963000 30.342106 14.880003 -0.001483 1.444452 1.153636 -0.537343
8.983000 30.368150 14.984367 -0.001416 1.431754 1.318451 -0.639506
9.003000 30.395504 15.088647 -0.001369 1.419682 1.350920 -0.578749
9.023000 30.420767 15.192259 -0.001519 1.411963 1.267358 -0.392260
9.043000 30.444030 15.295512 -0.001598 1.408174 1.173652 -0.199542
9.063000 30.464587 15.398680 -0.001613 1.407426 1.025675 -0.067158
9.083000 30.481816 15.501816 -0.001592 1.408842 0.875176 0.062647
9.103000 30.496210 15.604875 -0.001566 1.412934 0.731368 0.196360
9.123000 30.507613 15.707780 -0.001557 1.419468 0.572551 0.311103
9.143000 30.515835 15.810502 -0.001535 1.428269 0.416446 0.432282
9.163000 30.521420 15.912450 -0.001538 1.439952 0.277235 0.562069
9.183000 30.523487 16.013749 -0.001564 1.453449 0.098031 0.650396
9.203000 30.521964 16.114279 -0.001559 1.468779 -0.083108 0.739318
9.223000 30.516802 16.213976 -0.001544 1.485821 -0.267601 0.824803
9.243000 30.508006 16.313035 -0.001525 1.504297 -0.457774 0.893696
9.263000 30.497042 16.413768 -0.001570 1.521878 -0.559480 0.879540
9.283000 30.485627 16.515255 -0.001623 1.538522 -0.580613 0.831912
9.303000 30.474163 16.615851 -0.001635 1.553089 -0.569416 0.712911
9.323000 30.465360 16.715330 -0.001602 1.563704 -0.450053 0.548426
9.343000 30.458770 16.814177 -0.001596 1.570996 -0.338811 0.379597
9.363000 30.454561 16.911812 -0.001557 1.575209 -0.236043 0.256003
9.383000 30.452308 17.008742 -0.001794 1.576960 -0.154614 0.147537
9.403000 30.452387 17.104222 -0.002067 1.576291 -0.043509 0.055346
9.423000 30.455016 17.197715 -0.002301 1.573140 0.059398 -0.029747
9.443000 30.459969 17.288832 -0.002663 1.567916 0.185846 -0.152768
9.463000 30.468960 17.377672 -0.001849 1.558863 0.458627 -0.410679
9.483000 30.481003 17.466533 -0.001325 1.547987 0.608631 -0.514994
9.503000 30.495001 17.556431 -0.001413 1.536090 0.718568 -0.593995
9.523000 30.511099 17.648054 -0.001550 1.523273 0.844172 -0.660956
9.543000 30.528797 17.741254 -0.001617 1.510111 0.895586 -0.655381
9.563000 30.549487 17.834684 -0.001586 1.494931 1.066422 -0.767336
9.583000 30.573828 17.928466 -0.001347 1.477782 1.231568 -0.861436
9.603000 30.598987 18.021810 -0.001343 1.461768 1.247385 -0.774702
9.623000 30.622192 18.114485 -0.001515 1.450106 1.164219 -0.587123
9.643000 30.643395 18.206728 -0.001597 1.442402 1.070733 -0.395314
9.663000 30.662166 18.298809 -0.001617 1.438054 0.950957 -0.230871
9.683000 30.677847 18.390773 -0.001604 1.436161 0.800787 -0.101587
9.703000 30.690669 18.482702 -0.001573 1.436948 0.645997 0.027059
9.723000 30.700503 18.574681 -0.001507 1.440304 0.495015 0.163226
9.743000 30.707432 18.666839 -0.001450 1.446068 0.351726 0.302779
9.763000 30.711706 18.758421 -0.001483 1.454714 0.210032 0.414497
9.783000 30.712712 18.849610 -0.001536 1.465472 0.046259 0.524888
9.803000 30.710667 18.940027 -0.001513 1.478702 -0.081515 0.672422
9.823000 30.705576 19.029341 -0.001521 1.494175 -0.266198 0.745775
9.843000 30.696850 19.117659 -0.001523 1.511325 -0.446568 0.837124
9.863000 30.684219 19.205132 -0.001494 1.530086 -0.646267 0.915817
9.883000 30.667753 19.291740 -0.001453 1.550432 -0.841086 0.999149
9.903000 30.649975 19.377391 -0.001453 1.569678 -0.870717 0.927209
9.923000 30.634796 19.462577 -0.001557 1.584757 -0.783613 0.745374
9.943000 30.621777 19.547502 -0.001607 1.596276 -0.681713 0.565915
9.963000 30.611004 19.631678 -0.001603 1.604240 -0.563635 0.396148
9.983000 30.602667 19.715252 -0.001589 1.609003 -0.437881 0.239368
10.003000 30.596714 19.798180 -0.001568 1.610703 -0.318735 0.086663
10.023000 30.592767 19.881531 -0.002099 1.610005 -0.247227 -0.007723
10.043000 30.591363 19.964817 -0.002860 1.606607 -0.191951 -0.026598
10.063000 30.592838 20.047258 -0.003978 1.600883 -0.132798 -0.035575
10.083000 30.597175 20.128646 -0.005362 1.593092 -0.071613 -0.054815
10.103000 30.604306 20.208470 -0.006946 1.583636 0.115284 -0.095567
10.123000 30.617854 20.283206 -0.004413 1.569878 0.492439 -0.403421
10.143000 30.632841 20.355321 -0.001834 1.554398 0.571806 -0.544304
10.163000 30.650027 20.428009 -0.000390 1.538221 0.834192 -0.772141
10.183000 30.668392 20.500807 -0.001144 1.522242 0.877688 -0.720473
10.203000 30.685938 20.577062 -0.001538 1.508636 0.859254 -0.639497
10.223000 30.701685 20.656310 -0.001498 1.498055 0.773517 -0.499232
10.243000 30.716268 20.737588 -0.001463 1.489461 0.739750 -0.417330
10.263000 30.733656 20.818269 -0.001500 1.478501 0.887218 -0.547466
10.283000 30.754215 20.899045 -0.001405 1.465194 1.038237 -0.672188
10.303000 30.777657 20.978825 -0.001336 1.449978 1.179585 -0.785001
10.323000 30.803829 21.056831 -0.001316 1.432974 1.329950 -0.874836
10.343000 30.832216 21.133867 -0.001358 1.415058 1.432673 -0.905107
10.363000 30.859085 21.210434 -0.001514 1.400828 1.349913 -0.716970
10.383000 30.884062 21.286859 -0.001597 1.390633 1.258220 -0.522456
10.403000 30.907021 21.363184 -0.001619 1.384302 1.163180 -0.326155
10.423000 30.927450 21.439500 -0.001604 1.381150 1.025042 -0.180495
10.443000 30.944771 21.515830 -0.001576 1.380370 0.884232 -0.039833
10.463000 30.959488 21.592010 -0.001563 1.382509 0.745090 0.096120
10.483000 30.971249 21.668040 -0.001551 1.387155 0.593058 0.222655
10.503000 30.980319 21.743645 -0.001530 1.394615 0.482459 0.390584
10.523000 30.986688 21.818543 -0.001549 1.404795 0.313720 0.484937
10.543000 30.989712 21.892785 -0.001546 1.417020 0.156758 0.600502
10.563000 30.990083 21.966163 -0.001523 1.431994 0.016246 0.731794
10.583000 30.986964 22.038720 -0.001500 1.448722 -0.164342 0.817275
10.603000 30.980158 22.110601 -0.001466 1.466962 -0.355723 0.900162
10.623000 30.969400 22.182004 -0.001409 1.486347 -0.556235 0.954280
10.643000 30.956136 22.253725 -0.001394 1.506457 -0.666161 0.982033
10.663000 30.943868 22.326970 -0.001511 1.523674 -0.588909 0.822556
10.683000 30.933739 22.401505 -0.001515 1.537777 -0.489758 0.675345
10.703000 30.925316 22.476114 -0.001557 1.548765 -0.413226 0.534599
10.723000 30.919684 22.550423 -0.001589 1.556145 -0.282963 0.388207
10.743000 30.916566 22.624497 -0.001561 1.560390 -0.157298 0.230125
10.763000 30.916071 22.697562 -0.001535 1.561572 -0.027863 0.074557
10.783000 30.918281 22.769821 -0.001543 1.559925 0.105372 -0.070685
10.803000 30.923274 22.840959 -0.001532 1.555500 0.235458 -0.220139
10.823000 30.931013 22.910744 -0.001503 1.548345 0.376601 -0.354738
10.843000 30.941646 22.979275 -0.001490 1.538628 0.527005 -0.481538
10.863000 30.955419 23.046681 -0.001479 1.526454 0.687779 -0.602169
10.883000 30.972370 23.112908 -0.001453 1.511840 0.851217 -0.724257
10.903000 30.990363 23.178234 -0.001452 1.498218 0.877965 -0.646910
10.923000 31.005464 23.243331 -0.001557 1.488527 0.784938 -0.468827
10.943000 31.018225 23.308334 -0.001599 1.482226 0.652525 -0.320213
10.963000 31.028185 23.373549 -0.001549 1.478749 0.511403 -0.165738
10.983000 31.035571 23.439269 -0.001470 1.477976 0.380225 -0.021631
11.003000 31.040651 23.505834 -0.001427 1.479704 0.260032 0.106990
11.023000 31.043182 23.572998 -0.001426 1.483724 0.136220 0.217343
11.043000 31.043311 23.641225 -0.001373 1.489851 0.012035 0.334344
11.063000 31.040775 23.708878 -0.001421 1.498765 -0.133447 0.435137
11.083000 31.035135 23.776214 -0.001473 1.509819 -0.284318 0.557616
11.103000 31.026578 23.843153 -0.001425 1.523180 -0.433026 0.663898
11.123000 31.014825 23.908949 -0.001447 1.538683 -0.595291 0.768235
11.143000 31.000013 23.973734 -0.001424 1.556074 -0.734612 0.873792
11.163000 30.986840 24.037843 -0.001638 1.569825 -0.730285 0.788073
11.183000 30.975221 24.102092 -0.002577 1.580789 -0.687073 0.695307
11.203000 30.966185 24.164997 -0.003420 1.588877 -0.569791 0.613591
11.223000 30.960738 24.224905 -0.003030 1.593635 -0.394469 0.455441
11.243000 30.957505 24.281708 -0.002741 1.595915 -0.282628 0.303032
11.263000 30.956960 24.336130 -0.002116 1.595071 -0.033244 -0.040555
11.283000 30.959010 24.390750 -0.001323 1.591083 0.083399 -0.186460
11.303000 30.962750 24.446473 -0.001366 1.585887 0.172983 -0.266547
11.323000 30.968650 24.503339 -0.001476 1.578807 0.286608 -0.366465
11.343000 30.977023 24.561162 -0.001439 1.569683 0.412738 -0.468293
11.363000 30.987827 24.619903 -0.001386 1.558679 0.538904 -0.560992
11.383000 31.001089 24.679551 -0.001352 1.545875 0.669289 -0.653034
11.403000 31.016919 24.739912 -0.001321 1.531258 0.803199 -0.743560
11.423000 31.035316 24.800611 -0.001313 1.514981 0.932783 -0.836812
11.443000 31.055553 24.861408 -0.001404 1.497755 1.016391 -0.891615
11.463000 31.077065 24.921956 -0.001548 1.480197 1.077615 -0.896684
11.483000 31.099278 24.982330 -0.001619 1.463042 1.107042 -0.865959
11.503000 31.120712 25.042120 -0.001642 1.448062 1.066957 -0.735136
11.523000 31.139804 25.101385 -0.001627 1.437476 0.973582 -0.537864
11.543000 31.156615 25.160355 -0.001608 1.430269 0.853936 -0.373784
11.563000 31.170415 25.219153 -0.001591 1.425538 0.707484 -0.241100
11.583000 31.181513 25.277784 -0.001566 1.423662 0.567646 -0.099403
11.603000 31.189719 25.336243 -0.001528 1.424401 0.412524 0.029723
11.623000 31.195013 25.394469 -0.001460 1.427695 0.269169 0.174699
11.643000 31.197585 25.452314 -0.001390 1.433538 0.131399 0.311785
11.663000 31.197532 25.509788 -0.001355 1.441751 -0.007354 0.428948
11.683000 31.195244 25.567004 -0.001315 1.451633 -0.112897 0.522200
11.703000 31.190815 25.623834 -0.001352 1.463748 -0.236406 0.621413
11.723000 31.183128 25.680282 -0.001399 1.478005 -0.392089 0.718146
11.743000 31.172863 25.736963 -0.001340 1.493971 -0.516725 0.775900
11.763000 31.160695 25.793499 -0.001404 1.511103 -0.617120 0.824510
11.783000 31.146558 25.849857 -0.001471 1.529033 -0.719126 0.859391
11.803000 31.132019 25.905957 -0.001513 1.545683 -0.737048 0.846633
11.823000 31.119631 25.962007 -0.002259 1.558825 -0.706682 0.797291
11.843000 31.109368 26.017758 -0.003307 1.568956 -0.675843 0.721001
11.863000 31.102615 26.070575 -0.003222 1.576044 -0.476095 0.551328
11.883000 31.098282 26.119712 -0.002687 1.580249 -0.353060 0.412629
11.903000 31.095804 26.166068 -0.002644 1.582421 -0.241848 0.298396
11.923000 31.095549 26.209926 -0.002770 1.582242 -0.127377 0.169705
11.943000 31.097589 26.251499 -0.002829 1.579752 -0.009445 0.018849
11.963000 31.102446 26.292038 -0.002044 1.574519 0.248565 -0.287420
11.983000 31.109738 26.333750 -0.001139 1.566762 0.365261 -0.375346
12.003000 31.117870 26.377099 -0.001284 1.558583 0.402876 -0.391170
12.023000 31.125163 26.422614 -0.001508 1.551694 0.343148 -0.311649
12.043000 31.132052 26.469886 -0.001606 1.545507 0.360758 -0.313348
12.063000 31.140006 26.518019 -0.001640 1.538531 0.416333 -0.363623
12.083000 31.148483 26.566240 -0.001651 1.531313 0.425550 -0.358344
12.103000 31.157733 26.614330 -0.001655 1.523556 0.510646 -0.411581
12.123000 31.169571 26.662188 -0.001650 1.513677 0.621381 -0.520742
12.143000 31.182858 26.709768 -0.001647 1.502746 0.674794 -0.556915
12.163000 31.196896 26.757238 -0.001652 1.491475 0.718454 -0.570174
12.183000 31.211467 26.804475 -0.001655 1.480235 0.735090 -0.557424
12.203000 31.225228 26.851112 -0.001653 1.470403 0.681345 -0.512679
12.223000 31.236546 26.897127 -0.001821 1.463768 0.603867 -0.398117
12.243000 31.245503 26.942272 -0.002043 1.459752 0.485280 -0.273732
12.263000 31.251655 26.986121 -0.002292 1.458100 0.358055 -0.172060
12.283000 31.254701 27.028298 -0.002452 1.458685 0.207581 -0.073587
12.303000 31.254865 27.068608 -0.002529 1.461781 0.070472 0.031112
12.323000 31.253052 27.107258 -0.002630 1.467505 -0.031939 0.193535
12.343000 31.249251 27.144736 -0.002585 1.475562 -0.116989 0.321762
12.363000 31.242797 27.182303 -0.001754 1.486300 -0.330068 0.546547
12.383000 31.234581 27.221113 -0.001348 1.498258 -0.420064 0.610773
12.403000 31.226714 27.259643 -0.001426 1.509205 -0.386425 0.529737
12.423000 31.221602 27.297358 -0.001551 1.516689 -0.271422 0.369968
12.443000 31.219240 27.334762 -0.001543 1.521104 -0.129363 0.220304
12.463000 31.219584 27.372373 -0.001448 1.522797 0.007109 0.063659
12.483000 31.222257 27.410768 -0.001362 1.522026 0.123196 -0.058640
12.503000 31.227023 27.449972 -0.001320 1.519055 0.235636 -0.189782
12.523000 31.233801 27.489332 -0.001336 1.514289 0.339481 -0.265669
12.543000 31.241493 27.528725 -0.001484 1.508985 0.396418 -0.260469
12.563000 31.249464 27.568037 -0.001592 1.503314 0.418000 -0.271923
12.583000 31.257458 27.607258 -0.001635 1.497737 0.415216 -0.258462
12.603000 31.266158 27.646223 -0.001649 1.491416 0.480003 -0.356850
12.623000 31.277273 27.684731 -0.001649 1.482877 0.584714 -0.469579
12.643000 31.289400 27.723357 -0.001650 1.473942 0.594141 -0.443454
12.663000 31.298578 27.761213 -0.001614 1.468719 0.479278 -0.261289
12.683000 31.305370 27.798564 -0.001548 1.466791 0.351993 -0.101498
12.703000 31.309259 27.834500 -0.001516 1.466931 0.203524 -0.009938
12.723000 31.310607 27.868198 -0.001496 1.469213 0.079407 0.122960
12.743000 31.309337 27.900418 -0.001453 1.474003 -0.054188 0.251673
12.763000 31.305324 27.931648 -0.001402 1.481421 -0.203576 0.383397
12.783000 31.298627 27.961832 -0.001358 1.491211 -0.335055 0.504999
12.803000 31.290577 27.991090 -0.001413 1.501823 -0.383361 0.514044
12.823000 31.282805 28.020254 -0.001408 1.511704 -0.394777 0.466776
12.843000 31.275463 28.048980 -0.001324 1.520905 -0.378664 0.392187
12.863000 31.270047 28.076868 -0.001459 1.528068 -0.268940 0.338749
12.883000 31.266751 28.104224 -0.001609 1.532931 -0.160272 0.213875
12.903000 31.265892 28.130201 -0.001592 1.534524 -0.046183 0.070163
12.923000 31.267969 28.155329 -0.001429 1.533137 0.099936 -0.074318
12.943000 31.272552 28.180412 -0.001378 1.529477 0.217658 -0.202784
12.963000 31.279071 28.206552 -0.001356 1.523970 0.324728 -0.316056
12.983000 31.286926 28.233432 -0.001463 1.517292 0.391581 -0.357056
13.003000 31.293913 28.261067 -0.001579 1.511932 0.324443 -0.222451
13.023000 31.298092 28.289174 -0.001571 1.509380 0.205707 -0.089596
13.043000 31.300799 28.317339 -0.001568 1.507964 0.120022 -0.064796
13.063000 31.303105 28.345364 -0.001615 1.507097 0.101470 -0.063411
13.083000 31.305951 28.373322 -0.001641 1.505992 0.140103 -0.075969
13.103000 31.309353 28.401272 -0.001650 1.504517 0.176109 -0.087743
13.123000 31.313051 28.429238 -0.001653 1.502773 0.191135 -0.078598
13.143000 31.316652 28.457238 -0.001655 1.501077 0.191899 -0.079294
13.163000 31.321085 28.485092 -0.001655 1.498364 0.248606 -0.151946
13.183000 31.326156 28.512941 -0.001654 1.495261 0.261103 -0.142373
13.203000 31.331523 28.540740 -0.001655 1.491747 0.307244 -0.211073
13.223000 31.338355 28.568241 -0.001654 1.486910 0.359138 -0.246684
13.243000 31.345178 28.595870 -0.001655 1.482342 0.336574 -0.200505
13.263000 31.348668 28.622871 -0.001566 1.481324 0.158000 -0.077149
13.283000 31.349509 28.649676 -0.001419 1.483042 0.029865 0.080372
13.303000 31.347914 28.676191 -0.001367 1.487412 -0.090983 0.228735
13.323000 31.343833 28.702477 -0.001365 1.494190 -0.210073 0.356909
13.343000 31.337704 28.729317 -0.001330 1.502767 -0.306571 0.450721
13.363000 31.332987 28.754983 -0.001456 1.509388 -0.222344 0.364049
13.383000 31.330146 28.779784 -0.001487 1.513822 -0.152869 0.269173
13.403000 31.328749 28.803367 -0.001501 1.516178 -0.052684 0.125519
13.423000 31.329106 28.824687 -0.001329 1.515832 0.046096 -0.008599
13.443000 31.330968 28.844052 -0.001289 1.513809 0.122627 -0.099345
13.463000 31.332749 28.861572 -0.001478 1.511862 0.065065 -0.044882
13.483000 31.332778 28.877344 -0.001593 1.511788 -0.006464 0.027251
13.503000 31.332968 28.891247 -0.001637 1.511556 0.042612 -0.025025
13.523000 31.333530 28.903271 -0.001651 1.510980 0.028995 -0.006808
13.543000 31.333759 28.913456 -0.001656 1.510750 0.023435 -0.001735
13.563000 31.334027 28.921783 -0.001657 1.510459 0.024426 -0.004457
13.583000 31.334228 28.928257 -0.001657 1.510239 0.018628 0.000745
13.603000 31.334360 28.932881 -0.001658 1.510095 0.016317 0.002481
13.623000 31.334461 28.935662 -0.001657 1.510011 0.013967 0.006188
13.643000 31.334538 28.936913 -0.001658 1.510015 0.011846 0.009934
13.663000 31.334566 28.937087 -0.001658 1.510021 0.008787 0.007968
13.683000 31.334544 28.937102 -0.001657 1.510008 0.004489 0.006486
13.703000 31.334522 28.937122 -0.001657 1.510005 0.004227 0.005160
13.723000 31.334521 28.937139 -0.001657 1.510002 0.004735 0.005076
13.743000 31.334524 28.937156 -0.001657 1.510001 0.004689 0.005179
13.763000 31.334525 28.937172 -0.001657 1.510000 0.004553 0.005141
13.783000 31.334525 28.937189 -0.001657 1.510000 0.004534 0.005096
13.803000 31.334526 28.937205 -0.001657 1.510000 0.004545 0.005087
13.823000 31.334527 28.937222 -0.001657 1.510000 0.004541 0.005086
13.843000 31.334528 28.937238 -0.001657 1.510000 0.004533 0.005081
13.863000 31.334529 28.937254 -0.001657 1.510000 0.004529 0.005075
13.883000 31.334530 28.937271 -0.001657 1.510000 0.004525 0.005070
13.903000 31.334531 28.937287 -0.001657 1.510000 0.004521 0.005065
13.923000 31.334532 28.937303 -0.001657 1.510000 0.004517 0.005061
13.943000 31.334533 28.937320 -0.001657 1.510000 0.004513 0.005056
13.963000 31.334534 28.937336 -0.001657 1.510000 0.004509 0.005051
13.983000 31.334535 28.937352 -0.001657 1.510000 0.004504 0.005047
14.003000 31.334536 28.937368 -0.001657 1.510000 0.004500 0.005042
14.023000 31.334537 28.937385 -0.001657 1.510000 0.004496 0.005037
14.043000 31.334538 28.937401 -0.001657 1.510000 0.004492 0.005033
14.063000 31.334539 28.937417 -0.001657 1.510000 0.004488 0.005028
14.083000 31.334540 28.937433 -0.001657 1.510000 0.004484 0.005024
14.103000 31.334541 28.937450 -0.001657 1.510000 0.004480 0.005019
14.123000 31.334542 28.937466 -0.001657 1.510000 0.004476 0.005014
14.143000 31.334543 28.937482 -0.001657 1.510000 0.004472 0.005010
14.163000 31.334544 28.937498 -0.001657 1.510000 0.004468 0.005005
14.183000 31.334545 28.937514 -0.001657 1.510000 0.004464 0.005001
14.203000 31.334546 28.937530 -0.001657 1.510000 0.004460 0.004996
14.223000 31.334547 28.937546 -0.001657 1.510000 0.004456 0.004992
14.243000 31.334548 28.937563 -0.001657 1.510000 0.004452 0.004987
14.263000 31.334549 28.937579 -0.001657 1.510000 0.004448 0.004982
14.283000 31.334550 28.937595 -0.001657 1.510000 0.004444 0.004978
14.303000 31.334551 28.937611 -0.001657 1.510000 0.004439 0.004973
14.323000 31.334552 28.937627 -0.001657 1.510000 0.004435 0.004969
14.343000 31.334552 28.937643 -0.001657 1.510000 0.004431 0.004964
14.363000 31.334553 28.937659 -0.001657 1.510000 0.004427 0.004960
14.383000 31.334554 28.937675 -0.001657 1.510000 0.004423 0.004955
14.403000 31.334555 28.937691 -0.001657 1.510000 0.004419 0.004951
14.423000 31.334556 28.937707 -0.001657 1.510000 0.004415 0.004946
14.443000 31.334557 28.937723 -0.001657 1.510000 0.004411 0.004941
14.463000 31.334558 28.937739 -0.001657 1.510000 0.004407 0.004937
14.483000 31.334559 28.937755 -0.001657 1.510000 0.004403 0.004932
14.503000 31.334560 28.937771 -0.001657 1.510000 0.004399 0.004928
14.523000 31.334561 28.937787 -0.001657 1.510000 0.004395 0.004923
14.543000 31.334562 28.937802 -0.001657 1.510000 0.004391 0.004919
14.563000 31.334563 28.937818 -0.001657 1.510000 0.004387 0.004914
14.583000 31.334564 28.937834 -0.001657 1.510000 0.004383 0.004910
14.603000 31.334565 28.937850 -0.001657 1.510000 0.004379 0.004905
14.623000 31.334566 28.937866 -0.001657 1.510000 0.004375 0.004901
14.643000 31.334567 28.937882 -0.001657 1.510000 0.004371 0.004896
14.663000 31.334568 28.937898 -0.001657 1.510000 0.004367 0.004892
14.683000 31.334569 28.937913 -0.001657 1.510000 0.004363 0.004887
14.703000 31.334570 28.937929 -0.001657 1.510000 0.004359 0.004883
14.723000 31.334571 28.937945 -0.001657 1.510000 0.004355 0.004878
14.743000 31.334572 28.937961 -0.001657 1.510000 0.004351 0.004874
14.763000 31.334573 28.937977 -0.001657 1.510000 0.004347 0.004869
14.783000 31.334574 28.937992 -0.001657 1.510000 0.004343 0.004865
14.803000 31.334575 28.938008 -0.001657 1.510000 0.004340 0.004860
14.823000 31.334576 28.938024 -0.001657 1.510000 0.004336 0.004856
14.843000 31.334577 28.938039 -0.001657 1.510000 0.004332 0.004851
14.863000 31.334577 28.938055 -0.001657 1.510000 0.004328 0.004847
14.883000 31.334578 28.938071 -0.001657 1.510000 0.004324 0.004842
14.903000 31.334579 28.938086 -0.001657 1.510000 0.004320 0.004838
14.923000 31.334580 28.938102 -0.001657 1.510000 0.004316 0.004833
14.943000 31.334581 28.938118 -0.001657 1.510000 0.004312 0.004829
14.963000 31.334582 28.938133 -0.001657 1.510000 0.004308 0.004824
14.983000 31.334583 28.938149 -0.001657 1.510000 0.004304 0.004820
15.003000 31.334584 28.938165 -0.001657 1.510000 0.004300 0.004815
15.023000 31.334585 28.938180 -0.001657 1.510000 0.004296 0.004811
15.043000 31.334586 28.938196 -0.001657 1.510000 0.004292 0.004807
15.063000 31.334587 28.938211 -0.001657 1.510000 0.004288 0.004802
15.083000 31.334588 28.938227 -0.001657 1.510000 0.004284 0.004798
15.103000 31.334589 28.938242 -0.001657 1.510000 0.004280 0.004793
15.123000 31.334590 28.938258 -0.001657 1.510000 0.004276 0.004789
15.143000 31.334591 28.938273 -0.001657 1.510000 0.004273 0.004785
15.163000 31.334592 28.938289 -0.001657 1.510000 0.004269 0.004780
15.183000 31.334593 28.938304 -0.001657 1.510000 0.004265 0.004776
15.203000 31.334594 28.938320 -0.001657 1.510000 0.004261 0.004771
15.223000 31.334594 28.938335 -0.001657 1.510000 0.004257 0.004767
15.243000 31.334595 28.938351 -0.001657 1.510000 0.004253 0.004763
15.263000 31.334596 28.938366 -0.001657 1.510000 0.004249 0.004758
15.283000 31.334597 28.938382 -0.001657 1.510000 0.004245 0.004754
15.303000 31.334598 28.938397 -0.001657 1.510000 0.004242 0.004749
15.323000 31.334599 28.938412 -0.001657 1.510000 0.004238 0.004745
15.343000 31.334600 28.938428 -0.001657 1.510000 0.004234 0.004741
15.363000 31.334601 28.938443 -0.001657 1.510000 0.004230 0.004736
15.383000 31.334602 28.938459 -0.001657 1.510000 0.004226 0.004732
15.403000 31.334603 28.938474 -0.001657 1.510000 0.004222 0.004728
15.423000 31.334604 28.938489 -0.001657 1.510000 0.004218 0.004723
15.443000 31.334605 28.938505 -0.001657 1.510000 0.004215 0.004719
15.463000 31.334606 28.938520 -0.001657 1.510000 0.004211 0.004715
15.483000 31.334607 28.938535 -0.001657 1.510000 0.004207 0.004710
15.503000 31.334607 28.938550 -0.001657 1.510000 0.004203 0.004706
15.523000 31.334608 28.938566 -0.001657 1.510000 0.004199 0.004702
15.543000 31.334609 28.938581 -0.001657 1.510000 0.004195 0.004697
15.563000 31.334610 28.938596 -0.001657 1.510000 0.004192 0.004693
15.583000 31.334611 28.938611 -0.001657 1.510000 0.004188 0.004689
15.603000 31.334612 28.938627 -0.001657 1.510000 0.004184 0.004684
15.623000 31.334613 28.938642 -0.001657 1.510000 0.004180 0.004680
15.643000 31.334614 28.938657 -0.001657 1.510000 0.004176 0.004676
15.663000 31.334615 28.938672 -0.001657 1.510000 0.004172 0.004671
15.683000 31.334616 28.938687 -0.001657 1.510000 0.004169 0.004667
15.703000 31.334617 28.938703 -0.001657 1.510000 0.004165 0.004663
15.723000 31.334618 28.938718 -0.001657 1.510000 0.004161 0.004658
15.743000 31.334619 28.938733 -0.001657 1.510000 0.004157 0.004654
15.763000 31.334619 28.938748 -0.001657 1.510000 0.004153 0.004650
15.783000 31.334620 28.938763 -0.001657 1.510000 0.004150 0.004646
15.803000 31.334621 28.938778 -0.001657 1.510000 0.004146 0.004641
15.823000 31.334622 28.938793 -0.001657 1.510000 0.004142 0.004637
15.843000 31.334623 28.938808 -0.001657 1.510000 0.004138 0.004633
15.863000 31.334624 28.938823 -0.001657 1.510000 0.004134 0.004628
15.883000 31.334625 28.938838 -0.001657 1.510000 0.004131 0.004624
15.903000 31.334626 28.938853 -0.001657 1.510000 0.004127 0.004620
15.923000 31.334627 28.938868 -0.001657 1.510000 0.004123 0.004616
15.943000 31.334628 28.938883 -0.001657 1.510000 0.004119 0.004611
15.963000 31.334629 28.938898 -0.001657 1.510000 0.004116 0.004607
15.983000 31.334629 28.938913 -0.001657 1.510000 0.004112 0.004603
16.003000 31.334630 28.938928 -0.001657 1.510000 0.004108 0.004599
16.023000 31.334631 28.938943 -0.001657 1.510000 0.004104 0.004594
16.043000 31.334632 28.938958 -0.001657 1.510000 0.004100 0.004590
16.063000 31.334633 28.938973 -0.001657 1.510000 0.004097 0.004586
16.083000 31.334634 28.938988 -0.001657 1.510000 0.004093 0.004582
16.103000 31.334635 28.939003 -0.001657 1.510000 0.004089 0.004577
16.123000 31.334636 28.939018 -0.001657 1.510000 0.004085 0.004573
16.143000 31.334637 28.939033 -0.001657 1.510000 0.004082 0.004569
16.163000 31.334638 28.939048 -0.001657 1.510000 0.004078 0.004565
16.183000 31.334639 28.939062 -0.001657 1.510000 0.004074 0.004560
16.203000 31.334639 28.939077 -0.001657 1.510000 0.004071 0.004556
16.223000 31.334640 28.939092 -0.001657 1.510000 0.004067 0.004552
16.243000 31.334641 28.939107 -0.001657 1.510000 0.004063 0.004548
16.263000 31.334642 28.939122 -0.001657 1.510000 0.004059 0.004544
16.283000 31.334643 28.939137 -0.001657 1.510000 0.004056 0.004539
16.303000 31.334644 28.939151 -0.001657 1.510000 0.004052 0.004535
16.323000 31.334645 28.939166 -0.001657 1.510000 0.004048 0.004531
16.343000 31.334646 28.939181 -0.001657 1.510000 0.004045 0.004527
16.363000 31.334647 28.939196 -0.001657 1.510000 0.004041 0.004523
16.383000 31.334647 28.939210 -0.001657 1.510000 0.004037 0.004518
16.403000 31.334648 28.939225 -0.001657 1.510000 0.004034 0.004514
16.423000 31.334649 28.939240 -0.001657 1.510000 0.004030 0.004510
16.443000 31.334650 28.939254 -0.001657 1.510000 0.004026 0.004506
16.463000 31.334651 28.939269 -0.001657 1.510000 0.004022 0.004502
16.483000 31.334652 28.939284 -0.001657 1.510000 0.004019 0.004498
16.503000 31.334653 28.939298 -0.001657 1.510000 0.004015 0.004494
16.523000 31.334654 28.939313 -0.001657 1.510000 0.004011 0.004489
16.543000 31.334655 28.939328 -0.001657 1.510000 0.004008 0.004485
16.563000 31.334655 28.939342 -0.001657 1.510000 0.004004 0.004481
16.583000 31.334656 28.939357 -0.001657 1.510000 0.004000 0.004477
16.603000 31.334657 28.939372 -0.001657 1.510000 0.003997 0.004473
16.623000 31.334658 28.939386 -0.001657 1.510000 0.003993 0.004469
16.643000 31.334659 28.939401 -0.001657 1.510000 0.003989 0.004464
16.663000 31.334660 28.939415 -0.001657 1.510000 0.003986 0.004460
16.683000 31.334661 28.939430 -0.001657 1.510000 0.003982 0.004456
16.703000 31.334662 28.939444 -0.001657 1.510000 0.003978 0.004452
16.723000 31.334663 28.939459 -0.001657 1.510000 0.003975 0.004448
16.743000 31.334663 28.939473 -0.001657 1.510000 0.003971 0.004444
16.763000 31.334664 28.939488 -0.001657 1.510000 0.003967 0.004440
16.783000 31.334665 28.939502 -0.001657 1.510000 0.003964 0.004435
16.803000 31.334666 28.939517 -0.001657 1.510000 0.003960 0.004431
16.823000 31.334667 28.939531 -0.001657 1.510000 0.003956 0.004427
16.843000 31.334668 28.939546 -0.001657 1.510000 0.003953 0.004423
16.863000 31.334669 28.939560 -0.001657 1.510000 0.003949 0.004419
16.883000 31.334670 28.939575 -0.001657 1.510000 0.003946 0.004415
16.903000 31.334670 28.939589 -0.001657 1.510000 0.003942 0.004411
16.923000 31.334671 28.939604 -0.001657 1.510000 0.003938 0.004407
16.943000 31.334672 28.939618 -0.001657 1.510000 0.003935 0.004402
16.963000 31.334673 28.939632 -0.001657 1.510000 0.003931 0.004398
16.983000 31.334674 28.939647 -0.001657 1.510000 0.003927 0.004394
17.003000 31.334675 28.939661 -0.001657 1.510000 0.003924 0.004390
17.023000 31.334676 28.939675 -0.001657 1.510000 0.003920 0.004386
17.043000 31.334677 28.939690 -0.001657 1.510000 0.003917 0.004382
17.063000 31.334677 28.939704 -0.001657 1.510000 0.003913 0.004378
17.083000 31.334678 28.939718 -0.001657 1.510000 0.003909 0.004374
17.103000 31.334679 28.939733 -0.001657 1.510000 0.003906 0.004370
17.123000 31.334680 28.939747 -0.001657 1.510000 0.003902 0.004366
17.143000 31.334681 28.939761 -0.001657 1.510000 0.003899 0.004362
17.163000 31.334682 28.939775 -0.001657 1.510000 0.003895 0.004358
17.183000 31.334683 28.939790 -0.001657 1.510000 0.003891 0.004354
17.203000 31.334683 28.939804 -0.001657 1.510000 0.003888 0.004350
17.223000 31.334684 28.939818 -0.001657 1.510000 0.003884 0.004346
17.243000 31.334685 28.939832 -0.001657 1.510000 0.003881 0.004341
17.263000 31.334686 28.939847 -0.001657 1.510000 0.003877 0.004337
17.283000 31.334687 28.939861 -0.001657 1.510000 0.003874 0.004333
