# stamp x y z yaw linear_v angular_v
0.259000 0.000005 0.000000 -0.001646 0.000000 -0.000027 -0.000004
0.279000 0.000007 0.000000 -0.001654 0.000000 -0.000028 -0.000004
0.299000 0.000009 0.000000 -0.001656 0.000000 -0.000028 -0.000004
0.319000 0.000011 0.000000 -0.001657 0.000000 -0.000028 -0.000004
0.339000 0.000012 0.000000 -0.001657 0.000000 -0.000028 -0.000004
0.359000 0.000014 0.000000 -0.001657 0.000000 -0.000028 -0.000004
0.379000 0.000016 0.000000 -0.001657 0.000000 -0.000028 -0.000004
0.399000 0.000018 0.000000 -0.001657 0.000000 -0.000028 -0.000004
0.419000 0.000019 0.000000 -0.001657 0.000000 -0.000028 -0.000004
0.439000 0.000021 0.000000 -0.001657 0.000000 -0.000028 -0.000004
0.459000 0.000023 0.000000 -0.001657 0.000000 -0.000028 -0.000004
0.479000 0.000025 0.000000 -0.001657 0.000000 -0.000028 -0.000004
0.499000 0.000026 0.000000 -0.001657 0.000000 -0.000028 -0.000004
0.519000 0.000028 0.000000 -0.001657 0.000000 -0.000028 -0.000004
0.539000 0.000030 0.000000 -0.001657 0.000000 -0.000028 -0.000004
0.559000 0.000609 0.000000 -0.001657 -0.000000 0.041349 0.000011
0.579000 0.003753 0.000000 -0.001653 -0.000000 0.143901 0.000038
0.599000 0.008833 0.000000 -0.001653 -0.000000 0.240966 0.000031
0.619000 0.015812 0.000000 -0.001655 -0.000000 0.336988 0.000029
0.639000 0.024700 0.000000 -0.001656 -0.000000 0.432811 0.000030
0.659000 0.035500 -0.000002 -0.001656 -0.000002 0.528591 -0.000571
0.679000 0.048216 -0.000030 -0.001656 -0.000031 0.624358 -0.001609
0.699000 0.062847 -0.000061 -0.001656 -0.000058 0.720126 -0.001152
0.719000 0.079393 -0.000071 -0.001656 -0.000060 0.815886 0.001155
0.739000 0.097854 -0.000055 -0.001656 -0.000039 0.911644 0.000623
0.759000 0.118231 -0.000053 -0.001656 -0.000031 1.007397 0.000520
0.779000 0.140522 -0.000040 -0.001656 -0.000015 1.103146 0.000924
0.799000 0.164728 -0.000026 -0.001656 0.000000 1.198892 0.000725
0.819000 0.190849 0.000013 -0.001656 0.000040 1.294622 0.003453
0.839000 0.218885 0.000086 -0.001656 0.000108 1.390361 0.002919
0.859000 0.248836 0.000130 -0.001656 0.000139 1.486065 -0.002648
0.879000 0.280700 -0.000002 -0.001656 -0.000010 1.581761 -0.007850
0.899000 0.314478 -0.000112 -0.001656 -0.000117 1.677507 -0.003983
0.919000 0.350170 -0.000028 -0.001656 -0.000015 1.773073 0.013668
0.939000 0.387775 0.000219 -0.001656 0.000232 1.868825 0.008566
0.959000 0.427294 0.000333 -0.001656 0.000317 1.964418 -0.006292
0.979000 0.468723 0.000013 -0.001656 -0.000042 2.059979 -0.018833
0.999000 0.512067 -0.000246 -0.001656 -0.000293 2.155778 -0.009187
1.019000 0.557320 -0.000132 -0.001656 -0.000136 2.250988 0.026756
1.039000 0.604483 0.000367 -0.001656 0.000375 2.346776 0.017826
1.059000 0.653561 0.000593 -0.001656 0.000553 2.442218 -0.010081
1.079000 0.704543 0.000062 -0.001656 -0.000044 2.537591 -0.030971
1.099000 0.757440 -0.000347 -0.001656 -0.000443 2.633490 -0.014322
1.119000 0.812249 -0.000284 -0.001656 -0.000320 2.728828 0.025422
1.139000 0.868969 0.000126 -0.001656 0.000122 2.824593 0.013360
1.159000 0.927603 0.000285 -0.001656 0.000264 2.920231 -0.003572
1.179000 0.988149 0.000025 -0.001656 -0.000029 3.015834 -0.015171
1.199000 1.050609 -0.000161 -0.001656 -0.000209 3.111546 -0.005871
1.219000 1.114983 -0.000209 -0.001656 -0.000230 3.207199 0.004533
1.239000 1.181269 -0.000152 -0.001656 -0.000149 3.302857 0.001822
1.259000 1.249469 -0.000148 -0.001656 -0.000128 3.398505 0.002871
1.279000 1.319581 -0.000047 -0.001656 -0.000011 3.494143 0.006532
1.299000 1.391606 0.000055 -0.001656 0.000091 3.589792 0.004252
1.319000 1.465543 -0.000088 -0.001656 -0.000069 3.685265 -0.020169
1.339000 1.541390 -0.000476 -0.001656 -0.000448 3.780936 -0.013696
1.359000 1.619151 -0.000688 -0.001656 -0.000605 3.876411 0.008083
1.379000 1.698817 -0.000162 -0.001656 -0.000006 3.971780 0.033657
1.399000 1.780397 0.000300 -0.001656 0.000452 4.067555 0.016588
1.419000 1.863888 0.000290 -0.001656 0.000380 4.162936 -0.025291
1.439000 1.949288 -0.000142 -0.001656 -0.000092 4.258605 -0.014609
1.459000 2.036603 -0.000318 -0.001656 -0.000253 4.354226 0.000992
1.479000 2.125829 -0.000138 -0.001656 -0.000043 4.449809 0.011344
1.499000 2.216967 -0.000018 -0.001656 0.000080 4.545430 0.003508
1.519000 2.310017 -0.000064 -0.001656 0.000021 4.640995 -0.009974
1.539000 2.404979 -0.000253 -0.001656 -0.000170 4.736598 -0.006609
1.559000 2.501853 -0.000328 -0.001656 -0.000223 4.832123 0.008061
1.579000 2.600635 0.000061 -0.001656 0.000195 4.927622 0.022539
1.599000 2.701330 0.000406 -0.001656 0.000515 5.023257 0.012510
1.619000 2.803934 0.000327 -0.001656 0.000366 5.118581 -0.029086
1.639000 2.908448 -0.000194 -0.001656 -0.000192 5.214205 -0.019173
1.659000 3.014874 -0.000458 -0.001656 -0.000431 5.309737 0.000885
1.679000 3.123195 -0.000239 -0.001656 -0.000124 5.406636 0.018045
1.699000 3.233058 -0.000087 -0.001656 0.000072 5.501690 0.004882
1.719000 3.344030 0.000042 -0.001656 0.000192 5.558719 0.006953
1.739000 3.455157 0.000202 -0.001656 0.000333 5.555663 0.006951
1.759000 3.566263 0.000292 -0.001657 0.000367 5.555172 -0.014207
1.779000 3.677368 -0.000108 -0.001657 -0.000055 5.555068 -0.020566
1.799000 3.788472 -0.000473 -0.001657 -0.000430 5.555094 -0.018224
1.819000 3.899582 -0.000384 -0.001657 -0.000293 5.555845 0.020042
1.839000 4.010702 -0.000074 -0.001657 0.000054 5.555845 0.014682
1.859000 4.121821 0.000177 -0.001657 0.000300 5.555720 0.005136
1.879000 4.232935 0.000225 -0.001657 0.000331 5.555548 0.001569
1.899000 4.344048 0.000313 -0.001657 0.000380 5.555565 0.002724
1.919000 4.455164 0.000179 -0.001657 0.000199 5.555207 -0.015885
1.939000 4.566270 -0.000090 -0.001657 -0.000097 5.555202 -0.013470
1.959000 4.677377 -0.000262 -0.001657 -0.000238 5.555407 0.015002
1.979000 4.788498 0.000274 -0.001657 0.000296 5.556071 0.026368
1.999000 4.899620 0.000754 -0.001657 0.000767 5.555994 0.022563
2.019000 5.010737 0.000785 -0.001657 0.000714 5.555276 -0.015942
2.039000 5.121844 0.000601 -0.001657 0.000449 5.555267 -0.010589
2.059000 5.232952 0.000479 -0.001657 0.000274 5.555358 -0.004320
2.079000 5.344063 0.000468 -0.001657 0.000222 5.555448 -0.002741
2.099000 5.455174 0.000429 -0.001657 0.000159 5.555438 -0.003323
2.119000 5.566282 0.000162 -0.001657 -0.000132 5.555113 -0.020146
2.139000 5.677386 -0.000225 -0.001657 -0.000513 5.555099 -0.017878
2.159000 5.788491 -0.000516 -0.001657 -0.000728 5.555303 0.012900
2.179000 5.899610 -0.000079 -0.001657 -0.000241 5.556027 0.023648
2.199000 6.010732 0.000286 -0.001657 0.000173 5.555945 0.019699
2.219000 6.121850 0.000371 -0.001657 0.000240 5.555440 -0.006846
2.239000 6.232961 0.000287 -0.001657 0.000133 5.555421 -0.003591
2.259000 6.344071 0.000227 -0.001657 0.000050 5.555392 -0.006691
2.279000 6.455181 0.000073 -0.001657 -0.000109 5.555334 -0.007890
2.299000 6.566290 -0.000086 -0.001657 -0.000261 5.555340 -0.007480
2.319000 6.677404 0.000166 -0.001657 0.000028 5.555998 0.028283
2.339000 6.788528 0.000686 -0.001657 0.000551 5.556028 0.023513
2.359000 6.899650 0.001083 -0.001657 0.000874 5.555838 -0.007654
2.379000 7.010757 0.000759 -0.001657 0.000487 5.555119 -0.018678
2.399000 7.121862 0.000520 -0.001657 0.000174 5.555180 -0.014696
2.419000 7.232971 0.000438 -0.001657 0.000067 5.555459 0.000059
2.439000 7.344083 0.000430 -0.001657 0.000049 5.555471 -0.002003
2.459000 7.455194 0.000364 -0.001657 -0.000031 5.555365 -0.010109
2.479000 7.566302 0.000091 -0.001657 -0.000295 5.555219 -0.013202
2.499000 7.677409 -0.000183 -0.001657 -0.000545 5.555229 -0.012265
2.519000 7.788522 0.000004 -0.001657 -0.000294 5.555958 0.025429
2.539000 7.899644 0.000419 -0.001657 0.000162 5.555962 0.020111
2.559000 8.010766 0.000743 -0.001657 0.000457 5.555826 -0.002678
2.579000 8.121875 0.000537 -0.001657 0.000229 5.555274 -0.011223
2.599000 8.232984 0.000393 -0.001657 0.000047 5.555318 -0.008400
2.619000 8.344093 0.000250 -0.001657 -0.000105 5.555344 -0.007070
2.639000 8.455202 0.000100 -0.001657 -0.000248 5.555347 -0.007198
2.659000 8.566312 0.000003 -0.001657 -0.000299 5.555551 0.013122
2.679000 8.677431 0.000404 -0.001657 0.000116 5.555950 0.020457
2.699000 8.788552 0.000772 -0.001657 0.000488 5.555900 0.017955
2.719000 8.899666 0.000727 -0.001657 0.000385 5.555198 -0.020037
2.739000 9.010772 0.000414 -0.001657 0.000029 5.555166 -0.014981
2.759000 9.121878 0.000170 -0.001657 -0.000220 5.555294 -0.005352
2.779000 9.232989 0.000126 -0.001657 -0.000256 5.555463 -0.001830
2.799000 9.344100 0.000042 -0.001657 -0.000310 5.555445 -0.002966
2.819000 9.455214 0.000176 -0.001657 -0.000136 5.555792 0.015804
2.839000 9.566333 0.000451 -0.001657 0.000158 5.555807 0.013288
2.859000 9.677450 0.000603 -0.001657 0.000274 5.555434 -0.017616
2.879000 9.788553 0.000055 -0.001657 -0.000277 5.554927 -0.026476
2.899000 9.899655 -0.000426 -0.001657 -0.000752 5.554978 -0.022797
2.919000 10.010762 -0.000499 -0.001657 -0.000741 5.555742 0.015755
2.939000 10.121880 -0.000309 -0.001657 -0.000471 5.555760 0.010676
2.959000 10.232995 -0.000188 -0.001657 -0.000293 5.555614 0.004572
2.979000 10.344109 -0.000177 -0.001657 -0.000240 5.555573 0.002739
2.999000 10.455223 -0.000140 -0.001657 -0.000176 5.555582 0.003348
3.019000 10.566340 0.000108 -0.001657 0.000099 5.555888 0.020117
3.039000 10.677460 0.000496 -0.001657 0.000483 5.555903 0.017975
3.059000 10.788580 0.000796 -0.001657 0.000710 5.555686 -0.011508
3.079000 10.899685 0.000365 -0.001657 0.000232 5.555011 -0.023611
3.099000 11.010788 0.000000 -0.001657 -0.000180 5.555066 -0.019594
3.119000 11.121895 -0.000084 -0.001657 -0.000246 5.555584 0.006936
3.139000 11.233010 0.000002 -0.001657 -0.000136 5.555599 0.003662
3.159000 11.344124 0.000062 -0.001657 -0.000052 5.555624 0.006745
3.179000 11.455240 0.000217 -0.001657 0.000108 5.555682 0.007924
3.199000 11.566356 0.000376 -0.001657 0.000260 5.555673 0.007514
3.219000 11.677465 0.000125 -0.001657 -0.000028 5.555004 -0.028288
3.239000 11.788566 -0.000395 -0.001657 -0.000552 5.554962 -0.023519
3.259000 11.899668 -0.000804 -0.001657 -0.000885 5.555012 0.006236
3.279000 12.010786 -0.000488 -0.001657 -0.000506 5.555917 0.018777
3.299000 12.121905 -0.000249 -0.001657 -0.000191 5.555840 0.014704
3.319000 12.233022 -0.000152 -0.001657 -0.000069 5.555575 0.000614
3.339000 12.344135 -0.000136 -0.001657 -0.000041 5.555558 0.002436
3.359000 12.455249 -0.000061 -0.001657 0.000047 5.555650 0.010380
3.379000 12.566367 0.000216 -0.001657 0.000314 5.555794 0.013253
3.399000 12.677485 0.000493 -0.001657 0.000565 5.555776 0.012317
3.419000 12.788596 0.000349 -0.001657 0.000352 5.555086 -0.025371
3.439000 12.899699 -0.000071 -0.001657 -0.000111 5.555045 -0.020336
3.459000 13.010792 -0.000387 -0.001657 -0.000404 5.554794 0.002608
3.479000 13.121907 -0.000179 -0.001657 -0.000181 5.555749 0.010962
3.499000 13.233024 -0.000033 -0.001657 -0.000002 5.555696 0.008294
3.519000 13.344139 0.000115 -0.001657 0.000150 5.555671 0.007012
3.539000 13.455255 0.000268 -0.001657 0.000291 5.555664 0.007135
3.559000 13.566370 0.000347 -0.001657 0.000319 5.555378 -0.014903
3.579000 13.677475 -0.000059 -0.001657 -0.000104 5.555063 -0.020318
3.599000 13.788579 -0.000426 -0.001657 -0.000477 5.555093 -0.018128
3.619000 13.899688 -0.000381 -0.001657 -0.000376 5.555828 0.020049
3.639000 14.010808 -0.000068 -0.001657 -0.000019 5.555852 0.014979
3.659000 14.121927 0.000167 -0.001657 0.000220 5.555706 0.004622
3.679000 14.233041 0.000213 -0.001657 0.000256 5.555558 0.002114
3.699000 14.344155 0.000300 -0.001657 0.000314 5.555575 0.003103
3.719000 14.455265 0.000167 -0.001657 0.000141 5.555227 -0.015820
3.739000 14.566371 -0.000107 -0.001657 -0.000153 5.555206 -0.013335
3.759000 14.677478 -0.000283 -0.001657 -0.000291 5.555416 0.015155
3.779000 14.788599 0.000251 -0.001657 0.000246 5.556078 0.026552
3.799000 14.899722 0.000730 -0.001657 0.000721 5.556000 0.022750
3.819000 15.010839 0.000800 -0.001657 0.000710 5.555297 -0.015673
3.839000 15.121946 0.000608 -0.001657 0.000442 5.555266 -0.010614
3.859000 15.233055 0.000482 -0.001657 0.000262 5.555347 -0.004787
3.879000 15.344165 0.000466 -0.001657 0.000208 5.555444 -0.002754
3.899000 15.455276 0.000424 -0.001657 0.000143 5.555434 -0.003405
3.919000 15.566384 0.000173 -0.001657 -0.000132 5.555118 -0.020062
3.939000 15.677488 -0.000217 -0.001657 -0.000514 5.555096 -0.017907
3.959000 15.788593 -0.000519 -0.001657 -0.000740 5.555225 0.011557
3.979000 15.899713 -0.000089 -0.001657 -0.000260 5.556025 0.023729
3.999000 16.010834 0.000275 -0.001657 0.000154 5.555945 0.019708
4.019000 16.121951 0.000334 -0.001657 0.000201 5.555429 -0.007343
4.039000 16.233062 0.000245 -0.001657 0.000090 5.555420 -0.003661
4.059000 16.344173 0.000178 -0.001657 0.000005 5.555390 -0.006731
4.079000 16.455282 0.000021 -0.001657 -0.000152 5.555338 -0.007771
4.099000 16.566391 -0.000141 -0.001657 -0.000303 5.555343 -0.007413
4.119000 16.677517 0.000111 -0.001657 -0.000008 5.555946 0.028218
4.139000 16.788641 0.000627 -0.001657 0.000515 5.556031 0.023596
4.159000 16.899762 0.001035 -0.001657 0.000851 5.555907 -0.006139
4.179000 17.010870 0.000717 -0.001657 0.000474 5.555122 -0.018679
4.199000 17.121976 0.000476 -0.001657 0.000161 5.555181 -0.014604
4.219000 17.233084 0.000377 -0.001657 0.000041 5.555443 -0.000610
4.239000 17.344196 0.000357 -0.001657 0.000012 5.555458 -0.002439
4.259000 17.455307 0.000271 -0.001657 -0.000084 5.555338 -0.011000
4.279000 17.566414 -0.000011 -0.001657 -0.000352 5.555216 -0.013078
4.299000 17.677521 -0.000290 -0.001657 -0.000601 5.555227 -0.012259
4.319000 17.788634 -0.000124 -0.001657 -0.000363 5.555953 0.025359
4.339000 17.899756 0.000290 -0.001657 0.000096 5.555967 0.020324
4.359000 18.010878 0.000610 -0.001657 0.000395 5.555834 -0.002491
4.379000 18.121987 0.000399 -0.001657 0.000170 5.555278 -0.011105
4.399000 18.233096 0.000251 -0.001657 -0.000010 5.555322 -0.008283
4.419000 18.344205 0.000103 -0.001657 -0.000161 5.555348 -0.007013
4.439000 18.455314 -0.000052 -0.001657 -0.000302 5.555350 -0.007137
4.459000 18.566433 -0.000136 -0.001657 -0.000334 5.555821 0.014817
4.479000 18.677552 0.000273 -0.001657 0.000093 5.555954 0.020519
4.499000 18.788673 0.000640 -0.001657 0.000468 5.555906 0.018179
4.519000 18.899788 0.000595 -0.001657 0.000367 5.555200 -0.020018
4.539000 19.010893 0.000281 -0.001657 0.000012 5.555165 -0.014955
4.559000 19.122003 0.000041 -0.001657 -0.000232 5.555392 -0.005009
4.579000 19.233114 -0.000007 -0.001657 -0.000270 5.555455 -0.002069
4.599000 19.344225 -0.000097 -0.001657 -0.000327 5.555438 -0.003130
4.619000 19.455340 0.000056 -0.001657 -0.000135 5.555800 0.015936
4.639000 19.566458 0.000327 -0.001657 0.000157 5.555806 0.013324
4.659000 19.677576 0.000505 -0.001657 0.000296 5.555498 -0.015146
4.679000 19.788679 -0.000029 -0.001657 -0.000241 5.554932 -0.026580
4.699000 19.899781 -0.000508 -0.001657 -0.000717 5.554980 -0.022769
4.719000 20.010774 0.001078 -0.001623 0.001161 5.548722 0.093767
4.739000 20.121771 0.006094 -0.001374 0.006045 5.550611 0.252613
4.759000 20.232795 0.013283 -0.001278 0.012615 5.548558 0.339879
4.779000 20.343833 0.021538 -0.001423 0.019615 5.550528 0.351732
4.799000 20.454896 0.029553 -0.001567 0.025688 5.553099 0.278016
4.819000 20.565979 0.037136 -0.001628 0.030565 5.555324 0.224429
4.839000 20.677025 0.045049 -0.001648 0.035210 5.550920 0.240939
4.859000 20.787952 0.054157 -0.001656 0.040703 5.538563 0.289140
4.879000 20.898484 0.067121 -0.001525 0.049241 5.524128 0.435372
4.899000 21.008818 0.082846 -0.001289 0.059688 5.505856 0.523313
4.919000 21.118981 0.099970 -0.001338 0.070321 5.510131 0.523684
4.939000 21.229338 0.116518 -0.001521 0.079383 5.522621 0.427197
4.959000 21.339740 0.133040 -0.001611 0.087324 5.523757 0.394568
4.979000 21.450108 0.149913 -0.001643 0.094732 5.522919 0.374112
4.999000 21.560364 0.167587 -0.001653 0.102110 5.516156 0.382869
5.019000 21.670495 0.185654 -0.001656 0.109004 5.512678 0.326521
5.039000 21.780611 0.203638 -0.001657 0.115130 5.509049 0.314240
5.059000 21.890551 0.222697 -0.001657 0.121717 5.493324 0.353739
5.079000 21.999827 0.245449 -0.001570 0.131203 5.455153 0.490082
5.099000 22.108397 0.271173 -0.001309 0.142701 5.419531 0.579736
5.119000 22.216604 0.298346 -0.001341 0.154373 5.409110 0.595264
5.139000 22.324949 0.325177 -0.001520 0.164540 5.429896 0.493984
5.159000 22.433402 0.352042 -0.001610 0.173515 5.429661 0.463169
5.179000 22.541802 0.379357 -0.001642 0.181960 5.427918 0.442855
5.199000 22.649964 0.407561 -0.001652 0.190385 5.414104 0.451020
5.219000 22.757446 0.438470 -0.001640 0.200763 5.360005 0.549329
5.239000 22.863623 0.472924 -0.001427 0.213529 5.293209 0.652964
5.259000 22.969018 0.509464 -0.001299 0.227285 5.262578 0.713823
5.279000 23.074276 0.546770 -0.001446 0.240346 5.272870 0.644248
5.299000 23.179820 0.583896 -0.001577 0.251598 5.282158 0.561938
5.319000 23.285388 0.621029 -0.001630 0.261491 5.296857 0.479635
5.339000 23.390806 0.657970 -0.001648 0.270255 5.258410 0.451056
5.359000 23.495601 0.695959 -0.001653 0.279068 5.237980 0.455351
5.379000 23.600274 0.734409 -0.001655 0.287418 5.236314 0.422142
5.399000 23.704663 0.773461 -0.001655 0.295525 5.212884 0.423105
5.419000 23.808044 0.815040 -0.001642 0.305494 5.152708 0.530208
5.439000 23.910081 0.860180 -0.001463 0.317968 5.082752 0.635097
5.459000 24.011172 0.907232 -0.001374 0.331398 5.043555 0.698049
5.479000 24.112172 0.954553 -0.001509 0.343813 5.062753 0.600711
5.499000 24.213378 1.001851 -0.001603 0.354506 5.048860 0.537477
5.519000 24.314326 1.049475 -0.001639 0.364282 5.058810 0.464921
5.539000 24.415174 1.097011 -0.001651 0.373031 5.023772 0.442515
5.559000 24.515156 1.145927 -0.001656 0.382498 4.969317 0.499049
5.579000 24.613263 1.199044 -0.001515 0.395186 4.884108 0.649934
5.599000 24.710038 1.255029 -0.001333 0.409750 4.817801 0.722307
5.619000 24.806066 1.312123 -0.001386 0.424112 4.808052 0.705421
5.639000 24.902658 1.368319 -0.001543 0.436118 4.836701 0.572483
5.659000 24.998782 1.424882 -0.001618 0.446988 4.791973 0.537123
5.679000 25.094708 1.481628 -0.001645 0.456901 4.786353 0.487772
5.699000 25.190086 1.539158 -0.001653 0.466739 4.749883 0.500905
5.719000 25.285130 1.597176 -0.001655 0.475952 4.756013 0.431421
5.739000 25.380149 1.655131 -0.001656 0.484216 4.733468 0.425080
5.759000 25.474244 1.714276 -0.001657 0.493156 4.673333 0.480980
5.779000 25.566134 1.777362 -0.001554 0.505324 4.563083 0.639411
5.799000 25.656316 1.843226 -0.001396 0.519444 4.483628 0.714962
5.819000 25.746023 1.909587 -0.001488 0.532831 4.505481 0.630138
5.839000 25.836519 1.974893 -0.001591 0.543491 4.514689 0.506429
5.859000 25.926238 2.041061 -0.001635 0.553891 4.470639 0.520727
5.879000 26.015697 2.107548 -0.001650 0.563599 4.461904 0.480835
5.899000 26.104500 2.174767 -0.001655 0.573257 4.417658 0.495494
5.919000 26.191554 2.244355 -0.001648 0.584903 4.326000 0.622957
5.939000 26.276065 2.317280 -0.001518 0.599207 4.200620 0.727095
5.959000 26.359050 2.391975 -0.001515 0.614321 4.127896 0.756276
5.979000 26.442304 2.466316 -0.001594 0.627513 4.177316 0.605502
5.999000 26.525430 2.540989 -0.001635 0.639407 4.125895 0.607081
6.019000 26.608191 2.616056 -0.001650 0.650390 4.159854 0.484278
6.039000 26.691273 2.690609 -0.001654 0.659760 4.126062 0.479941
6.059000 26.773145 2.766184 -0.001656 0.669488 4.081317 0.476278
6.079000 26.854884 2.841874 -0.001657 0.678351 4.073743 0.442194
6.099000 26.935876 2.918212 -0.001657 0.687192 4.027660 0.455050
6.119000 27.015058 2.996584 -0.001654 0.698017 3.935916 0.582086
6.139000 27.091504 3.077807 -0.001535 0.711263 3.798538 0.669895
6.159000 27.166302 3.160618 -0.001489 0.725351 3.717533 0.704923
6.179000 27.241245 3.243285 -0.001575 0.737878 3.758040 0.572204
6.199000 27.316219 3.326003 -0.001628 0.748977 3.718394 0.561519
6.219000 27.390708 3.409119 -0.001647 0.759248 3.742198 0.466552
6.239000 27.465290 3.492043 -0.001654 0.768339 3.702217 0.462211
6.259000 27.538845 3.575880 -0.001656 0.777649 3.669458 0.450377
6.279000 27.612268 3.659819 -0.001657 0.786174 3.656679 0.421370
6.299000 27.684905 3.744349 -0.001657 0.794691 3.610720 0.433270
6.319000 27.755584 3.830620 -0.001655 0.805245 3.502555 0.562736
6.339000 27.823298 3.919215 -0.001547 0.817907 3.362764 0.639448
6.359000 27.889326 4.009246 -0.001499 0.831397 3.279820 0.675692
6.379000 27.955493 4.099186 -0.001579 0.843456 3.322542 0.558463
6.399000 28.021656 4.189014 -0.001629 0.854123 3.273475 0.540083
6.419000 28.087172 4.279252 -0.001648 0.864095 3.290818 0.464174
6.439000 28.152632 4.369468 -0.001654 0.873164 3.244616 0.461711
6.459000 28.216684 4.460680 -0.001657 0.883071 3.174997 0.542210
6.479000 28.277472 4.554315 -0.001546 0.896001 3.016011 0.660930
6.499000 28.335486 4.649628 -0.001332 0.910551 2.888630 0.746029
6.519000 28.392483 4.745696 -0.001386 0.924700 2.862995 0.676032
6.539000 28.450369 4.841448 -0.001543 0.936545 2.907249 0.563117
6.559000 28.507838 4.937291 -0.001618 0.947302 2.857757 0.530966
6.579000 28.564731 5.033350 -0.001645 0.957408 2.837255 0.506402
6.599000 28.620756 5.129848 -0.001653 0.967387 2.782768 0.511087
6.619000 28.676122 5.226656 -0.001655 0.976837 2.775487 0.456991
6.639000 28.731468 5.323446 -0.001656 0.985401 2.755364 0.428620
6.659000 28.785468 5.420851 -0.001657 0.994645 2.670372 0.504122
6.679000 28.835993 5.520179 -0.001516 1.006687 2.503776 0.612061
6.699000 28.883861 5.620864 -0.001316 1.020291 2.379258 0.699086
6.719000 28.930538 5.722150 -0.001377 1.033785 2.342608 0.644751
6.739000 28.978072 5.823330 -0.001540 1.045070 2.389523 0.532077
6.759000 29.025308 5.924540 -0.001617 1.055259 2.342790 0.505610
6.779000 29.071725 6.026026 -0.001645 1.065106 2.306342 0.495945
6.799000 29.117180 6.127877 -0.001653 1.074912 2.251691 0.500175
6.819000 29.160193 6.230653 -0.001642 1.086537 2.114788 0.600713
6.839000 29.199708 6.335029 -0.001411 1.100373 1.951807 0.696903
6.859000 29.236982 6.440052 -0.001291 1.115211 1.840601 0.740898
6.879000 29.273627 6.545581 -0.001451 1.129057 1.835945 0.670303
6.899000 29.310346 6.651094 -0.001580 1.141345 1.825458 0.600881
6.919000 29.346900 6.756563 -0.001632 1.152175 1.843333 0.506411
6.939000 29.383752 6.861869 -0.001648 1.161617 1.827059 0.466763
6.959000 29.419246 6.967545 -0.001654 1.171261 1.745299 0.491847
6.979000 29.453911 7.073427 -0.001655 1.180723 1.723557 0.466694
6.999000 29.487954 7.179456 -0.001656 1.189806 1.683184 0.457189
7.019000 29.519656 7.286100 -0.001646 1.200537 1.547246 0.555545
7.039000 29.547852 7.393982 -0.001429 1.213476 1.384942 0.654243
7.059000 29.573751 7.502303 -0.001278 1.227466 1.272752 0.699449
7.079000 29.599243 7.611067 -0.001442 1.240320 1.288466 0.614966
7.099000 29.625144 7.719773 -0.001576 1.251443 1.284653 0.538359
7.119000 29.650563 7.828516 -0.001631 1.261633 1.271628 0.488132
7.139000 29.675557 7.937300 -0.001649 1.271188 1.226049 0.479533
7.159000 29.698919 8.046366 -0.001655 1.281507 1.130248 0.545603
7.179000 29.718242 8.156067 -0.001497 1.294577 0.941028 0.647987
7.199000 29.734775 8.266497 -0.001312 1.309066 0.805966 0.721683
7.219000 29.749709 8.377202 -0.001368 1.323457 0.744916 0.700760
7.239000 29.765175 8.488107 -0.001535 1.335920 0.784779 0.587817
7.259000 29.780453 8.598985 -0.001615 1.347125 0.751796 0.544451
7.279000 29.795457 8.709851 -0.001644 1.357365 0.738928 0.500455
7.299000 29.809443 8.820784 -0.001653 1.367452 0.668409 0.514511
7.319000 29.823613 8.931594 -0.001655 1.375957 0.748907 0.382619
7.339000 29.839705 9.041873 -0.001649 1.381815 0.815867 0.254883
7.359000 29.855391 9.152056 -0.001650 1.387230 0.756753 0.279337
7.379000 29.869894 9.262395 -0.001654 1.393233 0.705822 0.309735
7.399000 29.883621 9.372812 -0.001655 1.399381 0.675752 0.306483
7.419000 29.896811 9.483271 -0.001656 1.405389 0.646703 0.299494
7.439000 29.909325 9.593784 -0.001657 1.411396 0.610642 0.302473
7.459000 29.921260 9.704360 -0.001656 1.417264 0.604929 0.276903
7.479000 29.933930 9.814928 -0.001656 1.421824 0.641432 0.203927
7.499000 29.946470 9.925475 -0.001656 1.425950 0.609720 0.210478
7.519000 29.959019 10.035986 -0.001656 1.429530 0.655357 0.149737
7.539000 29.972333 10.146372 -0.001656 1.432009 0.661359 0.117648
7.559000 29.985147 10.256806 -0.001656 1.434669 0.620116 0.145551
7.579000 29.996978 10.367356 -0.001656 1.438007 0.578023 0.176407
7.599000 30.008376 10.477942 -0.001657 1.441441 0.566732 0.168217
7.619000 30.019279 10.588584 -0.001657 1.445013 0.523993 0.189339
7.639000 30.029268 10.699309 -0.001656 1.449081 0.487896 0.208876
7.659000 30.039056 10.810038 -0.001657 1.452847 0.517960 0.157359
7.679000 30.050629 10.920599 -0.001655 1.454507 0.594849 0.058589
7.699000 30.062233 11.031139 -0.001655 1.455849 0.566195 0.075274
7.719000 30.072263 11.141823 -0.001656 1.458677 0.449233 0.180775
7.739000 30.080255 11.252741 -0.001653 1.463173 0.383855 0.240273
7.759000 30.088198 11.363701 -0.001654 1.467253 0.430636 0.169294
7.779000 30.098209 11.474452 -0.001653 1.468900 0.524082 0.050561
7.799000 30.108474 11.585087 -0.001653 1.469995 0.496402 0.065598
7.819000 30.118471 11.695783 -0.001655 1.471165 0.509412 0.048931
7.839000 30.128705 11.806447 -0.001656 1.472033 0.508570 0.043504
7.859000 30.138909 11.917113 -0.001656 1.472771 0.524034 0.020399
7.879000 30.149911 12.027689 -0.001656 1.472686 0.552167 -0.007179
7.899000 30.160927 12.138252 -0.001656 1.472548 0.546679 -0.002538
7.919000 30.170747 12.248906 -0.001655 1.473713 0.437050 0.103509
7.939000 30.178536 12.359795 -0.001653 1.476685 0.382299 0.157491
7.959000 30.186367 12.470719 -0.001654 1.479365 0.410577 0.111581
7.979000 30.195224 12.581535 -0.001654 1.480765 0.447451 0.059105
7.999000 30.204061 12.692328 -0.001655 1.481966 0.434982 0.062725
8.019000 30.212097 12.803184 -0.001655 1.483860 0.372639 0.114867
8.039000 30.219147 12.914130 -0.001655 1.486500 0.348085 0.134290
8.059000 30.226290 13.025055 -0.001655 1.488676 0.393063 0.082166
8.079000 30.236002 13.135783 -0.001649 1.488156 0.521203 -0.062383
8.099000 30.247224 13.246281 -0.001644 1.486141 0.564464 -0.111152
8.119000 30.257123 13.356812 -0.001650 1.485627 0.445392 0.016390
8.139000 30.264768 13.467643 -0.001649 1.487348 0.363103 0.111630
8.159000 30.272258 13.578536 -0.001652 1.489184 0.397002 0.067249
8.179000 30.280251 13.689395 -0.001655 1.490327 0.392991 0.058594
8.199000 30.287977 13.800270 -0.001657 1.491562 0.382801 0.062432
8.219000 30.296845 13.911054 -0.001656 1.491439 0.496948 -0.054601
8.239000 30.307683 14.021616 -0.001654 1.489459 0.548526 -0.110777
8.259000 30.317939 14.131979 -0.001655 1.488224 0.468080 -0.029400
8.279000 30.325562 14.241820 -0.001652 1.489609 0.355392 0.095336
8.299000 30.331677 14.351211 -0.001647 1.492386 0.292627 0.157115
8.319000 30.338704 14.460504 -0.001651 1.494002 0.403518 0.026169
8.339000 30.347282 14.569708 -0.001653 1.493926 0.419768 -0.002473
8.359000 30.355170 14.678957 -0.001656 1.494446 0.367904 0.053364
8.379000 30.362182 14.788302 -0.001657 1.495785 0.348882 0.068285
8.399000 30.369181 14.897650 -0.001657 1.497044 0.348542 0.060790
8.419000 30.377306 15.006903 -0.001657 1.496918 0.457911 -0.047672
8.439000 30.387761 15.115941 -0.001651 1.494604 0.544862 -0.141993
8.459000 30.398189 15.224509 -0.001653 1.492403 0.482288 -0.084387
8.479000 30.406139 15.331340 -0.001647 1.492769 0.378540 0.036983
8.499000 30.412399 15.437186 -0.001637 1.494733 0.291667 0.121693
8.519000 30.418850 15.542870 -0.001646 1.496379 0.369762 0.030530
8.539000 30.426448 15.648430 -0.001653 1.496783 0.368818 0.028119
8.559000 30.433490 15.754030 -0.001656 1.497576 0.330116 0.067089
8.579000 30.439700 15.859699 -0.001657 1.499088 0.307277 0.074807
8.599000 30.445924 15.965363 -0.001657 1.500506 0.309769 0.068502
8.619000 30.453406 16.070930 -0.001657 1.500372 0.423298 -0.050428
8.639000 30.463166 16.176290 -0.001651 1.498163 0.515098 -0.131761
8.659000 30.472818 16.281179 -0.001653 1.496089 0.444571 -0.071853
8.679000 30.480191 16.384289 -0.001653 1.496355 0.343422 0.048547
8.699000 30.486127 16.486456 -0.001652 1.497952 0.293289 0.074819
8.719000 30.492796 16.588265 -0.001655 1.498763 0.346787 0.023954
8.739000 30.499606 16.690005 -0.001656 1.499393 0.333873 0.035971
8.759000 30.506066 16.791774 -0.001657 1.500237 0.306064 0.068994
8.779000 30.511722 16.893617 -0.001657 1.501788 0.275400 0.076941
8.799000 30.517283 16.995448 -0.001657 1.503247 0.275567 0.066632
8.819000 30.524188 17.097165 -0.001657 1.503140 0.391348 -0.051626
8.839000 30.533393 17.198691 -0.001651 1.500946 0.491252 -0.127394
8.859000 30.542642 17.299714 -0.001653 1.498759 0.423007 -0.073820
8.879000 30.550028 17.398914 -0.001656 1.498410 0.354440 0.016884
8.899000 30.557511 17.496934 -0.001657 1.498089 0.398894 -0.033463
8.919000 30.564541 17.594642 -0.001658 1.498215 0.311300 0.045946
8.939000 30.570669 17.692449 -0.001658 1.499015 0.310290 0.028895
8.959000 30.576990 17.790237 -0.001657 1.499833 0.296817 0.066678
8.979000 30.582437 17.888112 -0.001657 1.501387 0.262831 0.076972
8.999000 30.587752 17.985977 -0.001657 1.502849 0.261995 0.064734
9.019000 30.594418 18.083727 -0.001657 1.502750 0.378256 -0.053237
9.039000 30.603369 18.181284 -0.001651 1.500583 0.477396 -0.126291
9.059000 30.612292 18.278382 -0.001653 1.498527 0.409581 -0.068373
9.079000 30.618937 18.373623 -0.001654 1.498694 0.309427 0.052441
9.099000 30.624274 18.467839 -0.001653 1.500107 0.277225 0.063289
9.119000 30.630431 18.561511 -0.001656 1.500569 0.319824 0.012080
9.139000 30.636698 18.655112 -0.001657 1.500952 0.307489 0.023213
9.159000 30.642909 18.748711 -0.001657 1.501154 0.333141 -0.036934
9.179000 30.650861 18.842134 -0.001657 1.499742 0.415519 -0.082133
9.199000 30.658962 18.935578 -0.001657 1.498406 0.402011 -0.053077
9.219000 30.665650 19.029130 -0.001657 1.498632 0.289645 0.067038
9.239000 30.670163 19.122885 -0.001654 1.500685 0.200228 0.114624
9.259000 30.674812 19.216002 -0.001655 1.502508 0.262150 0.051108
9.279000 30.680503 19.306979 -0.001657 1.503140 0.286901 0.032658
9.299000 30.685777 19.396767 -0.001658 1.504042 0.260904 0.057683
9.319000 30.691582 19.485998 -0.001658 1.504035 0.322257 -0.037160
9.339000 30.698183 19.575168 -0.001658 1.503496 0.329395 -0.017975
9.359000 30.704634 19.664362 -0.001657 1.502986 0.332021 -0.046676
9.379000 30.711667 19.753475 -0.001657 1.501933 0.356629 -0.054997
9.399000 30.718849 19.842591 -0.001657 1.500915 0.359000 -0.049881
9.419000 30.726522 19.931654 -0.001657 1.499348 0.403774 -0.103831
9.439000 30.734817 20.020664 -0.001657 1.497429 0.413522 -0.089980
9.459000 30.742842 20.109235 -0.001657 1.495939 0.381569 -0.040901
9.479000 30.748700 20.195823 -0.001655 1.496591 0.273779 0.071670
9.499000 30.752898 20.281303 -0.001650 1.498710 0.204500 0.126853
9.519000 30.758011 20.366275 -0.001653 1.499616 0.296842 -0.007508
9.539000 30.764382 20.450838 -0.001655 1.499502 0.319059 0.015403
9.559000 30.770177 20.535506 -0.001657 1.499750 0.283126 0.024497
9.579000 30.775634 20.620163 -0.001657 1.500168 0.269178 0.015439
9.599000 30.781161 20.704788 -0.001657 1.500571 0.270980 0.011906
9.619000 30.786171 20.789465 -0.001657 1.501633 0.223025 0.070315
9.639000 30.790588 20.874192 -0.001657 1.503021 0.213257 0.054442
9.659000 30.795385 20.958857 -0.001657 1.503854 0.266448 -0.000075
9.679000 30.802689 21.043331 -0.001653 1.502260 0.387471 -0.121900
9.699000 30.811355 21.127671 -0.001650 1.499597 0.442076 -0.119886
9.719000 30.818422 21.212180 -0.001653 1.498706 0.312648 0.009529
9.739000 30.823188 21.296909 -0.001650 1.499808 0.213113 0.074438
9.759000 30.827817 21.381100 -0.001653 1.500959 0.256354 0.014307
9.779000 30.833697 21.463063 -0.001656 1.500821 0.297319 -0.019512
9.799000 30.839294 21.543696 -0.001657 1.500944 0.269842 0.021447
9.819000 30.845211 21.623522 -0.001658 1.500530 0.319986 -0.052577
9.839000 30.851750 21.703234 -0.001658 1.499665 0.325222 -0.037790
9.859000 30.857953 21.782985 -0.001658 1.499210 0.285962 0.027461
9.879000 30.862350 21.862925 -0.001657 1.500566 0.194897 0.087421
9.899000 30.866369 21.942855 -0.001657 1.501956 0.204175 0.046234
9.919000 30.872032 22.022623 -0.001656 1.501719 0.323442 -0.071538
9.939000 30.879768 22.102213 -0.001653 1.499669 0.406347 -0.111970
9.959000 30.887200 22.181354 -0.001655 1.497968 0.338036 -0.046794
9.979000 30.893068 22.258462 -0.001657 1.497521 0.302901 -0.007369
9.999000 30.899276 22.334093 -0.001658 1.496856 0.328899 -0.030024
10.019000 30.905051 22.408785 -0.001658 1.496613 0.269052 0.016151
10.039000 30.910239 22.483428 -0.001658 1.496769 0.258139 -0.000392
10.059000 30.915679 22.558030 -0.001657 1.496769 0.276337 -0.025988
10.079000 30.921624 22.632577 -0.001657 1.496387 0.294078 -0.024460
10.099000 30.927563 22.707143 -0.001657 1.496042 0.291504 -0.020691
10.119000 30.932553 22.781805 -0.001658 1.496824 0.210435 0.086680
10.139000 30.936370 22.856585 -0.001657 1.498403 0.188326 0.060725
10.159000 30.940750 22.931266 -0.001657 1.499322 0.247527 0.003237
10.179000 30.947543 23.005748 -0.001654 1.497913 0.366047 -0.110795
10.199000 30.955454 23.080133 -0.001653 1.495675 0.393121 -0.087254
10.219000 30.961532 23.154699 -0.001655 1.495277 0.262375 0.037826
10.239000 30.965503 23.229471 -0.001653 1.496706 0.173745 0.082592
10.259000 30.969666 23.303616 -0.001654 1.497936 0.234573 0.021172
10.279000 30.974687 23.375493 -0.001657 1.498137 0.251261 0.013943
10.299000 30.979352 23.445857 -0.001658 1.498656 0.234997 0.042843
10.319000 30.984369 23.515178 -0.001658 1.498672 0.281979 -0.020892
10.339000 30.989816 23.584221 -0.001658 1.498220 0.272374 -0.009894
10.359000 30.995063 23.653281 -0.001657 1.497852 0.267857 -0.033619
10.379000 31.000713 23.722271 -0.001657 1.497153 0.283695 -0.039673
10.399000 31.006482 23.791259 -0.001657 1.496477 0.285317 -0.036578
10.419000 31.011217 23.860343 -0.001657 1.497116 0.198631 0.086422
10.439000 31.014303 23.929603 -0.001656 1.498986 0.146318 0.082749
10.459000 31.017885 23.998289 -0.001657 1.500267 0.202327 0.024031
10.479000 31.023324 24.064565 -0.001654 1.499371 0.299157 -0.074483
10.499000 31.030158 24.129047 -0.001650 1.497119 0.348917 -0.117858
10.519000 31.035608 24.192575 -0.001654 1.496466 0.238747 0.013802
10.539000 31.039042 24.255691 -0.001652 1.497534 0.144789 0.069868
10.559000 31.042564 24.318759 -0.001654 1.498488 0.205440 0.004870
10.579000 31.047079 24.381777 -0.001656 1.498687 0.218918 0.009102
10.599000 31.051371 24.444829 -0.001657 1.498983 0.207097 0.011445
10.619000 31.055921 24.507834 -0.001657 1.498858 0.235468 -0.028464
10.639000 31.060869 24.570808 -0.001657 1.498515 0.242331 -0.019792
10.659000 31.065620 24.633812 -0.001657 1.498404 0.215128 0.030316
10.679000 31.069346 24.696931 -0.001657 1.499228 0.174591 0.034768
10.699000 31.073040 24.760008 -0.001657 1.499971 0.180401 0.025365
10.719000 31.077933 24.822980 -0.001657 1.499490 0.287655 -0.081685
10.739000 31.084258 24.885841 -0.001656 1.497860 0.314404 -0.064148
10.759000 31.090086 24.948728 -0.001657 1.496632 0.287715 -0.046990
10.779000 31.094106 25.009588 -0.001657 1.496892 0.173755 0.059959
10.799000 31.096353 25.068742 -0.001654 1.498858 0.117047 0.112812
10.819000 31.099537 25.126367 -0.001656 1.499859 0.202291 0.022467
10.839000 31.103182 25.182944 -0.001657 1.500278 0.171350 0.042037
10.859000 31.106444 25.239444 -0.001657 1.500837 0.182159 -0.011779
10.879000 31.110899 25.295806 -0.001657 1.500309 0.230243 -0.028157
10.899000 31.115403 25.352197 -0.001657 1.499863 0.221519 -0.018157
10.919000 31.119533 25.408620 -0.001657 1.499724 0.197868 -0.000250
10.939000 31.123482 25.465040 -0.001657 1.499697 0.194939 -0.008007
10.959000 31.127574 25.521431 -0.001657 1.499577 0.205766 -0.023901
10.979000 31.131976 25.577797 -0.001657 1.499209 0.217394 -0.022907
10.999000 31.136386 25.634176 -0.001657 1.498864 0.216454 -0.020218
11.019000 31.140013 25.690635 -0.001657 1.499402 0.151788 0.051515
11.039000 31.143012 25.747140 -0.001657 1.500318 0.148718 0.032480
11.059000 31.146450 25.803590 -0.001657 1.500836 0.198779 -0.019635
11.079000 31.151780 25.859877 -0.001656 1.499548 0.288482 -0.079219
11.099000 31.157193 25.916198 -0.001657 1.498272 0.262006 -0.047214
11.119000 31.161132 25.972633 -0.001657 1.498479 0.152218 0.063313
11.139000 31.163499 26.029204 -0.001656 1.499957 0.117265 0.058900
11.159000 31.166450 26.085182 -0.001657 1.500991 0.155184 0.036416
11.179000 31.169447 26.138955 -0.001658 1.501590 0.152167 0.033963
11.199000 31.172209 26.190891 -0.001658 1.502252 0.144742 0.041438
11.219000 31.175625 26.241184 -0.001658 1.502243 0.214748 -0.029105
11.239000 31.179691 26.290253 -0.001658 1.501563 0.195198 -0.014559
11.259000 31.183298 26.339080 -0.001658 1.501251 0.177315 -0.005414
11.279000 31.186735 26.387926 -0.001658 1.501135 0.170024 -0.009042
11.299000 31.190230 26.436755 -0.001657 1.501004 0.172439 -0.011237
11.319000 31.193856 26.485569 -0.001657 1.500767 0.180650 -0.019577
11.339000 31.197573 26.534378 -0.001657 1.500487 0.182449 -0.017132
11.359000 31.201296 26.583189 -0.001657 1.500177 0.186201 -0.027388
11.379000 31.205218 26.631976 -0.001657 1.499689 0.194587 -0.028254
11.399000 31.209174 26.680768 -0.001657 1.499212 0.195017 -0.026397
11.419000 31.212366 26.729640 -0.001657 1.499653 0.127953 0.055415
11.439000 31.214781 26.778580 -0.001657 1.500585 0.119866 0.033091
11.459000 31.217688 26.827472 -0.001657 1.501072 0.176111 -0.022060
11.479000 31.222476 26.876191 -0.001656 1.499796 0.258899 -0.073348
11.499000 31.227235 26.924943 -0.001657 1.498584 0.229124 -0.045751
11.519000 31.230611 26.973799 -0.001657 1.498774 0.123798 0.059975
11.539000 31.232645 27.022769 -0.001657 1.500039 0.107291 0.046800
11.559000 31.235363 27.071141 -0.001657 1.500755 0.162546 0.002320
11.579000 31.239362 27.117173 -0.001657 1.499611 0.227947 -0.077056
11.599000 31.243247 27.161354 -0.001658 1.498551 0.179893 -0.023241
11.619000 31.246066 27.203785 -0.001658 1.498662 0.124454 0.041523
11.639000 31.248488 27.244774 -0.001658 1.499216 0.138903 0.028202
11.659000 31.251163 27.284739 -0.001658 1.499421 0.140660 0.009331
11.679000 31.253831 27.324611 -0.001658 1.499535 0.132758 0.007865
11.699000 31.256458 27.364475 -0.001657 1.499696 0.128814 0.004888
11.719000 31.259244 27.404309 -0.001657 1.499688 0.140170 -0.011419
11.739000 31.262190 27.444132 -0.001657 1.499605 0.142878 -0.007786
11.759000 31.265114 27.483960 -0.001657 1.499513 0.144114 -0.014911
11.779000 31.268164 27.523771 -0.001657 1.499292 0.149420 -0.015881
11.799000 31.271234 27.563585 -0.001657 1.499079 0.149393 -0.014641
11.819000 31.273897 27.603448 -0.001657 1.499363 0.115499 0.027033
11.839000 31.276151 27.643336 -0.001657 1.499875 0.107824 0.016050
11.859000 31.278653 27.683188 -0.001657 1.500154 0.146167 -0.028347
11.879000 31.282295 27.722946 -0.001657 1.499425 0.184984 -0.035768
11.899000 31.285825 27.762745 -0.001657 1.498784 0.173121 -0.028528
11.919000 31.288382 27.802629 -0.001658 1.499188 0.092574 0.059671
11.939000 31.290067 27.842580 -0.001657 1.500183 0.085424 0.033592
11.959000 31.292191 27.881942 -0.001657 1.500776 0.131393 -0.002097
11.979000 31.295589 27.918940 -0.001657 1.499390 0.206214 -0.095536
11.999000 31.299042 27.954069 -0.001657 1.497915 0.155227 -0.036569
12.019000 31.301015 27.987441 -0.001658 1.498011 0.067930 0.055420
12.039000 31.302246 28.018987 -0.001658 1.498858 0.090317 0.030315
12.059000 31.304176 28.048797 -0.001658 1.499035 0.126788 -0.002462
12.079000 31.306850 28.077314 -0.001658 1.498442 0.140520 -0.020538
12.099000 31.309264 28.105376 -0.001658 1.497975 0.120525 -0.017008
12.119000 31.311172 28.133506 -0.001658 1.498095 0.080495 0.022034
12.139000 31.312718 28.161643 -0.001657 1.498462 0.073929 0.008823
12.159000 31.314430 28.189748 -0.001657 1.498763 0.081569 0.003441
12.179000 31.316260 28.217846 -0.001657 1.498996 0.085236 0.005123
12.199000 31.318063 28.245952 -0.001657 1.499241 0.083699 0.006160
12.219000 31.320036 28.274035 -0.001657 1.499237 0.099491 -0.015449
12.239000 31.322211 28.302105 -0.001657 1.499121 0.103212 -0.010105
12.259000 31.324318 28.330189 -0.001657 1.499047 0.098799 -0.004887
12.279000 31.326324 28.358282 -0.001657 1.499046 0.095107 -0.005709
12.299000 31.328337 28.386368 -0.001657 1.499038 0.095818 -0.006676
12.319000 31.330408 28.414449 -0.001657 1.498975 0.099678 -0.010748
12.339000 31.332521 28.442527 -0.001657 1.498892 0.100498 -0.009516
12.359000 31.334582 28.470613 -0.001657 1.498874 0.092790 0.004748
12.379000 31.336380 28.498725 -0.001657 1.499091 0.083120 0.004235
12.399000 31.338185 28.526826 -0.001657 1.499286 0.084884 0.001891
12.419000 31.340317 28.554891 -0.001657 1.499128 0.111723 -0.025687
12.439000 31.342712 28.582945 -0.001657 1.498811 0.114454 -0.018051
12.459000 31.344914 28.611025 -0.001657 1.498677 0.092456 0.017008
12.479000 31.346451 28.639170 -0.001657 1.499133 0.068199 0.015084
12.499000 31.348022 28.667286 -0.001657 1.499530 0.074237 0.009730
12.519000 31.350267 28.695339 -0.001657 1.499272 0.128391 -0.038739
12.539000 31.352935 28.723378 -0.001657 1.498716 0.128102 -0.025525
12.559000 31.355295 28.751450 -0.001657 1.498427 0.096332 0.024889
12.579000 31.356610 28.779632 -0.001657 1.499107 0.055531 0.027694
12.599000 31.357953 28.807768 -0.001657 1.499701 0.065341 0.018772
12.619000 31.360267 28.835813 -0.001657 1.499372 0.145037 -0.053721
12.639000 31.363247 28.863833 -0.001657 1.498546 0.144369 -0.032670
12.659000 31.365598 28.891392 -0.001657 1.497716 0.081224 -0.041815
12.679000 31.366271 28.916879 -0.001658 1.496874 0.044603 -0.028396
12.699000 31.367181 28.940500 -0.001659 1.495954 0.064078 -0.040070
12.719000 31.368068 28.962255 -0.001658 1.495042 0.054417 -0.028062
12.739000 31.368813 28.982154 -0.001658 1.494274 0.053758 -0.024804
12.759000 31.369537 29.000190 -0.001658 1.493528 0.052414 -0.020933
12.779000 31.370180 29.016367 -0.001658 1.492867 0.049192 -0.015548
12.799000 31.370753 29.030684 -0.001658 1.492276 0.046963 -0.011442
12.819000 31.371258 29.043142 -0.001658 1.491756 0.044007 -0.006910
12.839000 31.371689 29.053742 -0.001658 1.491313 0.040896 -0.002556
12.859000 31.372047 29.062482 -0.001658 1.490945 0.037620 0.001631
12.879000 31.372330 29.069364 -0.001658 1.490654 0.034062 0.005731
12.899000 31.372538 29.074388 -0.001658 1.490441 0.030283 0.009614
12.919000 31.372680 29.077559 -0.001658 1.490318 0.028081 0.015459
12.939000 31.372813 29.079098 -0.001658 1.490293 0.025534 0.023600
12.959000 31.372862 29.079511 -0.001658 1.490278 0.020103 0.011646
12.979000 31.372829 29.079549 -0.001658 1.490127 -0.001994 -0.001407
12.999000 31.372680 29.079553 -0.001657 1.490089 -0.012752 -0.009407
13.019000 31.372614 29.079518 -0.001657 1.490069 -0.011922 -0.013026
13.039000 31.372606 29.079472 -0.001657 1.490057 -0.011302 -0.013163
13.059000 31.372602 29.079424 -0.001657 1.490052 -0.011851 -0.013177
13.079000 31.372594 29.079376 -0.001657 1.490051 -0.012151 -0.013390
13.099000 31.372588 29.079327 -0.001657 1.490050 -0.012148 -0.013488
13.119000 31.372584 29.079277 -0.001657 1.490050 -0.012123 -0.013490
13.139000 31.372580 29.079227 -0.001657 1.490050 -0.012125 -0.013480
13.159000 31.372576 29.079177 -0.001657 1.490050 -0.012124 -0.013474
13.179000 31.372572 29.079127 -0.001657 1.490050 -0.012114 -0.013466
13.199000 31.372568 29.079078 -0.001657 1.490050 -0.012103 -0.013455
13.219000 31.372564 29.079028 -0.001657 1.490050 -0.012093 -0.013443
13.239000 31.372560 29.078978 -0.001657 1.490050 -0.012083 -0.013432
13.259000 31.372556 29.078929 -0.001657 1.490050 -0.012073 -0.013420
13.279000 31.372552 29.078879 -0.001657 1.490050 -0.012062 -0.013408
13.299000 31.372548 29.078830 -0.001657 1.490050 -0.012052 -0.013397
13.319000 31.372544 29.078780 -0.001657 1.490050 -0.012042 -0.013385
13.339000 31.372540 29.078731 -0.001657 1.490050 -0.012031 -0.013374
13.359000 31.372536 29.078682 -0.001657 1.490050 -0.012021 -0.013362
13.379000 31.372532 29.078632 -0.001657 1.490050 -0.012011 -0.013351
13.399000 31.372528 29.078583 -0.001657 1.490050 -0.012000 -0.013339
13.419000 31.372524 29.078534 -0.001657 1.490050 -0.011990 -0.013328
13.439000 31.372520 29.078485 -0.001657 1.490050 -0.011980 -0.013316
13.459000 31.372516 29.078436 -0.001657 1.490050 -0.011969 -0.013305
13.479000 31.372512 29.078386 -0.001657 1.490050 -0.011959 -0.013293
13.499000 31.372508 29.078337 -0.001657 1.490050 -0.011949 -0.013282
13.519000 31.372504 29.078288 -0.001657 1.490050 -0.011938 -0.013270
13.539000 31.372500 29.078239 -0.001657 1.490050 -0.011928 -0.013259
13.559000 31.372496 29.078190 -0.001657 1.490050 -0.011918 -0.013247
13.579000 31.372492 29.078142 -0.001657 1.490050 -0.011908 -0.013236
13.599000 31.372488 29.078093 -0.001657 1.490050 -0.011897 -0.013224
13.619000 31.372484 29.078044 -0.001657 1.490050 -0.011887 -0.013213
13.639000 31.372480 29.077995 -0.001657 1.490050 -0.011877 -0.013202
13.659000 31.372476 29.077947 -0.001657 1.490050 -0.011867 -0.013190
13.679000 31.372472 29.077898 -0.001657 1.490050 -0.011856 -0.013179
13.699000 31.372468 29.077849 -0.001657 1.490050 -0.011846 -0.013168
13.719000 31.372465 29.077801 -0.001657 1.490050 -0.011836 -0.013156
13.739000 31.372461 29.077752 -0.001657 1.490050 -0.011826 -0.013145
13.759000 31.372457 29.077704 -0.001657 1.490050 -0.011816 -0.013134
13.779000 31.372453 29.077655 -0.001657 1.490050 -0.011806 -0.013122
13.799000 31.372449 29.077607 -0.001657 1.490050 -0.011795 -0.013111
13.819000 31.372445 29.077559 -0.001657 1.490050 -0.011785 -0.013100
13.839000 31.372441 29.077510 -0.001657 1.490050 -0.011775 -0.013088
13.859000 31.372437 29.077462 -0.001657 1.490050 -0.011765 -0.013077
13.879000 31.372433 29.077414 -0.001657 1.490050 -0.011755 -0.013066
13.899000 31.372429 29.077366 -0.001657 1.490050 -0.011745 -0.013054
13.919000 31.372426 29.077317 -0.001657 1.490050 -0.011735 -0.013043
13.939000 31.372422 29.077269 -0.001657 1.490050 -0.011725 -0.013032
13.959000 31.372418 29.077221 -0.001657 1.490050 -0.011714 -0.013021
13.979000 31.372414 29.077173 -0.001657 1.490050 -0.011704 -0.013009
13.999000 31.372410 29.077125 -0.001657 1.490050 -0.011694 -0.012998
14.019000 31.372406 29.077077 -0.001657 1.490050 -0.011684 -0.012987
14.039000 31.372402 29.077030 -0.001657 1.490050 -0.011674 -0.012976
14.059000 31.372398 29.076982 -0.001657 1.490050 -0.011664 -0.012965
14.079000 31.372395 29.076934 -0.001657 1.490050 -0.011654 -0.012953
14.099000 31.372391 29.076886 -0.001657 1.490050 -0.011644 -0.012942
14.119000 31.372387 29.076839 -0.001657 1.490050 -0.011634 -0.012931
14.139000 31.372383 29.076791 -0.001657 1.490050 -0.011624 -0.012920
14.159000 31.372379 29.076743 -0.001657 1.490050 -0.011614 -0.012909
14.179000 31.372375 29.076696 -0.001657 1.490050 -0.011604 -0.012897
14.199000 31.372371 29.076648 -0.001657 1.490050 -0.011594 -0.012886
14.219000 31.372368 29.076601 -0.001657 1.490050 -0.011584 -0.012875
14.239000 31.372364 29.076553 -0.001657 1.490050 -0.011574 -0.012864
14.259000 31.372360 29.076506 -0.001657 1.490050 -0.011564 -0.012853
14.279000 31.372356 29.076458 -0.001657 1.490050 -0.011554 -0.012842
14.299000 31.372352 29.076411 -0.001657 1.490050 -0.011544 -0.012831
14.319000 31.372349 29.076364 -0.001657 1.490050 -0.011534 -0.012820
14.339000 31.372345 29.076317 -0.001657 1.490050 -0.011524 -0.012808
14.359000 31.372341 29.076269 -0.001657 1.490050 -0.011514 -0.012797
14.379000 31.372337 29.076222 -0.001657 1.490050 -0.011504 -0.012786
14.399000 31.372333 29.076175 -0.001657 1.490050 -0.011494 -0.012775
14.419000 31.372330 29.076128 -0.001657 1.490050 -0.011484 -0.012764
14.439000 31.372326 29.076081 -0.001657 1.490050 -0.011474 -0.012753
14.459000 31.372322 29.076034 -0.001657 1.490050 -0.011465 -0.012742
14.479000 31.372318 29.075987 -0.001657 1.490050 -0.011455 -0.012731
14.499000 31.372314 29.075940 -0.001657 1.490050 -0.011445 -0.012720
14.519000 31.372311 29.075894 -0.001657 1.490050 -0.011435 -0.012709
14.539000 31.372307 29.075847 -0.001657 1.490050 -0.011425 -0.012698
14.559000 31.372303 29.075800 -0.001657 1.490050 -0.011415 -0.012687
14.579000 31.372299 29.075753 -0.001657 1.490050 -0.011405 -0.012676
14.599000 31.372295 29.075707 -0.001657 1.490050 -0.011396 -0.012665
14.619000 31.372292 29.075660 -0.001657 1.490050 -0.011386 -0.012654
14.639000 31.372288 29.075613 -0.001657 1.490050 -0.011376 -0.012643
14.659000 31.372284 29.075567 -0.001657 1.490050 -0.011366 -0.012632
14.679000 31.372280 29.075520 -0.001657 1.490050 -0.011356 -0.012621
14.699000 31.372277 29.075474 -0.001657 1.490050 -0.011346 -0.012610
14.719000 31.372273 29.075427 -0.001657 1.490050 -0.011337 -0.012599
14.739000 31.372269 29.075381 -0.001657 1.490050 -0.011327 -0.012589
14.759000 31.372265 29.075335 -0.001657 1.490050 -0.011317 -0.012578
14.779000 31.372262 29.075288 -0.001657 1.490050 -0.011307 -0.012567
14.799000 31.372258 29.075242 -0.001657 1.490050 -0.011297 -0.012556
14.819000 31.372254 29.075196 -0.001657 1.490050 -0.011288 -0.012545
14.839000 31.372250 29.075150 -0.001657 1.490050 -0.011278 -0.012534
14.859000 31.372247 29.075104 -0.001657 1.490050 -0.011268 -0.012523
14.879000 31.372243 29.075057 -0.001657 1.490050 -0.011258 -0.012512
14.899000 31.372239 29.075011 -0.001657 1.490050 -0.011249 -0.012502
14.919000 31.372236 29.074965 -0.001657 1.490050 -0.011239 -0.012491
14.939000 31.372232 29.074919 -0.001657 1.490050 -0.011229 -0.012480
14.959000 31.372228 29.074874 -0.001657 1.490050 -0.011220 -0.012469
14.979000 31.372224 29.074828 -0.001657 1.490050 -0.011210 -0.012458
14.999000 31.372221 29.074782 -0.001657 1.490050 -0.011200 -0.012447
15.019000 31.372217 29.074736 -0.001657 1.490050 -0.011191 -0.012437
15.039000 31.372213 29.074690 -0.001657 1.490050 -0.011181 -0.012426
15.059000 31.372210 29.074645 -0.001657 1.490050 -0.011171 -0.012415
15.079000 31.372206 29.074599 -0.001657 1.490050 -0.011162 -0.012404
15.099000 31.372202 29.074553 -0.001657 1.490050 -0.011152 -0.012394
15.119000 31.372199 29.074508 -0.001657 1.490050 -0.011142 -0.012383
15.139000 31.372195 29.074462 -0.001657 1.490050 -0.011133 -0.012372
15.159000 31.372191 29.074417 -0.001657 1.490050 -0.011123 -0.012361
15.179000 31.372188 29.074371 -0.001657 1.490050 -0.011113 -0.012351
15.199000 31.372184 29.074326 -0.001657 1.490050 -0.011104 -0.012340
15.219000 31.372180 29.074280 -0.001657 1.490050 -0.011094 -0.012329
15.239000 31.372177 29.074235 -0.001657 1.490050 -0.011085 -0.012319
15.259000 31.372173 29.074190 -0.001657 1.490050 -0.011075 -0.012308
