# stamp x y z yaw linear_v angular_v
0.179000 0.000000 0.000000 -0.000709 0.000000 0.000001 -0.000009
0.199000 0.000001 0.000000 -0.001311 0.000000 -0.000010 -0.000003
0.219000 0.000002 0.000000 -0.001549 0.000000 -0.000020 -0.000004
0.239000 0.000004 0.000000 -0.001626 0.000000 -0.000025 -0.000004
0.259000 0.000006 0.000000 -0.001648 0.000000 -0.000027 -0.000004
0.279000 0.000008 0.000000 -0.001655 0.000000 -0.000028 -0.000004
0.299000 0.000009 0.000000 -0.001657 0.000000 -0.000028 -0.000004
0.319000 0.000011 0.000000 -0.001657 0.000000 -0.000028 -0.000004
0.339000 0.000013 0.000000 -0.001657 0.000000 -0.000028 -0.000004
0.359000 0.000015 0.000000 -0.001657 0.000000 -0.000028 -0.000004
0.379000 0.000016 0.000000 -0.001657 0.000000 -0.000028 -0.000004
0.399000 0.000018 0.000000 -0.001657 0.000000 -0.000028 -0.000004
0.419000 0.000020 0.000000 -0.001657 0.000000 -0.000028 -0.000004
0.439000 0.000022 0.000000 -0.001657 0.000000 -0.000028 -0.000004
0.459000 0.000023 0.000000 -0.001657 0.000000 -0.000028 -0.000004
0.479000 0.000025 0.000000 -0.001657 0.000000 -0.000028 -0.000004
0.499000 0.000027 0.000000 -0.001657 0.000000 -0.000028 -0.000004
0.519000 0.000029 0.000000 -0.001657 0.000000 -0.000028 -0.000004
0.539000 0.000030 0.000000 -0.001657 0.000000 -0.000028 -0.000004
0.559000 0.000032 0.000000 -0.001657 0.000000 -0.000028 -0.000004
0.579000 0.000034 0.000000 -0.001657 0.000000 -0.000028 -0.000004
0.599000 0.000036 0.000000 -0.001657 0.000000 -0.000028 -0.000004
0.619000 0.000037 0.000000 -0.001657 0.000000 -0.000028 -0.000004
0.639000 0.000039 0.000000 -0.001657 0.000000 -0.000028 -0.000004
0.659000 0.000041 0.000000 -0.001657 0.000000 -0.000028 -0.000004
0.679000 0.000043 0.000000 -0.001657 0.000000 -0.000028 -0.000004
0.699000 0.000044 0.000000 -0.001657 0.000000 -0.000028 -0.000004
0.719000 0.000046 0.000000 -0.001657 0.000000 -0.000028 -0.000004
0.739000 0.000048 0.000000 -0.001657 0.000000 -0.000028 -0.000004
0.759000 0.000050 0.000000 -0.001657 0.000000 -0.000028 -0.000004
0.779000 0.000051 0.000000 -0.001657 0.000000 -0.000028 -0.000004
0.799000 0.000053 0.000000 -0.001657 0.000000 -0.000028 -0.000004
0.819000 0.000055 0.000000 -0.001657 0.000000 -0.000028 -0.000004
0.839000 0.000057 0.000000 -0.001657 0.000000 -0.000028 -0.000004
0.859000 0.002449 -0.000027 -0.001654 -0.000028 0.109005 -0.003195
0.879000 0.006860 -0.000126 -0.001653 -0.000124 0.206993 -0.005255
0.899000 0.013168 -0.000200 -0.001654 -0.000182 0.302920 0.004230
0.919000 0.021373 -0.000025 -0.001655 0.000015 0.398595 0.009946
0.939000 0.031491 0.000124 -0.001656 0.000161 0.494475 0.006114
0.959000 0.043525 0.000252 -0.001656 0.000271 0.590252 0.005542
0.979000 0.057473 0.000412 -0.001656 0.000400 0.685980 0.007070
0.999000 0.073336 0.000541 -0.001656 0.000482 0.781675 -0.003446
1.019000 0.091112 0.000443 -0.001656 0.000330 0.877414 -0.006412
1.039000 0.110804 0.000413 -0.001656 0.000264 0.973192 -0.002274
1.059000 0.132412 0.000387 -0.001656 0.000209 1.068939 -0.003103
1.079000 0.155934 0.000347 -0.001656 0.000146 1.164685 -0.002979
1.099000 0.181370 0.000253 -0.001656 0.000034 1.260258 -0.012210
1.119000 0.208717 -0.000070 -0.001656 -0.000293 1.355915 -0.015493
1.139000 0.237979 -0.000360 -0.001656 -0.000550 1.451661 -0.010475
1.159000 0.269138 -0.000007 -0.001656 -0.000123 1.545999 0.040005
1.179000 0.302205 0.000621 -0.001656 0.000514 1.642166 0.021171
1.199000 0.337178 0.000723 -0.001656 0.000543 1.735620 -0.036846
1.219000 0.374010 -0.000479 -0.001656 -0.000724 1.830267 -0.058120
1.239000 0.412773 -0.001349 -0.001656 -0.001506 1.926792 -0.028164
1.259000 0.453388 -0.000843 -0.001656 -0.000805 2.017105 0.075239
1.279000 0.495848 0.001030 -0.001655 0.001156 2.112329 0.078697
1.299000 0.540220 0.001673 -0.001656 0.001638 2.204714 -0.013849
1.319000 0.586365 0.000062 -0.001648 -0.000182 2.293898 -0.115008
1.339000 0.634333 -0.002918 -0.001646 -0.003139 2.387153 -0.124579
1.359000 0.684087 -0.003717 -0.001602 -0.003540 2.474318 0.002861
1.379000 0.735593 -0.001898 -0.001354 -0.001298 2.563791 0.116034
1.399000 0.788901 0.001465 -0.001357 0.002207 2.655035 0.173915
1.419000 0.844147 0.004038 -0.001522 0.004502 2.754357 0.072914
1.439000 0.901395 0.005091 -0.001607 0.005040 2.851967 0.019423
1.459000 0.960533 0.004878 -0.001640 0.004244 2.944487 -0.080430
1.479000 1.021551 0.003439 -0.001650 0.002338 3.040037 -0.077486
1.499000 1.084506 0.002810 -0.001654 0.001467 3.136683 -0.012489
1.519000 1.149384 0.002986 -0.001655 0.001482 3.232365 -0.007656
1.539000 1.216171 0.002717 -0.001656 0.001044 3.327878 -0.025643
1.559000 1.284872 0.002426 -0.001656 0.000639 3.423592 -0.016596
1.579000 1.355486 0.002141 -0.001656 0.000282 3.519200 -0.019587
1.599000 1.428006 0.001576 -0.001656 -0.000322 3.613789 -0.052659
1.619000 1.502410 0.000069 -0.001656 -0.001799 3.708614 -0.074248
1.639000 1.578730 -0.001343 -0.001656 -0.003004 3.804274 -0.048319
1.659000 1.656893 -0.001065 -0.001653 -0.002358 3.895276 0.058708
1.679000 1.736878 0.001332 -0.001634 0.000320 3.986705 0.156540
1.699000 1.818708 0.004209 -0.001641 0.003129 4.078704 0.107883
1.719000 1.902384 0.004371 -0.001482 0.002902 4.172895 -0.027588
1.739000 1.987928 0.002379 -0.001301 0.000567 4.266577 -0.125697
1.759000 2.075341 -0.000357 -0.001426 -0.002215 4.361082 -0.104864
1.779000 2.164690 -0.001497 -0.001567 -0.003079 4.458007 -0.003641
1.799000 2.255977 -0.001666 -0.001626 -0.002899 4.553243 0.026197
1.819000 2.349175 -0.001217 -0.001647 -0.002127 4.648676 0.035913
1.839000 2.444289 -0.000900 -0.001653 -0.001578 4.744295 0.025957
1.859000 2.541297 0.000177 -0.001655 -0.000311 4.838298 0.086771
1.879000 2.640207 0.001726 -0.001656 0.001266 4.934246 0.066269
1.899000 2.741016 0.002599 -0.001656 0.001975 5.027494 0.002564
1.919000 2.843655 0.001172 -0.001634 0.000296 5.119804 -0.103605
1.939000 2.948142 -0.002104 -0.001622 -0.003033 5.212322 -0.177345
1.959000 3.054549 -0.004659 -0.001639 -0.005209 5.309926 -0.065176
1.979000 3.162845 -0.005456 -0.001647 -0.005403 5.407844 0.007811
1.999000 3.272680 -0.006303 -0.001652 -0.005581 5.502262 0.008790
2.019000 3.383651 -0.005997 -0.001655 -0.004696 5.559706 0.049827
2.039000 3.494801 -0.005766 -0.001656 -0.003896 5.556301 0.040336
2.059000 3.605939 -0.004604 -0.001657 -0.002272 5.556847 0.098298
2.079000 3.717086 -0.003103 -0.001657 -0.000467 5.556915 0.084584
2.099000 3.828226 -0.001554 -0.001657 0.001184 5.556306 0.083084
2.119000 3.939356 0.000222 -0.001657 0.002873 5.555575 0.085271
2.139000 4.050477 0.002176 -0.001657 0.004539 5.554873 0.077056
2.159000 4.161588 0.002489 -0.001656 0.004348 5.555101 -0.054109
2.179000 4.272664 0.001555 -0.001655 0.002964 5.552742 -0.057885
2.199000 4.383749 0.001049 -0.001656 0.002049 5.554459 -0.051052
2.219000 4.494839 0.000190 -0.001657 0.000949 5.554317 -0.054998
2.239000 4.605927 -0.000757 -0.001657 -0.000142 5.554241 -0.058893
2.259000 4.717000 -0.002659 -0.001657 -0.002066 5.553505 -0.112860
2.279000 4.828068 -0.004921 -0.001657 -0.004159 5.553419 -0.098678
2.299000 4.939134 -0.006491 -0.001658 -0.005203 5.553423 -0.015298
2.319000 5.050252 -0.005504 -0.001652 -0.003723 5.556406 0.102821
2.339000 5.161358 -0.003700 -0.001651 -0.001489 5.552301 0.094098
2.359000 5.272466 -0.003506 -0.001654 -0.001032 5.556639 -0.004503
2.379000 5.383588 -0.003465 -0.001656 -0.000875 5.555793 0.017429
2.399000 5.494709 -0.002855 -0.001657 -0.000130 5.556645 0.072881
2.419000 5.605848 -0.001212 -0.001657 0.001523 5.556771 0.079961
2.439000 5.717006 0.000352 -0.001657 0.002938 5.558696 0.061815
2.459000 5.828149 -0.000151 -0.001655 0.002066 5.559495 -0.075715
2.479000 5.939223 -0.002837 -0.001646 -0.000804 5.550780 -0.167673
2.499000 6.050207 -0.005447 -0.001649 -0.003288 5.547379 -0.093924
2.519000 6.161254 -0.005407 -0.001648 -0.002994 5.556415 0.047554
2.539000 6.272368 -0.004155 -0.001647 -0.001451 5.552502 0.079520
2.559000 6.383477 -0.003680 -0.001653 -0.000732 5.556445 0.019837
2.579000 6.494603 -0.003277 -0.001656 -0.000230 5.556125 0.028744
2.599000 6.605726 -0.002329 -0.001657 0.000807 5.556337 0.093796
2.619000 6.716864 -0.000035 -0.001657 0.003009 5.556660 0.108278
2.639000 6.828003 0.002152 -0.001657 0.004911 5.556180 0.084036
2.659000 6.939123 0.002288 -0.001655 0.004457 5.558096 -0.054689
2.679000 7.050203 0.000262 -0.001645 0.001999 5.550823 -0.146990
2.699000 7.161207 -0.001742 -0.001649 -0.000247 5.548118 -0.070018
2.719000 7.272277 -0.001555 -0.001653 -0.000171 5.553829 0.036710
2.739000 7.383364 -0.001345 -0.001655 0.000083 5.555142 -0.008125
2.759000 7.494484 -0.000622 -0.001656 0.000828 5.556680 0.056306
2.779000 7.605620 0.000459 -0.001657 0.001841 5.556459 0.045030
2.799000 7.716737 0.000887 -0.001657 0.001970 5.555329 -0.029003
2.819000 7.827820 -0.001258 -0.001652 -0.000329 5.553264 -0.146130
2.839000 7.938841 -0.004356 -0.001651 -0.003409 5.550083 -0.137824
2.859000 8.049876 -0.005131 -0.001651 -0.003816 5.552890 0.008559
2.879000 8.160997 -0.003743 -0.001636 -0.002094 5.553834 0.108465
2.899000 8.272071 -0.002161 -0.001644 -0.000250 5.550565 0.048171
2.919000 8.383195 -0.002017 -0.001652 0.000033 5.556676 0.015822
2.939000 8.494317 -0.001516 -0.001655 0.000517 5.555994 0.031309
2.959000 8.605450 -0.000128 -0.001657 0.001866 5.556583 0.080767
2.979000 8.716587 0.001525 -0.001657 0.003355 5.556691 0.069848
2.999000 8.827712 0.002585 -0.001657 0.003948 5.555901 -0.006976
3.019000 8.938811 0.001066 -0.001652 0.002076 5.553614 -0.123844
3.039000 9.049842 -0.001371 -0.001651 -0.000607 5.549792 -0.117966
3.059000 9.160902 -0.002216 -0.001655 -0.001498 5.554471 -0.015072
3.079000 9.271995 -0.002920 -0.001656 -0.002051 5.554698 -0.037892
3.099000 9.383090 -0.003448 -0.001657 -0.002282 5.554564 0.036502
3.119000 9.494223 -0.002285 -0.001657 -0.000935 5.556862 0.068258
3.139000 9.605362 -0.001379 -0.001657 0.000146 5.556523 0.053306
3.159000 9.716496 0.000497 -0.001657 0.002042 5.556362 0.113502
3.179000 9.827637 0.002766 -0.001657 0.004143 5.556491 0.098549
3.199000 9.938765 0.004425 -0.001657 0.005259 5.556317 0.018698
3.219000 10.049878 0.003512 -0.001652 0.003863 5.553713 -0.099352
3.239000 10.160917 0.001718 -0.001651 0.001639 5.549475 -0.095096
3.259000 10.271978 0.001532 -0.001655 0.001164 5.554733 0.002712
3.279000 10.383083 0.001494 -0.001656 0.000994 5.555261 -0.017804
3.299000 10.494181 0.000902 -0.001657 0.000251 5.553964 -0.073359
3.319000 10.605259 -0.000746 -0.001657 -0.001413 5.553766 -0.080701
3.339000 10.716335 -0.002302 -0.001657 -0.002847 5.553291 -0.062233
3.359000 10.827408 -0.001811 -0.001656 -0.001976 5.554226 0.074761
3.379000 10.938536 0.000893 -0.001645 0.000889 5.553838 0.167157
3.399000 11.049612 0.003515 -0.001649 0.003374 5.550337 0.093922
3.419000 11.160695 0.003477 -0.001647 0.003083 5.555311 -0.047481
3.439000 11.271759 0.002215 -0.001646 0.001534 5.550168 -0.080559
3.459000 11.382823 0.001746 -0.001652 0.000803 5.555296 -0.019811
3.479000 11.493926 0.001351 -0.001655 0.000300 5.554891 -0.028881
3.499000 11.605017 0.000414 -0.001657 -0.000741 5.553669 -0.093990
3.519000 11.716085 -0.001878 -0.001657 -0.002940 5.553542 -0.108410
3.539000 11.827152 -0.004057 -0.001657 -0.004843 5.553035 -0.083871
3.559000 11.938228 -0.004188 -0.001656 -0.004386 5.554953 0.054524
3.579000 12.049360 -0.002147 -0.001646 -0.001928 5.553766 0.147345
3.599000 12.160442 -0.000135 -0.001649 0.000315 5.551061 0.069272
3.619000 12.271546 -0.000321 -0.001652 0.000241 5.555254 -0.035283
3.639000 12.382644 -0.000511 -0.001654 0.000009 5.555287 0.017788
3.659000 12.493771 0.000433 -0.001656 0.000921 5.556747 0.050379
3.679000 12.604903 0.001414 -0.001657 0.001834 5.556376 0.043412
3.699000 12.716021 0.001837 -0.001657 0.001946 5.555293 -0.030858
3.719000 12.827103 -0.000319 -0.001652 -0.000355 5.553264 -0.145870
3.739000 12.938124 -0.003413 -0.001651 -0.003423 5.550254 -0.135546
3.759000 13.049165 -0.004136 -0.001649 -0.003775 5.553463 0.011639
3.779000 13.160287 -0.002707 -0.001628 -0.002027 5.553515 0.108808
3.799000 13.271360 -0.001151 -0.001640 -0.000219 5.550381 0.045341
3.819000 13.382484 -0.001029 -0.001650 0.000052 5.556619 0.015956
3.839000 13.493600 -0.000522 -0.001655 0.000535 5.553540 0.035460
3.859000 13.604723 0.000910 -0.001656 0.001921 5.556640 0.080464
3.879000 13.715861 0.002555 -0.001657 0.003398 5.556650 0.069262
3.899000 13.826986 0.003618 -0.001657 0.003982 5.555912 -0.008167
3.919000 13.938085 0.002097 -0.001652 0.002108 5.553634 -0.123306
3.939000 14.049117 -0.000348 -0.001651 -0.000576 5.549857 -0.117952
3.959000 14.160176 -0.001195 -0.001655 -0.001480 5.554442 -0.016283
3.979000 14.271269 -0.001893 -0.001656 -0.002035 5.554688 -0.037878
3.999000 14.382364 -0.002437 -0.001657 -0.002272 5.554568 0.036637
4.019000 14.493497 -0.001269 -0.001657 -0.000936 5.556849 0.067813
4.039000 14.604636 -0.000368 -0.001657 0.000148 5.556523 0.053190
4.059000 14.715770 0.001502 -0.001657 0.002038 5.556368 0.113116
4.079000 14.826911 0.003771 -0.001657 0.004138 5.556467 0.098517
4.099000 14.938039 0.005428 -0.001657 0.005247 5.556260 0.017464
4.119000 15.049151 0.004508 -0.001652 0.003849 5.553742 -0.098449
4.139000 15.160190 0.002705 -0.001651 0.001629 5.549524 -0.094617
4.159000 15.271252 0.002517 -0.001655 0.001145 5.554737 0.001511
4.179000 15.382356 0.002480 -0.001656 0.000972 5.555254 -0.017704
4.199000 15.493474 0.001841 -0.001657 0.000182 5.554475 -0.074588
4.219000 15.604552 0.000201 -0.001657 -0.001460 5.553747 -0.079285
4.239000 15.715628 -0.001351 -0.001657 -0.002883 5.553335 -0.061868
4.259000 15.826701 -0.000864 -0.001656 -0.002005 5.554264 0.075633
4.279000 15.937830 0.001848 -0.001644 0.000860 5.553902 0.166517
4.299000 16.048906 0.004476 -0.001649 0.003348 5.550371 0.093718
4.319000 16.159990 0.004438 -0.001646 0.003061 5.555335 -0.047192
4.339000 16.271054 0.003162 -0.001646 0.001518 5.550191 -0.080241
4.359000 16.382118 0.002696 -0.001652 0.000784 5.555295 -0.019866
4.379000 16.493221 0.002306 -0.001655 0.000286 5.554896 -0.028633
4.399000 16.604312 0.001372 -0.001657 -0.000754 5.553677 -0.094447
4.419000 16.715381 -0.000921 -0.001657 -0.002946 5.553533 -0.108068
4.439000 16.826448 -0.003082 -0.001657 -0.004809 5.552988 -0.078751
4.459000 16.937525 -0.003113 -0.001655 -0.004272 5.555146 0.059873
4.479000 17.048658 -0.001020 -0.001643 -0.001783 5.553506 0.148349
4.499000 17.159738 0.000966 -0.001648 0.000417 5.551014 0.065400
4.519000 17.270843 0.000766 -0.001652 0.000330 5.555255 -0.032296
4.539000 17.381942 0.000636 -0.001654 0.000125 5.555256 0.001430
4.559000 17.493039 -0.000138 -0.001656 -0.000691 5.553963 -0.055708
4.579000 17.604123 -0.001196 -0.001657 -0.001697 5.554423 -0.044842
4.599000 17.715208 -0.001614 -0.001657 -0.001822 5.553386 0.030577
4.619000 17.826321 0.000550 -0.001653 0.000469 5.556020 0.145476
4.639000 17.937432 0.003670 -0.001652 0.003542 5.553556 0.137379
4.659000 18.048534 0.004460 -0.001650 0.003950 5.556356 -0.009636
4.679000 18.159626 0.003062 -0.001632 0.002224 5.551031 -0.106887
4.699000 18.270632 0.001465 -0.001642 0.000353 5.547367 -0.049999
4.719000 18.381714 0.001341 -0.001651 0.000061 5.554728 -0.015929
4.739000 18.492810 0.000845 -0.001655 -0.000427 5.552542 -0.034357
4.759000 18.603883 -0.000557 -0.001657 -0.001795 5.553764 -0.080138
4.779000 18.714960 -0.002193 -0.001657 -0.003276 5.553669 -0.069614
4.799000 18.826032 -0.003202 -0.001658 -0.003825 5.553135 0.010366
4.819000 18.937147 -0.001627 -0.001653 -0.001913 5.556399 0.125467
4.839000 19.048258 0.000831 -0.001652 0.000773 5.552981 0.117570
4.859000 19.159378 0.001697 -0.001654 0.001668 5.556900 0.015805
4.879000 19.270511 0.002405 -0.001656 0.002212 5.556111 0.037479
4.899000 19.381658 0.002915 -0.001657 0.002395 5.557545 -0.040558
4.919000 19.492748 0.001746 -0.001656 0.001041 5.553715 -0.067140
4.939000 19.603832 0.000862 -0.001657 -0.000037 5.554347 -0.053480
4.959000 19.714905 -0.001002 -0.001657 -0.001932 5.553491 -0.113203
4.979000 19.825974 -0.003260 -0.001657 -0.004035 5.553423 -0.098510
4.999000 19.936929 -0.004261 -0.001644 -0.004353 5.545716 -0.010635
5.019000 20.047782 -0.001692 -0.001466 -0.001275 5.544232 0.137057
5.039000 20.158702 0.003557 -0.001361 0.004129 5.544317 0.275245
5.059000 20.269689 0.010886 -0.001349 0.011022 5.542959 0.362742
5.079000 20.380706 0.019475 -0.001487 0.018550 5.551308 0.387340
5.099000 20.491782 0.028026 -0.001593 0.025297 5.554823 0.315412
5.119000 20.602852 0.036709 -0.001637 0.031357 5.552518 0.313314
5.139000 20.713839 0.046427 -0.001651 0.037784 5.545263 0.339229
5.159000 20.824394 0.059699 -0.001580 0.047059 5.520250 0.457871
5.179000 20.934669 0.076334 -0.001336 0.058590 5.509754 0.570298
5.199000 21.044711 0.094837 -0.001301 0.070710 5.496527 0.600367
5.219000 21.154884 0.112718 -0.001485 0.080940 5.515968 0.477527
5.239000 21.265220 0.129973 -0.001595 0.089577 5.519481 0.432620
5.259000 21.375548 0.147539 -0.001638 0.097385 5.525472 0.384056
5.279000 21.485832 0.165529 -0.001651 0.104806 5.520339 0.386212
5.299000 21.595957 0.184620 -0.001655 0.112484 5.512318 0.403697
5.319000 21.705932 0.204700 -0.001656 0.120317 5.506311 0.406452
5.339000 21.815794 0.225594 -0.001657 0.128155 5.498788 0.409394
5.359000 21.925041 0.249753 -0.001618 0.138399 5.452358 0.526920
5.379000 22.033299 0.277196 -0.001361 0.150848 5.402678 0.630015
5.399000 22.141050 0.306305 -0.001318 0.163545 5.385821 0.631769
5.419000 22.249074 0.334236 -0.001495 0.173659 5.414979 0.476671
5.439000 22.357263 0.361305 -0.001597 0.182027 5.396441 0.437885
5.459000 22.465044 0.389568 -0.001637 0.190529 5.387012 0.457697
5.479000 22.572610 0.418949 -0.001650 0.199273 5.379602 0.464856
5.499000 22.679756 0.450142 -0.001654 0.209035 5.343681 0.521261
5.519000 22.785694 0.485718 -0.001447 0.221765 5.280079 0.646541
5.539000 22.890709 0.523823 -0.001277 0.235946 5.241645 0.716535
5.559000 22.995358 0.562965 -0.001378 0.249899 5.237896 0.706393
5.579000 23.100310 0.601788 -0.001544 0.261976 5.261081 0.587575
5.599000 23.205231 0.640654 -0.001619 0.272419 5.250779 0.479183
5.619000 23.310551 0.677636 -0.001641 0.279912 5.264230 0.340127
5.639000 23.415459 0.714648 -0.001649 0.286845 5.225035 0.376627
5.659000 23.520214 0.751880 -0.001653 0.292986 5.245418 0.284726
5.679000 23.625039 0.788785 -0.001655 0.298229 5.231347 0.278804
5.699000 23.729083 0.827593 -0.001647 0.305027 5.174436 0.354826
5.719000 23.831669 0.870714 -0.001452 0.315119 5.121609 0.498246
5.739000 23.933317 0.916812 -0.001336 0.327472 5.069812 0.616759
5.759000 24.034234 0.964929 -0.001384 0.340510 5.034320 0.663911
5.779000 24.134987 1.013469 -0.001540 0.352894 5.043249 0.590279
5.799000 24.235781 1.062044 -0.001617 0.363915 5.048820 0.519275
5.819000 24.336569 1.110587 -0.001645 0.373726 5.032730 0.489417
5.839000 24.436707 1.160342 -0.001653 0.383727 4.999727 0.505705
5.859000 24.537397 1.208751 -0.001651 0.390812 5.048758 0.303199
5.879000 24.638814 1.254993 -0.001620 0.395301 5.079974 0.193865
5.899000 24.739593 1.302240 -0.001617 0.400949 5.013562 0.327295
5.919000 24.838507 1.353701 -0.001446 0.410178 4.946507 0.452674
5.939000 24.936101 1.408430 -0.001365 0.421421 4.863577 0.563671
5.959000 25.032532 1.465343 -0.001380 0.433931 4.809700 0.654565
5.979000 25.128225 1.523566 -0.001524 0.446775 4.784999 0.635567
5.999000 25.223938 1.581930 -0.001610 0.458425 4.799851 0.563501
6.019000 25.319358 1.640885 -0.001642 0.469399 4.766398 0.563055
6.039000 25.413983 1.701213 -0.001652 0.480683 4.723975 0.585011
6.059000 25.506320 1.764719 -0.001610 0.494783 4.572285 0.723903
6.079000 25.596106 1.831717 -0.001389 0.511327 4.464261 0.841147
6.099000 25.684823 1.900303 -0.001388 0.527724 4.453773 0.772181
6.119000 25.774895 1.966964 -0.001534 0.540269 4.525643 0.580016
6.139000 25.865229 2.032955 -0.001608 0.550773 4.487533 0.533994
6.159000 25.954499 2.100080 -0.001641 0.561393 4.448199 0.522270
6.179000 26.043109 2.167955 -0.001652 0.571913 4.409946 0.524944
6.199000 26.130936 2.236764 -0.001656 0.582506 4.370783 0.528458
6.219000 26.218012 2.306461 -0.001657 0.593086 4.334093 0.529475
6.239000 26.304319 2.377058 -0.001657 0.603687 4.292660 0.539560
6.259000 26.388567 2.450116 -0.001650 0.616526 4.172641 0.671194
6.279000 26.470467 2.525802 -0.001602 0.631119 4.068478 0.740728
6.299000 26.551515 2.602599 -0.001614 0.645465 4.080768 0.670320
6.319000 26.634243 2.677762 -0.001636 0.656106 4.154475 0.467290
6.339000 26.716756 2.753035 -0.001647 0.665638 4.086922 0.500472
6.359000 26.799532 2.827904 -0.001653 0.673426 4.174846 0.323099
6.379000 26.882822 2.902020 -0.001655 0.679743 4.136641 0.337249
6.399000 26.964026 2.978084 -0.001648 0.688476 4.037607 0.502544
6.419000 27.042263 3.057659 -0.001469 0.700799 3.912134 0.611136
6.439000 27.118184 3.139714 -0.001396 0.714590 3.776233 0.692304
6.459000 27.192649 3.223223 -0.001456 0.728897 3.701836 0.723717
6.479000 27.266708 3.307138 -0.001573 0.742541 3.704287 0.663349
6.499000 27.340904 3.390913 -0.001629 0.754257 3.728589 0.520820
6.519000 27.416800 3.472875 -0.001634 0.762317 3.807203 0.359493
6.539000 27.492606 3.554572 -0.001642 0.769304 3.761648 0.369219
6.559000 27.568205 3.636368 -0.001650 0.775445 3.796054 0.275827
6.579000 27.643941 3.717913 -0.001655 0.780828 3.770427 0.275250
6.599000 27.718170 3.800741 -0.001648 0.788222 3.695269 0.428959
6.619000 27.789430 3.886296 -0.001496 0.799311 3.565431 0.551126
6.639000 27.858148 3.974271 -0.001417 0.811645 3.428088 0.622054
6.659000 27.924981 4.063875 -0.001444 0.824738 3.327168 0.673582
6.679000 27.990659 4.154534 -0.001557 0.838252 3.270436 0.680129
6.699000 28.056016 4.245544 -0.001621 0.850900 3.273142 0.616154
6.719000 28.120661 4.336822 -0.001646 0.862740 3.203521 0.601913
6.739000 28.183964 4.428813 -0.001654 0.874743 3.139530 0.618292
6.759000 28.244353 4.522821 -0.001579 0.889725 3.002301 0.760993
6.779000 28.301717 4.619012 -0.001384 0.906279 2.853162 0.839331
6.799000 28.357052 4.716285 -0.001365 0.923051 2.769589 0.806886
6.819000 28.413543 4.813145 -0.001518 0.936735 2.847271 0.647621
6.839000 28.470443 4.909646 -0.001604 0.948471 2.823172 0.581587
6.859000 28.526618 5.006358 -0.001640 0.959351 2.806928 0.539050
6.879000 28.582054 5.103415 -0.001652 0.969939 2.752468 0.539904
6.899000 28.637183 5.200500 -0.001655 0.979257 2.780404 0.413668
6.919000 28.695234 5.295663 -0.001499 0.984221 2.920249 0.220554
6.939000 28.754749 5.389625 -0.001347 0.987035 2.960104 0.139627
6.959000 28.812208 5.484113 -0.001482 0.993809 2.877369 0.339856
6.979000 28.867204 5.579870 -0.001544 1.003582 2.749439 0.487049
6.999000 28.918951 5.677629 -0.001483 1.014238 2.566505 0.513250
7.019000 28.967749 5.777581 -0.001367 1.025568 2.419929 0.579346
7.039000 29.014395 5.878589 -0.001340 1.038275 2.314123 0.648535
7.059000 29.059438 5.980463 -0.001466 1.051703 2.221929 0.690382
7.079000 29.103086 6.083049 -0.001581 1.065088 2.164631 0.665073
7.099000 29.145274 6.186043 -0.001631 1.078820 2.075377 0.712412
7.119000 29.183767 6.290585 -0.001465 1.094956 1.910954 0.804448
7.139000 29.219485 6.396483 -0.001350 1.112278 1.767786 0.872723
7.159000 29.253808 6.503112 -0.001438 1.128974 1.713491 0.822520
7.179000 29.288156 6.609766 -0.001569 1.143989 1.711334 0.726407
7.199000 29.322558 6.716284 -0.001627 1.156886 1.745113 0.598053
7.219000 29.359586 6.821776 -0.001501 1.165618 1.867921 0.416264
7.239000 29.397809 6.926639 -0.001383 1.172108 1.909607 0.299007
7.259000 29.437126 7.030921 -0.001511 1.176389 1.994869 0.188682
7.279000 29.476812 7.134858 -0.001600 1.179821 1.960017 0.189913
7.299000 29.514321 7.239342 -0.001630 1.185723 1.870833 0.335588
7.319000 29.548842 7.344455 -0.001536 1.195692 1.719786 0.482657
7.339000 29.579977 7.450282 -0.001468 1.207181 1.549864 0.564814
7.359000 29.608042 7.557529 -0.001387 1.219508 1.385522 0.631621
7.379000 29.633455 7.665757 -0.001315 1.233146 1.241877 0.684473
7.399000 29.656807 7.774559 -0.001374 1.247477 1.144504 0.722716
7.419000 29.678649 7.883968 -0.001526 1.262014 1.068674 0.736069
7.439000 29.699536 7.993629 -0.001611 1.275909 1.027576 0.686517
7.459000 29.718256 8.103502 -0.001642 1.290403 0.888401 0.742501
7.479000 29.734264 8.213562 -0.001645 1.306058 0.755567 0.796028
7.499000 29.748083 8.324149 -0.001646 1.322061 0.662143 0.800223
7.519000 29.760919 8.435015 -0.001651 1.337426 0.622974 0.755458
7.539000 29.772522 8.545878 -0.001654 1.352339 0.547165 0.748492
7.559000 29.784719 8.656812 -0.001651 1.364599 0.635006 0.576886
7.579000 29.798291 8.767770 -0.001632 1.374389 0.680495 0.458136
7.599000 29.812273 8.878521 -0.001635 1.382075 0.716089 0.346301
7.619000 29.829488 8.988739 -0.001452 1.385703 0.870562 0.172713
7.639000 29.849081 9.098487 -0.001316 1.386849 0.992541 0.038698
7.659000 29.870038 9.207568 -0.001350 1.386407 1.047269 -0.034697
7.679000 29.891112 9.316473 -0.001513 1.385620 1.031026 -0.016256
7.699000 29.910077 9.425673 -0.001601 1.387346 0.912681 0.111811
7.719000 29.925375 9.535428 -0.001443 1.392483 0.743733 0.254313
7.739000 29.937988 9.645757 -0.001321 1.399634 0.610921 0.366322
7.759000 29.948304 9.756632 -0.001312 1.408528 0.493696 0.449185
7.779000 29.956566 9.867614 -0.001368 1.418527 0.387328 0.515169
7.799000 29.962482 9.978646 -0.001509 1.430073 0.248425 0.596175
7.819000 29.964442 10.090056 -0.001410 1.443849 0.074586 0.683373
7.839000 29.963804 10.201724 -0.001312 1.458903 -0.042205 0.734973
7.859000 29.964613 10.312712 -0.001421 1.470340 0.037364 0.575152
7.879000 29.967458 10.423508 -0.001553 1.478113 0.140155 0.402156
7.899000 29.972709 10.534214 -0.001536 1.482408 0.260704 0.215068
7.919000 29.980631 10.644901 -0.001387 1.483837 0.400025 0.052737
7.939000 29.991062 10.755466 -0.001315 1.483208 0.520599 -0.063691
7.959000 30.003928 10.865711 -0.001355 1.479818 0.656458 -0.201628
7.979000 30.019355 10.975717 -0.001332 1.474506 0.772520 -0.299354
7.999000 30.036195 11.085522 -0.001438 1.468365 0.860522 -0.326388
8.019000 30.053416 11.195350 -0.001568 1.462453 0.850490 -0.275092
8.039000 30.070283 11.305217 -0.001627 1.457291 0.843362 -0.261199
8.059000 30.085371 11.415305 -0.001634 1.454901 0.731846 -0.087208
8.079000 30.098054 11.525728 -0.001533 1.454943 0.619747 0.003628
8.099000 30.109086 11.636234 -0.001551 1.456737 0.517702 0.105042
8.119000 30.117095 11.747065 -0.001387 1.461691 0.386681 0.267934
8.139000 30.122924 11.858172 -0.001281 1.468170 0.284394 0.350533
8.159000 30.126054 11.969441 -0.001363 1.476840 0.133033 0.447333
8.179000 30.126333 12.080957 -0.001336 1.487171 0.005674 0.539793
8.199000 30.125987 12.192204 -0.001357 1.496833 0.008116 0.475971
8.219000 30.128024 12.302992 -0.001517 1.502692 0.104614 0.309098
8.239000 30.132441 12.413564 -0.001563 1.505128 0.217384 0.132234
8.259000 30.139519 12.524165 -0.001430 1.504729 0.357239 -0.046832
8.279000 30.149354 12.634704 -0.001293 1.502284 0.492008 -0.153075
8.299000 30.161008 12.745122 -0.001342 1.498207 0.589986 -0.246041
8.319000 30.174918 12.855322 -0.001382 1.492080 0.700480 -0.342928
8.339000 30.190417 12.965320 -0.001492 1.485251 0.790583 -0.370019
8.359000 30.207767 13.075024 -0.001591 1.477002 0.895193 -0.473157
8.379000 30.226765 13.184587 -0.001633 1.468107 0.940121 -0.460787
8.399000 30.245003 13.294341 -0.001641 1.461415 0.900863 -0.316312
8.419000 30.260281 13.404444 -0.001534 1.458576 0.772341 -0.142901
8.439000 30.272918 13.514850 -0.001447 1.458607 0.633685 0.005035
8.459000 30.282907 13.625564 -0.001359 1.460952 0.492910 0.151533
8.479000 30.290995 13.736543 -0.001317 1.464992 0.406907 0.218137
8.499000 30.297510 13.847531 -0.001455 1.470657 0.312378 0.321810
8.519000 30.300515 13.958686 -0.001413 1.478985 0.136169 0.428898
8.539000 30.300954 14.070196 -0.001313 1.488892 0.020448 0.512697
8.559000 30.298980 14.180960 -0.001308 1.500224 -0.107567 0.581193
8.579000 30.294668 14.291627 -0.001333 1.512517 -0.229139 0.632357
8.599000 30.289674 14.402062 -0.001462 1.523731 -0.240457 0.538963
8.619000 30.287299 14.512392 -0.001556 1.531143 -0.121079 0.378959
8.639000 30.287407 14.622757 -0.001519 1.535207 0.001798 0.206993
8.659000 30.290071 14.733039 -0.001481 1.536292 0.124748 0.055869
8.679000 30.295402 14.843174 -0.001464 1.534610 0.265377 -0.086600
8.699000 30.303564 14.953042 -0.001417 1.530234 0.405195 -0.220653
8.719000 30.314619 15.062651 -0.001467 1.523389 0.553367 -0.338224
8.739000 30.328851 15.171726 -0.001449 1.514251 0.721021 -0.455134
8.759000 30.344373 15.278961 -0.001486 1.505119 0.752512 -0.457532
8.779000 30.358575 15.385072 -0.001586 1.497709 0.672164 -0.353649
8.799000 30.371555 15.490555 -0.001632 1.492410 0.610435 -0.249176
8.819000 30.381462 15.596301 -0.001453 1.490862 0.474304 -0.064874
8.839000 30.389373 15.701785 -0.001278 1.491101 0.369515 -0.011391
8.859000 30.398736 15.806975 -0.001420 1.489893 0.497355 -0.089139
8.879000 30.411023 15.911943 -0.001501 1.486239 0.623027 -0.223101
8.899000 30.425365 16.016742 -0.001531 1.480697 0.730234 -0.312114
8.919000 30.442008 16.121243 -0.001543 1.473323 0.846339 -0.408595
8.939000 30.460234 16.225522 -0.001592 1.465287 0.911850 -0.409377
8.959000 30.475859 16.329880 -0.001588 1.460609 0.786115 -0.239432
8.979000 30.488877 16.434264 -0.001495 1.458940 0.663890 -0.065923
8.999000 30.499481 16.538073 -0.001417 1.459903 0.542299 0.062964
9.019000 30.507872 16.640514 -0.001335 1.462941 0.421811 0.181915
9.039000 30.514401 16.742503 -0.001313 1.467441 0.333459 0.250205
9.059000 30.518608 16.844621 -0.001364 1.474142 0.202268 0.349961
9.079000 30.520503 16.946922 -0.001320 1.482253 0.095887 0.436619
9.099000 30.520477 17.049267 -0.001386 1.491723 -0.008744 0.495998
9.119000 30.517831 17.151608 -0.001374 1.502724 -0.136124 0.573046
9.139000 30.513081 17.253859 -0.001354 1.514686 -0.235046 0.613689
9.159000 30.509809 17.355656 -0.001490 1.523110 -0.160351 0.435170
9.179000 30.509112 17.457323 -0.001565 1.528424 -0.038170 0.273744
9.199000 30.510954 17.558700 -0.001519 1.530636 0.088399 0.105270
9.219000 30.515287 17.659374 -0.001435 1.530210 0.210320 -0.027238
9.239000 30.521832 17.758596 -0.001371 1.527560 0.324666 -0.149527
9.259000 30.530985 17.857251 -0.001375 1.522397 0.469336 -0.266793
9.279000 30.542945 17.955235 -0.001361 1.515139 0.607948 -0.386155
9.299000 30.557135 18.052557 -0.001315 1.506340 0.718784 -0.459436
9.319000 30.572066 18.149587 -0.001466 1.497651 0.738900 -0.420746
9.339000 30.586316 18.246728 -0.001586 1.490155 0.694016 -0.362697
9.359000 30.598672 18.342411 -0.001618 1.485276 0.598506 -0.228342
9.379000 30.608949 18.436753 -0.001494 1.482968 0.495771 -0.099842
9.399000 30.617646 18.530472 -0.001507 1.482756 0.410730 0.025971
9.419000 30.623564 18.624326 -0.001470 1.485174 0.276863 0.139518
9.439000 30.628016 18.718069 -0.001505 1.488627 0.206447 0.188315
9.459000 30.630496 18.811924 -0.001588 1.494292 0.094463 0.299460
9.479000 30.630869 18.905885 -0.001620 1.501215 -0.010968 0.376000
9.499000 30.631439 18.999626 -0.001637 1.506996 0.031236 0.268868
9.519000 30.634887 19.092756 -0.001587 1.508904 0.148074 0.091833
9.539000 30.641062 19.185526 -0.001533 1.508013 0.298713 -0.035687
9.559000 30.649666 19.276549 -0.001427 1.505112 0.422670 -0.157975
9.579000 30.660459 19.366128 -0.001322 1.500070 0.538439 -0.280782
9.599000 30.672356 19.455034 -0.001331 1.494707 0.560975 -0.248344
9.619000 30.681527 19.544153 -0.001441 1.492567 0.449517 -0.076531
9.639000 30.688281 19.633418 -0.001340 1.492667 0.331841 0.010512
9.659000 30.695373 19.722472 -0.001437 1.491958 0.391585 -0.076754
9.679000 30.705193 19.811270 -0.001567 1.489266 0.510099 -0.177394
9.699000 30.716930 19.899917 -0.001623 1.484656 0.614415 -0.289132
9.719000 30.731264 19.988198 -0.001633 1.477727 0.734088 -0.386231
9.739000 30.747297 20.076275 -0.001638 1.469867 0.805152 -0.404668
9.759000 30.760637 20.164324 -0.001602 1.465229 0.673376 -0.239029
9.779000 30.771402 20.252292 -0.001506 1.463564 0.553910 -0.065305
9.799000 30.779775 20.339525 -0.001431 1.464458 0.429399 0.064085
9.819000 30.785980 20.425222 -0.001317 1.467426 0.314657 0.180262
9.839000 30.790643 20.510265 -0.001332 1.471548 0.236528 0.225553
9.859000 30.794743 20.595222 -0.001502 1.475805 0.212363 0.191443
9.879000 30.799607 20.679999 -0.001602 1.479027 0.239241 0.133405
9.899000 30.803714 20.764711 -0.001641 1.483070 0.169558 0.241889
9.919000 30.804812 20.849649 -0.001578 1.489924 0.048655 0.367031
9.939000 30.803713 20.934686 -0.001469 1.498088 -0.051891 0.442484
9.959000 30.799965 21.017596 -0.001458 1.508033 -0.198155 0.518678
9.979000 30.793859 21.099000 -0.001389 1.519323 -0.304947 0.588333
9.999000 30.787627 21.179543 -0.001489 1.529655 -0.300790 0.501780
10.019000 30.784171 21.259697 -0.001570 1.536380 -0.173111 0.351874
10.039000 30.783282 21.339729 -0.001548 1.539914 -0.048478 0.186116
10.059000 30.785082 21.419710 -0.001458 1.540508 0.093592 0.031670
10.079000 30.789497 21.499593 -0.001365 1.538536 0.229363 -0.119892
10.099000 30.796298 21.579330 -0.001306 1.534277 0.348573 -0.239844
10.119000 30.804845 21.658920 -0.001356 1.528606 0.441583 -0.299555
10.139000 30.813993 21.738505 -0.001519 1.522862 0.452354 -0.264225
10.159000 30.823381 21.818016 -0.001608 1.516986 0.502707 -0.307035
10.179000 30.833712 21.897345 -0.001641 1.510663 0.525262 -0.317403
10.199000 30.844482 21.976590 -0.001652 1.504327 0.558126 -0.340813
10.219000 30.856441 22.055659 -0.001655 1.497345 0.607647 -0.371294
10.239000 30.868920 22.134654 -0.001656 1.490447 0.616459 -0.349471
10.259000 30.879915 22.211894 -0.001655 1.485426 0.521441 -0.224729
10.279000 30.889107 22.287738 -0.001644 1.482605 0.429280 -0.110215
10.299000 30.897105 22.362739 -0.001649 1.481466 0.362937 -0.015700
10.319000 30.902427 22.437679 -0.001646 1.482833 0.240473 0.089592
10.339000 30.906457 22.512395 -0.001645 1.485263 0.197270 0.127392
10.359000 30.910531 22.587149 -0.001651 1.487784 0.200856 0.116486
10.379000 30.914578 22.661891 -0.001655 1.490046 0.195098 0.108125
10.399000 30.919415 22.736457 -0.001654 1.490969 0.271077 0.021885
10.419000 30.927954 22.810613 -0.001441 1.488367 0.436419 -0.138766
10.439000 30.938890 22.884589 -0.001291 1.483575 0.553632 -0.253533
10.459000 30.947803 22.958077 -0.001411 1.480869 0.439840 -0.132602
10.479000 30.954081 23.031087 -0.001516 1.480970 0.326500 0.020570
10.499000 30.957922 23.102618 -0.001437 1.483603 0.203074 0.146020
10.519000 30.959541 23.172674 -0.001318 1.488204 0.084963 0.258542
10.539000 30.959496 23.242301 -0.001311 1.494062 0.002599 0.316160
10.559000 30.959794 23.311789 -0.001479 1.498980 0.052616 0.196889
10.579000 30.961966 23.381123 -0.001591 1.501874 0.117797 0.120922
10.599000 30.964691 23.450356 -0.001636 1.503851 0.153787 0.041803
10.619000 30.969932 23.519390 -0.001643 1.503158 0.276362 -0.071683
10.639000 30.976531 23.588227 -0.001644 1.501527 0.345950 -0.086682
10.659000 30.984135 23.657051 -0.001651 1.498682 0.409100 -0.146197
10.679000 30.991959 23.725860 -0.001655 1.495810 0.399689 -0.118094
10.699000 31.000174 23.794662 -0.001656 1.492453 0.454189 -0.213740
10.719000 31.010537 23.863132 -0.001654 1.487191 0.548926 -0.297584
10.739000 31.021592 23.931454 -0.001655 1.481780 0.535636 -0.241601
10.759000 31.029553 23.998739 -0.001573 1.480093 0.415023 -0.072200
10.779000 31.034945 24.064854 -0.001445 1.480754 0.283168 0.042027
10.799000 31.038046 24.129647 -0.001380 1.483530 0.161559 0.158933
10.819000 31.039135 24.193296 -0.001304 1.488055 0.061577 0.252241
10.839000 31.039101 24.256693 -0.001392 1.493309 -0.009728 0.277234
10.859000 31.040120 24.319966 -0.001546 1.497040 0.077985 0.120814
10.879000 31.042951 24.383106 -0.001617 1.499072 0.140833 0.091144
10.899000 31.046005 24.446251 -0.001644 1.500562 0.174173 0.015794
10.919000 31.051246 24.509181 -0.001649 1.499656 0.280504 -0.078814
10.939000 31.057378 24.572009 -0.001651 1.498300 0.302783 -0.047850
10.959000 31.064040 24.634857 -0.001654 1.496071 0.362725 -0.128271
10.979000 31.071266 24.697638 -0.001656 1.493549 0.367465 -0.107370
10.999000 31.077308 24.760465 -0.001651 1.492772 0.286237 0.002278
11.019000 31.079691 24.823447 -0.001430 1.495380 0.117588 0.152406
11.039000 31.079776 24.886656 -0.001291 1.500060 0.009265 0.261099
11.059000 31.077676 24.947608 -0.001317 1.506428 -0.106694 0.346714
11.079000 31.073580 25.006653 -0.001368 1.514379 -0.209289 0.434004
11.099000 31.069583 25.064785 -0.001517 1.521488 -0.186010 0.344824
11.119000 31.068675 25.122647 -0.001552 1.525200 -0.036143 0.206389
11.139000 31.070477 25.180267 -0.001485 1.525883 0.096726 0.045182
11.159000 31.074928 25.237384 -0.001389 1.523959 0.238350 -0.108098
11.179000 31.081704 25.293942 -0.001307 1.519846 0.353035 -0.221591
11.199000 31.089277 25.350069 -0.001390 1.515232 0.340921 -0.213186
11.219000 31.094372 25.406385 -0.001544 1.513066 0.226583 -0.068860
11.239000 31.097858 25.462829 -0.001612 1.512594 0.163631 -0.010230
11.259000 31.102084 25.519209 -0.001641 1.511680 0.241776 -0.078162
11.279000 31.107075 25.575552 -0.001652 1.510103 0.246452 -0.072137
11.299000 31.112277 25.631859 -0.001655 1.508098 0.300787 -0.147906
11.319000 31.119431 25.687984 -0.001655 1.504453 0.378819 -0.196605
11.339000 31.126585 25.744167 -0.001656 1.500898 0.347588 -0.163858
11.359000 31.134186 25.800243 -0.001656 1.497025 0.406464 -0.216115
11.379000 31.142519 25.856202 -0.001656 1.492713 0.416190 -0.209950
11.399000 31.150966 25.912142 -0.001657 1.488441 0.445964 -0.231349
11.419000 31.160451 25.967894 -0.001656 1.483409 0.486623 -0.259232
11.439000 31.169998 26.023525 -0.001657 1.478538 0.460449 -0.239128
11.459000 31.176621 26.077080 -0.001557 1.476385 0.336434 -0.104566
11.479000 31.181141 26.128779 -0.001394 1.476740 0.239356 0.029417
11.499000 31.183641 26.178837 -0.001338 1.479059 0.128349 0.141836
11.519000 31.184549 26.228065 -0.001361 1.482630 0.046144 0.193189
11.539000 31.184942 26.277173 -0.001513 1.486412 0.020506 0.158784
11.559000 31.187038 26.326130 -0.001605 1.488451 0.129309 0.047622
11.579000 31.189953 26.374997 -0.001640 1.489849 0.126129 0.076609
11.599000 31.192433 26.423922 -0.001652 1.491289 0.129842 0.028289
11.619000 31.195642 26.472747 -0.001655 1.491978 0.152750 0.024002
11.639000 31.198797 26.521599 -0.001656 1.492771 0.142308 0.036380
11.659000 31.201011 26.570536 -0.001657 1.494530 0.083205 0.099503
11.679000 31.202677 26.619519 -0.001657 1.496540 0.074436 0.078054
11.699000 31.204124 26.668452 -0.001657 1.498897 0.025902 0.155635
11.719000 31.203827 26.717486 -0.001656 1.502862 -0.043844 0.200693
11.739000 31.203391 26.766563 -0.001656 1.506635 -0.021672 0.150449
11.759000 31.206318 26.814993 -0.001562 1.506792 0.160297 0.015039
11.779000 31.212101 26.863201 -0.001380 1.504128 0.295063 -0.141603
11.799000 31.220099 26.911316 -0.001311 1.499277 0.404013 -0.265737
11.819000 31.229399 26.959474 -0.001398 1.493349 0.477607 -0.313716
11.839000 31.238663 27.007683 -0.001549 1.487753 0.446037 -0.247657
11.859000 31.244870 27.053770 -0.001537 1.484949 0.333328 -0.109922
11.879000 31.248942 27.097922 -0.001401 1.484601 0.219546 0.007662
11.899000 31.250917 27.140228 -0.001329 1.486312 0.103465 0.117711
11.919000 31.251060 27.181232 -0.001321 1.489646 0.012424 0.201656
11.939000 31.250675 27.221813 -0.001484 1.493235 -0.000595 0.161037
11.959000 31.251853 27.261995 -0.001594 1.495128 0.080626 0.052603
11.979000 31.253608 27.301909 -0.001637 1.496594 0.069771 0.080695
11.999000 31.255116 27.341853 -0.001651 1.497941 0.091359 0.007871
12.019000 31.257912 27.381651 -0.001655 1.498079 0.140247 -0.002221
12.039000 31.260708 27.421497 -0.001656 1.498339 0.127535 0.014372
12.059000 31.263049 27.461378 -0.001657 1.498861 0.104706 0.019435
12.079000 31.265312 27.501242 -0.001657 1.499406 0.103484 0.013464
12.099000 31.268108 27.541036 -0.001657 1.499298 0.165486 -0.073307
12.119000 31.272971 27.580635 -0.001655 1.497340 0.256000 -0.121292
12.139000 31.277930 27.620296 -0.001655 1.495498 0.234020 -0.063003
12.159000 31.280400 27.660093 -0.001651 1.496329 0.099670 0.085500
12.179000 31.280537 27.700169 -0.001616 1.499038 0.002593 0.155862
12.199000 31.279629 27.740185 -0.001630 1.502731 -0.082817 0.210380
12.219000 31.277993 27.780257 -0.001646 1.507107 -0.087353 0.188674
12.239000 31.276885 27.820196 -0.001653 1.510933 -0.067521 0.162426
12.259000 31.277881 27.857201 -0.001558 1.511874 0.045343 0.034109
12.279000 31.280834 27.891731 -0.001382 1.510520 0.144228 -0.076934
12.299000 31.285553 27.923916 -0.001321 1.507303 0.239973 -0.181563
12.319000 31.291757 27.953992 -0.001378 1.502716 0.317868 -0.263157
12.339000 31.297843 27.982775 -0.001535 1.498537 0.271304 -0.175358
12.359000 31.301972 28.011005 -0.001615 1.496448 0.182820 -0.068855
12.379000 31.305483 28.039011 -0.001643 1.494752 0.184487 -0.104264
12.399000 31.308953 28.066892 -0.001653 1.493596 0.146623 -0.006480
12.419000 31.309620 28.094962 -0.001638 1.495198 0.016813 0.109011
12.439000 31.308784 28.123254 -0.001630 1.497976 -0.064346 0.144712
12.459000 31.308523 28.151474 -0.001643 1.500322 0.011963 0.076538
12.479000 31.309154 28.179674 -0.001652 1.501858 0.018151 0.073319
12.499000 31.310003 28.207835 -0.001655 1.502859 0.075832 -0.001743
12.519000 31.313237 28.235786 -0.001653 1.501620 0.187015 -0.091482
12.539000 31.316997 28.263734 -0.001653 1.500042 0.173730 -0.048496
12.559000 31.319480 28.291830 -0.001655 1.499422 0.114562 -0.016904
12.579000 31.321773 28.319893 -0.001657 1.498918 0.115885 -0.035176
12.599000 31.324175 28.347941 -0.001657 1.498567 0.105036 -0.000443
12.619000 31.326116 28.376046 -0.001657 1.498623 0.089817 -0.004514
12.639000 31.328080 28.404128 -0.001657 1.498637 0.093449 -0.011941
12.659000 31.330428 28.432166 -0.001657 1.498282 0.116717 -0.029744
12.679000 31.332913 28.460209 -0.001657 1.497889 0.118282 -0.023499
12.699000 31.335005 28.488288 -0.001657 1.497981 0.076651 0.051173
12.719000 31.335841 28.516515 -0.001657 1.499160 0.028533 0.053898
12.739000 31.336721 28.544688 -0.001657 1.500186 0.046949 0.031393
12.759000 31.339519 28.572655 -0.001656 1.499334 0.175018 -0.094727
12.779000 31.343715 28.600546 -0.001654 1.497350 0.212502 -0.080207
12.799000 31.346670 28.628562 -0.001656 1.496623 0.108907 0.014895
12.819000 31.346883 28.656751 -0.001650 1.498405 -0.005683 0.119243
12.839000 31.346072 28.685032 -0.001648 1.501007 -0.036693 0.116727
12.859000 31.348089 28.712865 -0.001618 1.500923 0.124226 -0.028512
12.879000 31.352934 28.740456 -0.001385 1.498025 0.244366 -0.166813
12.899000 31.358115 28.768012 -0.001367 1.495203 0.238178 -0.105009
12.919000 31.360037 28.795616 -0.001434 1.495466 0.084774 0.035281
12.939000 31.359435 28.823560 -0.001328 1.498061 -0.032186 0.152620
12.959000 31.357653 28.849735 -0.001418 1.499881 -0.058715 0.059014
12.979000 31.357930 28.873944 -0.001549 1.499467 0.036961 -0.036503
12.999000 31.359827 28.896171 -0.001599 1.497472 0.122116 -0.122139
13.019000 31.361426 28.916551 -0.001634 1.495857 0.047369 -0.027029
13.039000 31.361691 28.935164 -0.001650 1.495687 0.037352 -0.001554
13.059000 31.362437 28.951874 -0.001655 1.494938 0.060678 -0.027435
13.079000 31.363063 28.966727 -0.001657 1.494295 0.043073 -0.007554
13.099000 31.363524 28.979728 -0.001658 1.493819 0.044682 -0.007795
13.119000 31.363991 28.990865 -0.001658 1.493339 0.042009 -0.003711
13.139000 31.364354 29.000146 -0.001658 1.492964 0.037675 0.001539
13.159000 31.364651 29.007567 -0.001658 1.492660 0.035019 0.004822
13.179000 31.364877 29.013131 -0.001658 1.492428 0.031136 0.008942
13.199000 31.365027 29.016838 -0.001658 1.492278 0.027768 0.013102
13.219000 31.365164 29.018793 -0.001658 1.492232 0.027170 0.021730
13.239000 31.365232 29.019481 -0.001658 1.492240 0.021741 0.021955
13.259000 31.365242 29.019550 -0.001658 1.492096 0.004945 -0.000035
13.279000 31.365101 29.019565 -0.001657 1.492035 -0.011332 -0.006937
13.299000 31.365006 29.019541 -0.001657 1.492014 -0.012131 -0.012268
13.319000 31.364990 29.019498 -0.001657 1.491999 -0.010995 -0.012907
13.339000 31.364988 29.019453 -0.001657 1.491993 -0.011393 -0.012827
13.359000 31.364980 29.019407 -0.001657 1.491991 -0.011819 -0.013024
13.379000 31.364974 29.019360 -0.001657 1.491990 -0.011866 -0.013164
13.399000 31.364970 29.019313 -0.001657 1.491990 -0.011833 -0.013181
13.419000 31.364966 29.019266 -0.001657 1.491990 -0.011831 -0.013171
13.439000 31.364962 29.019218 -0.001657 1.491990 -0.011832 -0.013165
13.459000 31.364959 29.019171 -0.001657 1.491990 -0.011825 -0.013158
13.479000 31.364955 29.019124 -0.001657 1.491990 -0.011814 -0.013147
13.499000 31.364951 29.019076 -0.001657 1.491990 -0.011804 -0.013136
13.519000 31.364947 29.019029 -0.001657 1.491990 -0.011794 -0.013125
13.539000 31.364944 29.018982 -0.001657 1.491990 -0.011784 -0.013114
13.559000 31.364940 29.018935 -0.001657 1.491990 -0.011774 -0.013103
13.579000 31.364936 29.018888 -0.001657 1.491990 -0.011764 -0.013091
13.599000 31.364933 29.018840 -0.001657 1.491990 -0.011754 -0.013080
13.619000 31.364929 29.018793 -0.001657 1.491990 -0.011744 -0.013069
13.639000 31.364925 29.018746 -0.001657 1.491990 -0.011734 -0.013057
13.659000 31.364921 29.018699 -0.001657 1.491990 -0.011724 -0.013046
13.679000 31.364918 29.018653 -0.001657 1.491990 -0.011713 -0.013035
13.699000 31.364914 29.018606 -0.001657 1.491990 -0.011703 -0.013024
13.719000 31.364910 29.018559 -0.001657 1.491990 -0.011693 -0.013012
13.739000 31.364907 29.018512 -0.001657 1.491990 -0.011683 -0.013001
13.759000 31.364903 29.018465 -0.001657 1.491990 -0.011673 -0.012990
13.779000 31.364899 29.018419 -0.001657 1.491990 -0.011663 -0.012979
13.799000 31.364896 29.018372 -0.001657 1.491990 -0.011653 -0.012968
13.819000 31.364892 29.018325 -0.001657 1.491990 -0.011643 -0.012956
13.839000 31.364888 29.018279 -0.001657 1.491990 -0.011633 -0.012945
13.859000 31.364885 29.018232 -0.001657 1.491990 -0.011623 -0.012934
13.879000 31.364881 29.018186 -0.001657 1.491990 -0.011613 -0.012923
13.899000 31.364877 29.018139 -0.001657 1.491990 -0.011603 -0.012912
13.919000 31.364874 29.018093 -0.001657 1.491990 -0.011593 -0.012901
13.939000 31.364870 29.018047 -0.001657 1.491990 -0.011583 -0.012889
13.959000 31.364866 29.018000 -0.001657 1.491990 -0.011573 -0.012878
13.979000 31.364863 29.017954 -0.001657 1.491990 -0.011563 -0.012867
13.999000 31.364859 29.017908 -0.001657 1.491990 -0.011553 -0.012856
14.019000 31.364855 29.017861 -0.001657 1.491990 -0.011543 -0.012845
14.039000 31.364852 29.017815 -0.001657 1.491990 -0.011533 -0.012834
14.059000 31.364848 29.017769 -0.001657 1.491990 -0.011523 -0.012823
14.079000 31.364844 29.017723 -0.001657 1.491990 -0.011513 -0.012812
14.099000 31.364841 29.017677 -0.001657 1.491990 -0.011503 -0.012801
14.119000 31.364837 29.017631 -0.001657 1.491990 -0.011494 -0.012789
14.139000 31.364834 29.017585 -0.001657 1.491990 -0.011484 -0.012778
14.159000 31.364830 29.017539 -0.001657 1.491990 -0.011474 -0.012767
14.179000 31.364826 29.017493 -0.001657 1.491990 -0.011464 -0.012756
14.199000 31.364823 29.017448 -0.001657 1.491990 -0.011454 -0.012745
14.219000 31.364819 29.017402 -0.001657 1.491990 -0.011444 -0.012734
14.239000 31.364816 29.017356 -0.001657 1.491990 -0.011434 -0.012723
14.259000 31.364812 29.017310 -0.001657 1.491990 -0.011424 -0.012712
14.279000 31.364808 29.017265 -0.001657 1.491990 -0.011414 -0.012701
14.299000 31.364805 29.017219 -0.001657 1.491990 -0.011405 -0.012690
14.319000 31.364801 29.017174 -0.001657 1.491990 -0.011395 -0.012679
14.339000 31.364798 29.017128 -0.001657 1.491990 -0.011385 -0.012668
14.359000 31.364794 29.017082 -0.001657 1.491990 -0.011375 -0.012657
14.379000 31.364790 29.017037 -0.001657 1.491990 -0.011365 -0.012646
14.399000 31.364787 29.016992 -0.001657 1.491990 -0.011355 -0.012635
14.419000 31.364783 29.016946 -0.001657 1.491990 -0.011346 -0.012624
14.439000 31.364780 29.016901 -0.001657 1.491990 -0.011336 -0.012613
14.459000 31.364776 29.016856 -0.001657 1.491990 -0.011326 -0.012603
14.479000 31.364773 29.016810 -0.001657 1.491990 -0.011316 -0.012592
14.499000 31.364769 29.016765 -0.001657 1.491990 -0.011306 -0.012581
14.519000 31.364765 29.016720 -0.001657 1.491990 -0.011297 -0.012570
14.539000 31.364762 29.016675 -0.001657 1.491990 -0.011287 -0.012559
14.559000 31.364758 29.016630 -0.001657 1.491990 -0.011277 -0.012548
14.579000 31.364755 29.016585 -0.001657 1.491990 -0.011267 -0.012537
14.599000 31.364751 29.016540 -0.001657 1.491990 -0.011258 -0.012526
14.619000 31.364748 29.016495 -0.001657 1.491990 -0.011248 -0.012516
14.639000 31.364744 29.016450 -0.001657 1.491990 -0.011238 -0.012505
14.659000 31.364741 29.016405 -0.001657 1.491990 -0.011229 -0.012494
14.679000 31.364737 29.016360 -0.001657 1.491990 -0.011219 -0.012483
14.699000 31.364734 29.016315 -0.001657 1.491990 -0.011209 -0.012472
14.719000 31.364730 29.016271 -0.001657 1.491990 -0.011200 -0.012461
14.739000 31.364727 29.016226 -0.001657 1.491990 -0.011190 -0.012451
14.759000 31.364723 29.016181 -0.001657 1.491990 -0.011180 -0.012440
14.779000 31.364719 29.016137 -0.001657 1.491990 -0.011171 -0.012429
14.799000 31.364716 29.016092 -0.001657 1.491990 -0.011161 -0.012418
14.819000 31.364712 29.016047 -0.001657 1.491990 -0.011151 -0.012408
14.839000 31.364709 29.016003 -0.001657 1.491990 -0.011142 -0.012397
14.859000 31.364705 29.015958 -0.001657 1.491990 -0.011132 -0.012386
14.879000 31.364702 29.015914 -0.001657 1.491990 -0.011122 -0.012375
14.899000 31.364698 29.015870 -0.001657 1.491990 -0.011113 -0.012365
14.919000 31.364695 29.015825 -0.001657 1.491990 -0.011103 -0.012354
14.939000 31.364691 29.015781 -0.001657 1.491990 -0.011094 -0.012343
14.959000 31.364688 29.015737 -0.001657 1.491990 -0.011084 -0.012333
14.979000 31.364684 29.015692 -0.001657 1.491990 -0.011075 -0.012322
14.999000 31.364681 29.015648 -0.001657 1.491990 -0.011065 -0.012311
15.019000 31.364678 29.015604 -0.001657 1.491990 -0.011056 -0.012301
15.039000 31.364674 29.015560 -0.001657 1.491990 -0.011046 -0.012290
15.059000 31.364671 29.015516 -0.001657 1.491990 -0.011036 -0.012279
15.079000 31.364667 29.015472 -0.001657 1.491990 -0.011027 -0.012269
15.099000 31.364664 29.015428 -0.001657 1.491990 -0.011017 -0.012258
15.119000 31.364660 29.015384 -0.001657 1.491990 -0.011008 -0.012248
15.139000 31.364657 29.015340 -0.001657 1.491990 -0.010998 -0.012237
15.159000 31.364653 29.015296 -0.001657 1.491990 -0.010989 -0.012226
15.179000 31.364650 29.015252 -0.001657 1.491990 -0.010979 -0.012216
15.199000 31.364646 29.015208 -0.001657 1.491990 -0.010970 -0.012205
15.219000 31.364643 29.015165 -0.001657 1.491990 -0.010960 -0.012195
15.239000 31.364639 29.015121 -0.001657 1.491990 -0.010951 -0.012184
15.259000 31.364636 29.015077 -0.001657 1.491990 -0.010942 -0.012174
15.279000 31.364633 29.015034 -0.001657 1.491990 -0.010932 -0.012163
15.299000 31.364629 29.014990 -0.001657 1.491990 -0.010923 -0.012152
15.319000 31.364626 29.014947 -0.001657 1.491990 -0.010913 -0.012142
15.339000 31.364622 29.014903 -0.001657 1.491990 -0.010904 -0.012131
15.359000 31.364619 29.014860 -0.001657 1.491990 -0.010894 -0.012121
15.379000 31.364615 29.014816 -0.001657 1.491990 -0.010885 -0.012110
15.399000 31.364612 29.014773 -0.001657 1.491990 -0.010876 -0.012100
15.419000 31.364609 29.014729 -0.001657 1.491990 -0.010866 -0.012089
15.439000 31.364605 29.014686 -0.001657 1.491990 -0.010857 -0.012079
15.459000 31.364602 29.014643 -0.001657 1.491990 -0.010847 -0.012069
15.479000 31.364598 29.014600 -0.001657 1.491990 -0.010838 -0.012058
15.499000 31.364595 29.014556 -0.001657 1.491990 -0.010829 -0.012048
15.519000 31.364592 29.014513 -0.001657 1.491990 -0.010819 -0.012037
15.539000 31.364588 29.014470 -0.001657 1.491990 -0.010810 -0.012027
15.559000 31.364585 29.014427 -0.001657 1.491990 -0.010801 -0.012016
15.579000 31.364581 29.014384 -0.001657 1.491990 -0.010791 -0.012006
15.599000 31.364578 29.014341 -0.001657 1.491990 -0.010782 -0.011995
15.619000 31.364575 29.014298 -0.001657 1.491990 -0.010773 -0.011985
15.639000 31.364571 29.014255 -0.001657 1.491990 -0.010763 -0.011975
15.659000 31.364568 29.014212 -0.001657 1.491990 -0.010754 -0.011964
15.679000 31.364564 29.014169 -0.001657 1.491990 -0.010745 -0.011954
15.699000 31.364561 29.014126 -0.001657 1.491990 -0.010735 -0.011944
15.719000 31.364558 29.014084 -0.001657 1.491990 -0.010726 -0.011933
15.739000 31.364554 29.014041 -0.001657 1.491990 -0.010717 -0.011923
15.759000 31.364551 29.013998 -0.001657 1.491990 -0.010708 -0.011912
15.779000 31.364548 29.013956 -0.001657 1.491990 -0.010698 -0.011902
15.799000 31.364544 29.013913 -0.001657 1.491990 -0.010689 -0.011892
15.819000 31.364541 29.013870 -0.001657 1.491990 -0.010680 -0.011882
15.839000 31.364538 29.013828 -0.001657 1.491990 -0.010671 -0.011871
