# stamp x y z yaw vx vy vz angular_v
0.230000 0.000005 0.000000 -0.001643 0.000000 -0.000027 -0.000014 -0.116735 -0.000004
0.250000 0.000007 0.000000 -0.001653 0.000000 -0.000028 -0.000014 -0.116831 -0.000004
0.270000 0.000009 0.000000 -0.001656 0.000000 -0.000028 -0.000015 -0.116852 -0.000004
0.290000 0.000010 0.000000 -0.001657 0.000000 -0.000028 -0.000015 -0.116857 -0.000004
0.310000 0.000012 0.000000 -0.001657 0.000000 -0.000028 -0.000015 -0.116858 -0.000004
0.330000 0.000014 0.000000 -0.001657 0.000000 -0.000028 -0.000015 -0.116859 -0.000004
0.350000 0.000016 0.000000 -0.001657 0.000000 -0.000028 -0.000015 -0.116859 -0.000004
0.370000 0.000017 0.000000 -0.001657 0.000000 -0.000028 -0.000015 -0.116859 -0.000004
0.390000 0.000019 0.000000 -0.001657 0.000000 -0.000028 -0.000015 -0.116859 -0.000004
0.410000 0.000021 0.000000 -0.001657 0.000000 -0.000028 -0.000015 -0.116859 -0.000004
0.430000 0.000023 0.000000 -0.001657 0.000000 -0.000028 -0.000015 -0.116859 -0.000004
0.450000 0.000024 0.000000 -0.001657 0.000000 -0.000028 -0.000015 -0.116859 -0.000004
0.470000 0.000026 0.000000 -0.001657 0.000000 -0.000028 -0.000015 -0.116859 -0.000004
0.490000 0.000028 0.000000 -0.001657 0.000000 -0.000028 -0.000015 -0.116859 -0.000004
0.510000 0.000030 0.000000 -0.001657 0.000000 -0.000028 -0.000015 -0.116859 -0.000004
0.530000 0.000031 0.000000 -0.001657 0.000000 -0.000028 -0.000015 -0.116859 -0.000004
0.550000 0.000033 0.000000 -0.001657 0.000000 -0.000028 -0.000015 -0.116859 -0.000004
0.570000 0.000035 0.000000 -0.001657 0.000000 -0.000028 -0.000015 -0.116859 -0.000004
0.590000 0.000037 0.000000 -0.001657 0.000000 -0.000028 -0.000015 -0.116859 -0.000004
0.610000 0.000038 0.000000 -0.001657 0.000000 -0.000028 -0.000015 -0.116859 -0.000004
0.630000 0.000040 0.000000 -0.001657 0.000000 -0.000028 -0.000015 -0.116859 -0.000004
0.650000 0.000042 0.000000 -0.001657 0.000000 -0.000028 -0.000015 -0.116859 -0.000004
0.670000 0.000044 0.000000 -0.001657 0.000000 -0.000028 -0.000015 -0.116859 -0.000004
0.690000 0.000045 0.000000 -0.001657 0.000000 -0.000028 -0.000015 -0.116859 -0.000004
0.710000 0.000047 0.000000 -0.001657 0.000000 -0.000028 -0.000015 -0.116859 -0.000004
0.730000 0.000049 0.000000 -0.001657 0.000000 -0.000028 -0.000015 -0.116859 -0.000004
0.750000 0.000051 0.000000 -0.001657 0.000000 -0.000028 -0.000015 -0.116859 -0.000004
0.770000 0.000052 0.000000 -0.001657 0.000000 -0.000028 -0.000015 -0.116859 -0.000004
0.790000 0.000054 0.000000 -0.001657 0.000000 -0.000028 -0.000015 -0.116859 -0.000004
0.810000 0.000056 0.000000 -0.001657 0.000000 -0.000028 -0.000015 -0.116859 -0.000004
0.830000 0.000058 0.000000 -0.001657 0.000000 -0.000028 -0.000015 -0.116859 -0.000004
0.850000 0.000059 0.000000 -0.001657 0.000000 -0.000028 -0.000015 -0.116859 -0.000004
0.870000 0.000061 0.000000 -0.001657 0.000000 -0.000028 -0.000015 -0.116859 -0.000004
0.890000 0.000063 0.000000 -0.001657 0.000000 -0.000028 -0.000015 -0.116859 -0.000004
0.910000 0.000273 -0.000000 -0.001658 -0.000000 0.018896 -0.000084 -0.116985 -0.000073
0.930000 0.002997 -0.000038 -0.001653 -0.000040 0.123975 -0.003841 -0.116688 -0.003778
0.950000 0.007693 -0.000143 -0.001653 -0.000140 0.221474 -0.005891 -0.116766 -0.005333
0.970000 0.014285 -0.000198 -0.001655 -0.000176 0.317259 0.004637 -0.116812 0.006102
0.990000 0.022777 -0.000015 -0.001655 0.000027 0.412989 0.008849 -0.116828 0.009234
1.010000 0.033183 0.000123 -0.001656 0.000161 0.508807 0.004675 -0.116832 0.004018
1.030000 0.045499 0.000007 -0.001656 0.000023 0.604273 -0.011321 -0.116833 -0.012067
1.050000 0.059729 -0.000173 -0.001656 -0.000158 0.700143 -0.006423 -0.116834 -0.005757
1.070000 0.075875 -0.000240 -0.001656 -0.000205 0.795864 0.002335 -0.116835 0.003796
1.090000 0.093936 -0.000147 -0.001656 -0.000090 0.891618 0.003493 -0.116834 0.004244
1.110000 0.113912 -0.000113 -0.001656 -0.000046 0.987384 0.001369 -0.116834 0.001780
1.130000 0.135803 -0.000066 -0.001656 0.000006 1.083127 0.002959 -0.116834 0.003169
1.150000 0.159609 -0.000005 -0.001656 0.000067 1.178874 0.002965 -0.116834 0.002812
1.170000 0.185327 -0.000069 -0.001656 -0.000010 1.274276 -0.014638 -0.116834 -0.015478
1.190000 0.212954 -0.000450 -0.001656 -0.000389 1.369978 -0.017290 -0.116834 -0.015865
1.210000 0.242498 -0.000729 -0.001656 -0.000623 1.465601 -0.007952 -0.116835 -0.004561
1.230000 0.273936 -0.000269 -0.001656 -0.000083 1.560016 0.038296 -0.116830 0.041113
1.250000 0.307284 0.000341 -0.001656 0.000531 1.656244 0.022556 -0.116833 0.020674
1.270000 0.342534 0.000358 -0.001656 0.000471 1.749290 -0.038708 -0.116784 -0.044042
1.290000 0.379642 -0.000900 -0.001656 -0.000842 1.844267 -0.058435 -0.116811 -0.056482
1.310000 0.418684 -0.001758 -0.001656 -0.001597 1.940393 -0.030861 -0.116839 -0.022946
1.330000 0.459571 -0.001153 -0.001656 -0.000789 2.030680 0.070736 -0.116645 0.079720
1.350000 0.502304 0.000763 -0.001655 0.001212 2.126128 0.081437 -0.116762 0.078396
1.370000 0.546939 0.001302 -0.001655 0.001581 2.217735 -0.007952 -0.116268 -0.018056
1.390000 0.593341 -0.000435 -0.001641 -0.000359 2.306842 -0.115754 -0.114811 -0.119870
1.410000 0.641562 -0.003465 -0.001641 -0.003341 2.398524 -0.137851 -0.116200 -0.124565
1.430000 0.691544 -0.004168 -0.001573 -0.003623 2.486170 -0.014922 -0.095905 0.005949
1.450000 0.743291 -0.002370 -0.001327 -0.001395 2.575786 0.106334 -0.083174 0.119713
1.470000 0.796845 0.000938 -0.001342 0.002067 2.667636 0.169964 -0.103319 0.166300
1.490000 0.852342 0.003317 -0.001519 0.004182 2.766911 0.084806 -0.113398 0.064304
1.510000 0.909834 0.004252 -0.001607 0.004638 2.863868 0.034050 -0.115928 0.009077
1.530000 0.969211 0.003781 -0.001639 0.003630 2.956602 -0.062963 -0.116432 -0.087887
1.550000 1.030480 0.002429 -0.001650 0.001884 3.052775 -0.050431 -0.116737 -0.063870
1.570000 1.093687 0.001963 -0.001654 0.001226 3.149123 0.002606 -0.116803 -0.004216
1.590000 1.158812 0.002131 -0.001655 0.001257 3.244743 -0.001657 -0.116819 -0.009475
1.610000 1.225848 0.001876 -0.001656 0.000858 3.340318 -0.015744 -0.116827 -0.021748
1.630000 1.294797 0.001552 -0.001656 0.000439 3.435967 -0.016656 -0.116830 -0.020185
1.650000 1.365658 0.001192 -0.001656 0.000030 3.531592 -0.019402 -0.116831 -0.020690
1.670000 1.438423 0.000503 -0.001656 -0.000672 3.625922 -0.060502 -0.116787 -0.060306
1.690000 1.513072 -0.001103 -0.001656 -0.002206 3.720998 -0.081170 -0.116808 -0.072674
1.710000 1.589637 -0.002479 -0.001656 -0.003327 3.815870 -0.050891 -0.116820 -0.033852
1.730000 1.668030 -0.001895 -0.001651 -0.002340 3.906908 0.055062 -0.114586 0.072378
1.750000 1.748247 0.000741 -0.001631 0.000575 3.998225 0.163265 -0.114848 0.168846
1.770000 1.830306 0.003534 -0.001639 0.003265 4.090326 0.114672 -0.113528 0.101045
1.790000 1.914218 0.003538 -0.001448 0.002864 4.184856 -0.016539 -0.085300 -0.034229
1.810000 1.999998 0.001505 -0.001298 0.000495 4.278541 -0.118920 -0.090460 -0.127853
1.830000 2.087653 -0.001063 -0.001443 -0.002106 4.373250 -0.100580 -0.110360 -0.092424
1.850000 2.177246 -0.001966 -0.001575 -0.002747 4.470026 -0.011436 -0.115161 0.004529
1.870000 2.268771 -0.002002 -0.001629 -0.002470 4.565092 0.017547 -0.116444 0.033086
1.890000 2.362208 -0.001461 -0.001648 -0.001656 4.660584 0.024409 -0.116741 0.035405
1.910000 2.457560 -0.001065 -0.001654 -0.001078 4.756032 0.025975 -0.116814 0.034044
1.930000 2.554803 0.000208 -0.001655 0.000328 4.850100 0.085629 -0.116826 0.088883
1.950000 2.653950 0.001820 -0.001656 0.001896 4.946121 0.073241 -0.116831 0.066304
1.970000 2.754987 0.002558 -0.001656 0.002396 5.038983 0.006065 -0.116226 -0.008442
1.990000 2.857858 0.000959 -0.001627 0.000499 5.131452 -0.104926 -0.112091 -0.113624
2.010000 2.962581 -0.002357 -0.001621 -0.002888 5.224365 -0.178072 -0.115173 -0.168880
2.030000 3.069231 -0.004666 -0.001640 -0.004836 5.321881 -0.082190 -0.116004 -0.056650
2.050000 3.177737 -0.005286 -0.001646 -0.004901 5.419729 -0.020916 -0.116383 0.011732
2.070000 3.287736 -0.005932 -0.001651 -0.004933 5.514214 -0.009759 -0.116693 0.012651
2.090000 3.398795 -0.005572 -0.001654 -0.004058 5.559184 0.024708 -0.116782 0.051059
2.110000 3.509954 -0.005195 -0.001656 -0.003181 5.561157 0.024765 -0.116839 0.051098
2.130000 3.621113 -0.003855 -0.001657 -0.001462 5.556755 0.084509 -0.116844 0.101085
2.150000 3.732258 -0.002227 -0.001657 0.000384 5.556852 0.079338 -0.116853 0.086189
2.170000 3.843398 -0.000615 -0.001657 0.002000 5.556537 0.080578 -0.116856 0.076488
2.190000 3.954531 0.001086 -0.001657 0.003523 5.555896 0.090322 -0.116856 0.077303
2.210000 4.065654 0.002964 -0.001657 0.005009 5.555293 0.081581 -0.116836 0.058565
2.230000 4.176767 0.003038 -0.001656 0.004565 5.554448 -0.038885 -0.116601 -0.062243
2.250000 4.287843 0.002281 -0.001655 0.003308 5.553586 -0.021194 -0.116776 -0.047168
2.270000 4.398933 0.001790 -0.001656 0.002378 5.554378 -0.041892 -0.116838 -0.058282
2.290000 4.510019 0.000846 -0.001657 0.001154 5.553990 -0.048009 -0.116853 -0.059909
2.310000 4.621104 -0.000193 -0.001657 -0.000075 5.553890 -0.068490 -0.116852 -0.077836
2.330000 4.732174 -0.002294 -0.001657 -0.002189 5.553539 -0.118120 -0.116840 -0.116991
2.350000 4.843241 -0.004615 -0.001657 -0.004333 5.553345 -0.115664 -0.116853 -0.101282
2.370000 4.954308 -0.006072 -0.001658 -0.005244 5.553742 -0.022709 -0.116540 -0.007129
2.390000 5.065430 -0.005014 -0.001652 -0.003693 5.555711 0.077950 -0.116101 0.105620
2.410000 5.176533 -0.003359 -0.001652 -0.001611 5.552327 0.051184 -0.116623 0.073662
2.430000 5.287644 -0.003449 -0.001654 -0.001413 5.556187 -0.019289 -0.116753 -0.009657
2.450000 5.398761 -0.003467 -0.001656 -0.001291 5.555771 0.008698 -0.116833 0.015051
2.470000 5.509882 -0.002784 -0.001657 -0.000424 5.556684 0.079137 -0.116865 0.083009
2.490000 5.621022 -0.001048 -0.001657 0.001362 5.556832 0.082240 -0.116854 0.084273
2.510000 5.732160 0.000520 -0.001657 0.002771 5.555933 0.062860 -0.116835 0.052932
2.530000 5.843270 -0.000223 -0.001654 0.001713 5.557294 -0.075569 -0.115584 -0.086065
2.550000 5.954329 -0.002973 -0.001645 -0.001188 5.549789 -0.157342 -0.115804 -0.170094
2.570000 6.065313 -0.005394 -0.001650 -0.003455 5.547552 -0.073560 -0.116332 -0.079791
2.590000 6.176371 -0.005215 -0.001648 -0.003007 5.556677 0.039161 -0.115840 0.053634
2.610000 6.287480 -0.004064 -0.001649 -0.001543 5.552569 0.044019 -0.116526 0.064386
2.630000 6.398600 -0.003649 -0.001654 -0.000877 5.556325 0.017137 -0.116780 0.026063
2.650000 6.509726 -0.003150 -0.001656 -0.000268 5.556218 0.028634 -0.116840 0.032441
2.670000 6.620852 -0.001975 -0.001657 0.001000 5.556300 0.107771 -0.116874 0.104575
2.690000 6.731991 0.000391 -0.001657 0.003269 5.556683 0.114563 -0.116855 0.108872
2.710000 6.843129 0.002604 -0.001657 0.005145 5.555877 0.097543 -0.116836 0.074120
2.730000 6.954250 0.002540 -0.001653 0.004493 5.558541 -0.041802 -0.115365 -0.065546
2.750000 7.065322 0.000478 -0.001643 0.001984 5.549980 -0.121629 -0.115717 -0.150126
2.770000 7.176323 -0.001218 -0.001648 0.000038 5.548182 -0.033655 -0.116484 -0.050284
2.790000 7.287402 -0.000802 -0.001652 0.000323 5.553677 0.035811 -0.116623 0.039312
2.810000 7.398494 -0.000589 -0.001655 0.000555 5.555276 0.000413 -0.116797 0.005373
2.830000 7.509619 0.000368 -0.001656 0.001455 5.556680 0.063175 -0.116840 0.058317
2.850000 7.620754 0.001525 -0.001657 0.002483 5.556435 0.055440 -0.116853 0.046573
2.870000 7.731869 0.001833 -0.001657 0.002424 5.555505 -0.035691 -0.116534 -0.040241
2.890000 7.842949 -0.000399 -0.001651 -0.000015 5.553113 -0.139502 -0.116056 -0.151437
2.910000 7.953968 -0.003329 -0.001651 -0.002940 5.549825 -0.119053 -0.116627 -0.122086
2.930000 8.065011 -0.003749 -0.001651 -0.003086 5.553424 0.014178 -0.115204 0.025342
2.950000 8.176131 -0.002242 -0.001642 -0.001312 5.552994 0.092359 -0.115768 0.113808
2.970000 8.287207 -0.000890 -0.001648 0.000234 5.554126 0.019868 -0.116586 0.027853
2.990000 8.398338 -0.000648 -0.001654 0.000532 5.556070 0.023852 -0.116791 0.021421
3.010000 8.509460 -0.000016 -0.001656 0.001120 5.556010 0.046806 -0.116846 0.048394
3.030000 8.620594 0.001606 -0.001657 0.002618 5.556551 0.089737 -0.116851 0.082472
3.050000 8.731731 0.003348 -0.001657 0.004119 5.556506 0.087104 -0.116856 0.070920
3.070000 8.842852 0.004294 -0.001657 0.004518 5.556077 -0.002952 -0.116525 -0.017943
3.090000 8.953948 0.002694 -0.001651 0.002499 5.553365 -0.107035 -0.116031 -0.129647
3.110000 9.064971 0.000418 -0.001651 -0.000076 5.549454 -0.083346 -0.116627 -0.099121
3.130000 9.176035 -0.000121 -0.001655 -0.000731 5.554287 -0.011039 -0.116786 -0.012386
3.150000 9.287129 -0.000750 -0.001656 -0.001276 5.554802 -0.042546 -0.116840 -0.036381
3.170000 9.398227 -0.000931 -0.001657 -0.001260 5.555744 0.045399 -0.116847 0.051915
3.190000 9.509363 0.000384 -0.001657 0.000149 5.556870 0.057828 -0.116840 0.065443
3.210000 9.620498 0.001300 -0.001657 0.001040 5.555939 0.022921 -0.116833 0.019832
3.230000 9.731600 -0.000023 -0.001655 -0.000384 5.554464 -0.107803 -0.116212 -0.107725
3.250000 9.842642 -0.002857 -0.001652 -0.003161 5.549755 -0.140794 -0.116544 -0.141415
3.270000 9.953716 -0.004457 -0.001655 -0.004393 5.553848 -0.030590 -0.116404 -0.024237
3.290000 10.064838 -0.003458 -0.001649 -0.003011 5.556207 0.074623 -0.115823 0.096217
3.310000 10.175937 -0.001656 -0.001649 -0.000875 5.551412 0.066227 -0.116522 0.087013
3.330000 10.287036 -0.001583 -0.001653 -0.000591 5.556181 -0.022931 -0.116714 -0.014948
3.350000 10.398152 -0.001645 -0.001655 -0.000593 5.555680 0.011327 -0.116823 0.012567
3.370000 10.509272 -0.000908 -0.001657 0.000243 5.556670 0.081252 -0.116859 0.080964
3.390000 10.620411 0.000851 -0.001657 0.001976 5.556791 0.083256 -0.116853 0.081519
3.410000 10.731547 0.002442 -0.001657 0.003338 5.555882 0.064646 -0.116836 0.050035
3.430000 10.842656 0.001726 -0.001654 0.002236 5.557220 -0.074801 -0.115564 -0.087941
3.450000 10.953716 -0.001009 -0.001644 -0.000700 5.549868 -0.156913 -0.115798 -0.171594
3.470000 11.064700 -0.003335 -0.001649 -0.002913 5.547732 -0.069497 -0.116283 -0.076081
3.490000 11.175763 -0.003061 -0.001648 -0.002443 5.556732 0.043361 -0.115827 0.053535
3.510000 11.286871 -0.001873 -0.001649 -0.001015 5.552599 0.043998 -0.116539 0.060285
3.530000 11.397991 -0.001462 -0.001654 -0.000399 5.556253 0.017838 -0.116785 0.024587
3.550000 11.509116 -0.000941 -0.001656 0.000176 5.556165 0.029542 -0.116841 0.030653
3.570000 11.620240 0.000223 -0.001657 0.001393 5.556260 0.107702 -0.116878 0.102253
3.590000 11.731378 0.002632 -0.001657 0.003646 5.556655 0.116033 -0.116856 0.108342
3.610000 11.842515 0.004852 -0.001657 0.005467 5.555829 0.096907 -0.116836 0.070319
3.630000 11.953635 0.004777 -0.001654 0.004767 5.558260 -0.041809 -0.115609 -0.069142
3.650000 12.064707 0.002697 -0.001645 0.002244 5.550189 -0.123817 -0.115862 -0.150354
3.670000 12.175712 0.000971 -0.001650 0.000241 5.548550 -0.035855 -0.116531 -0.052801
3.690000 12.286792 0.001385 -0.001653 0.000470 5.553774 0.037459 -0.116641 0.034863
3.710000 12.397884 0.001532 -0.001655 0.000585 5.555321 -0.023761 -0.116813 -0.028931
3.730000 12.508977 0.000480 -0.001656 -0.000492 5.553860 -0.056095 -0.116846 -0.056962
3.750000 12.620062 -0.000556 -0.001657 -0.001517 5.554369 -0.052261 -0.116857 -0.048524
3.770000 12.731146 -0.000821 -0.001658 -0.001502 5.553438 0.036471 -0.116611 0.039584
3.790000 12.842263 0.001472 -0.001652 0.000874 5.556000 0.142917 -0.116164 0.148194
3.810000 12.953387 0.004415 -0.001652 0.003697 5.553388 0.117759 -0.116622 0.114771
3.830000 13.064494 0.004777 -0.001649 0.003705 5.557239 -0.015186 -0.114923 -0.033522
3.850000 13.175572 0.003230 -0.001639 0.001856 5.550121 -0.095206 -0.115601 -0.115842
3.870000 13.286583 0.001888 -0.001647 0.000254 5.550795 -0.018333 -0.116567 -0.029090
3.890000 13.397680 0.001701 -0.001653 -0.000073 5.554991 -0.021653 -0.116790 -0.023150
3.910000 13.508780 0.001094 -0.001656 -0.000668 5.554690 -0.040312 -0.116846 -0.045729
3.930000 13.619860 -0.000462 -0.001657 -0.002156 5.553682 -0.089913 -0.116854 -0.083519
3.950000 13.730935 -0.002189 -0.001657 -0.003693 5.553541 -0.085911 -0.116858 -0.072191
3.970000 13.842006 -0.003115 -0.001658 -0.004107 5.553143 0.002889 -0.116601 0.018505
3.990000 13.953125 -0.001480 -0.001652 -0.002115 5.556323 0.109503 -0.116137 0.127831
4.010000 14.064227 0.000830 -0.001652 0.000438 5.552567 0.086371 -0.116639 0.098420
4.030000 14.175346 0.001399 -0.001655 0.001099 5.556878 0.009691 -0.116765 0.014113
4.050000 14.286477 0.002049 -0.001656 0.001627 5.556067 0.044655 -0.116840 0.035336
4.070000 14.397595 0.002308 -0.001657 0.001622 5.555046 -0.040226 -0.116783 -0.051954
4.090000 14.508679 0.000998 -0.001656 0.000215 5.553720 -0.058626 -0.116825 -0.066048
4.110000 14.619762 -0.000003 -0.001657 -0.000908 5.553998 -0.059739 -0.116856 -0.067408
4.130000 14.730832 -0.002094 -0.001657 -0.002917 5.553425 -0.121359 -0.116854 -0.114110
4.150000 14.841898 -0.004451 -0.001657 -0.005015 5.553219 -0.116660 -0.116862 -0.098315
4.170000 14.952962 -0.005994 -0.001658 -0.005908 5.553447 -0.028588 -0.116590 -0.005260
4.190000 15.064084 -0.004982 -0.001652 -0.004356 5.556132 0.077825 -0.116120 0.105026
4.210000 15.175190 -0.003328 -0.001652 -0.002218 5.552453 0.054215 -0.116639 0.078843
4.230000 15.286302 -0.003401 -0.001655 -0.001913 5.556610 -0.022514 -0.116770 -0.001981
4.250000 15.397423 -0.003426 -0.001656 -0.001737 5.555802 0.009143 -0.116841 0.017037
4.270000 15.508546 -0.002756 -0.001657 -0.000827 5.556739 0.077306 -0.116867 0.083856
4.290000 15.619687 -0.001042 -0.001657 0.000964 5.556881 0.080865 -0.116861 0.085134
4.310000 15.730827 0.000571 -0.001657 0.002546 5.556456 0.088674 -0.116866 0.084210
4.330000 15.841958 0.002862 -0.001657 0.004590 5.555722 0.126560 -0.116858 0.111208
4.350000 15.953087 0.005421 -0.001657 0.006700 5.555573 0.129001 -0.116864 0.101482
4.370000 16.064206 0.007147 -0.001657 0.007602 5.556421 0.035946 -0.116568 -0.000024
4.390000 16.175309 0.006520 -0.001653 0.006265 5.552638 -0.056700 -0.116415 -0.093383
4.410000 16.286367 0.005794 -0.001654 0.004797 5.553604 -0.012084 -0.116752 -0.046675
4.430000 16.397461 0.005660 -0.001656 0.004049 5.554748 -0.012852 -0.116835 -0.039058
4.450000 16.508557 0.005287 -0.001657 0.003220 5.554669 -0.020975 -0.116855 -0.041755
4.470000 16.619643 0.004282 -0.001657 0.001766 5.553637 -0.099049 -0.116849 -0.112373
4.490000 16.730714 0.002034 -0.001657 -0.000672 5.553795 -0.108783 -0.116849 -0.118338
4.510000 16.841783 -0.000089 -0.001657 -0.002787 5.553669 -0.101792 -0.116860 -0.093015
4.530000 16.952859 -0.001832 -0.001657 -0.004285 5.553747 -0.086865 -0.116862 -0.069819
4.550000 17.063931 -0.003781 -0.001657 -0.005790 5.553261 -0.104713 -0.116863 -0.078389
4.570000 17.175002 -0.005284 -0.001657 -0.006601 5.553890 -0.023435 -0.116846 0.013058
4.590000 17.286127 -0.005124 -0.001657 -0.005829 5.556694 0.001636 -0.116839 0.034702
4.610000 17.397254 -0.005350 -0.001657 -0.005318 5.555789 -0.004571 -0.116861 0.036580
4.630000 17.508392 -0.004612 -0.001657 -0.003989 5.557037 0.050141 -0.116860 0.075426
4.650000 17.619537 -0.003716 -0.001657 -0.002603 5.557092 0.043116 -0.116862 0.064695
4.670000 17.730678 -0.002362 -0.001657 -0.000877 5.556385 0.105840 -0.116867 0.115972
4.690000 17.841821 -0.000017 -0.001657 0.001587 5.556844 0.116239 -0.116857 0.121123
4.710000 17.952964 0.002255 -0.001657 0.003698 5.556134 0.100963 -0.116842 0.084050
4.730000 18.064096 0.002379 -0.001655 0.003403 5.557249 -0.035124 -0.116017 -0.055158
4.750000 18.175164 0.000719 -0.001650 0.001478 5.550245 -0.093011 -0.116348 -0.112120
4.770000 18.286195 -0.000278 -0.001653 0.000242 5.554311 -0.007584 -0.116747 -0.017050
4.790000 18.397299 -0.000503 -0.001656 -0.000101 5.555024 -0.024164 -0.116835 -0.024769
4.810000 18.508399 -0.001041 -0.001657 -0.000566 5.554520 -0.012441 -0.116874 -0.004551
4.830000 18.619513 0.000214 -0.001657 0.000736 5.556363 0.105421 -0.116794 0.100206
4.850000 18.730653 0.002137 -0.001657 0.002586 5.556878 0.081479 -0.116841 0.078151
4.870000 18.841781 0.002903 -0.001657 0.002994 5.556558 -0.009474 -0.116527 -0.022051
4.890000 18.952877 0.001161 -0.001651 0.001025 5.553069 -0.116640 -0.116115 -0.124479
4.910000 19.063901 -0.001162 -0.001652 -0.001415 5.550109 -0.086239 -0.116667 -0.090850
4.930000 19.174970 -0.001762 -0.001655 -0.002004 5.554341 -0.013454 -0.116810 -0.013881
4.950000 19.286066 -0.002474 -0.001656 -0.002494 5.554804 -0.046821 -0.116852 -0.031925
4.970000 19.397165 -0.002774 -0.001657 -0.002425 5.555871 0.037992 -0.116861 0.054979
4.990000 19.508303 -0.001500 -0.001657 -0.000972 5.556898 0.057322 -0.116850 0.068159
5.010000 19.619442 -0.000537 -0.001657 0.000202 5.556451 0.056898 -0.116864 0.070387
5.030000 19.730577 0.001515 -0.001657 0.002253 5.556437 0.120619 -0.116860 0.115820
5.050000 19.841718 0.003846 -0.001657 0.004398 5.556349 0.114583 -0.116863 0.100955
5.070000 19.952788 0.007445 -0.001656 0.007800 5.548995 0.228122 -0.114045 0.186465
5.090000 20.063771 0.014606 -0.001493 0.014113 5.547966 0.381611 -0.090463 0.327211
5.110000 20.174660 0.023828 -0.001379 0.021872 5.536878 0.475897 -0.096598 0.400411
5.130000 20.285486 0.033046 -0.001495 0.028708 5.547166 0.424927 -0.111967 0.292053
5.150000 20.396503 0.040844 -0.001596 0.033596 5.547986 0.393816 -0.115702 0.233922
5.170000 20.507405 0.049702 -0.001638 0.038893 5.539474 0.475578 -0.116607 0.294355
5.190000 20.618226 0.059557 -0.001651 0.044586 5.538383 0.494113 -0.116813 0.283905
5.210000 20.729011 0.069870 -0.001656 0.050208 5.530925 0.539065 -0.116860 0.295454
5.230000 20.839336 0.083888 -0.001558 0.058744 5.508817 0.734654 -0.093669 0.422090
5.250000 20.949453 0.101019 -0.001325 0.069502 5.501988 0.871739 -0.084104 0.532708
5.270000 21.059372 0.119832 -0.001315 0.080683 5.490600 0.939178 -0.100354 0.547521
5.290000 21.169466 0.137788 -0.001499 0.089906 5.511281 0.865999 -0.112884 0.424626
5.310000 21.279683 0.155209 -0.001601 0.097684 5.511108 0.876431 -0.115893 0.383443
5.330000 21.389914 0.172260 -0.001639 0.104054 5.519890 0.831492 -0.116572 0.294700
5.350000 21.500074 0.189380 -0.001652 0.109860 5.507111 0.871423 -0.116769 0.305827
5.370000 21.610141 0.206831 -0.001655 0.115082 5.504349 0.836484 -0.116678 0.205110
5.390000 21.720301 0.222466 -0.001654 0.118076 5.506488 0.769680 -0.116614 0.133569
5.410000 21.830274 0.238462 -0.001656 0.121358 5.485059 0.829006 -0.116720 0.179215
5.430000 21.939366 0.258438 -0.001548 0.128008 5.452261 1.016410 -0.097465 0.311223
5.450000 22.048051 0.281629 -0.001405 0.137060 5.428298 1.176395 -0.092618 0.442821
5.470000 22.156397 0.307377 -0.001367 0.147614 5.406385 1.303617 -0.097312 0.541752
5.490000 22.264441 0.334679 -0.001490 0.158812 5.395550 1.386106 -0.111679 0.566756
5.510000 22.372556 0.362208 -0.001594 0.169172 5.405548 1.372818 -0.115592 0.491866
5.530000 22.480690 0.389862 -0.001636 0.178518 5.400880 1.405053 -0.116534 0.465538
5.550000 22.588514 0.418753 -0.001651 0.188054 5.381857 1.474602 -0.116706 0.488043
5.570000 22.695668 0.449943 -0.001652 0.199129 5.338372 1.613790 -0.112440 0.573179
5.590000 22.801614 0.485455 -0.001435 0.213001 5.283545 1.800590 -0.084018 0.689942
5.610000 22.906710 0.523684 -0.001281 0.228181 5.245946 1.940292 -0.087457 0.757038
5.630000 23.011719 0.562718 -0.001419 0.242440 5.260582 1.929623 -0.109215 0.682153
5.650000 23.117112 0.600888 -0.001565 0.254624 5.277263 1.914772 -0.114984 0.582782
5.670000 23.222368 0.639397 -0.001627 0.265544 5.272331 1.906366 -0.116327 0.502317
5.690000 23.327757 0.677084 -0.001647 0.274591 5.265227 1.890943 -0.116665 0.440017
5.710000 23.432554 0.715793 -0.001654 0.283710 5.230952 1.964398 -0.116700 0.470867
5.730000 23.536815 0.755850 -0.001655 0.293240 5.207274 2.019052 -0.116712 0.485382
5.750000 23.640717 0.796811 -0.001656 0.302688 5.191413 2.060951 -0.116772 0.475373
5.770000 23.743930 0.839574 -0.001657 0.313125 5.141095 2.193821 -0.115461 0.546569
5.790000 23.845651 0.885970 -0.001560 0.326050 5.062206 2.344783 -0.100319 0.642133
5.810000 23.946210 0.934585 -0.001464 0.340140 5.011814 2.442089 -0.103099 0.717728
5.830000 24.046755 0.983214 -0.001546 0.352741 5.048814 2.385570 -0.113486 0.599317
5.850000 24.147680 1.031006 -0.001614 0.363128 5.024795 2.392765 -0.115986 0.521743
5.870000 24.248158 1.079102 -0.001643 0.372413 5.042740 2.361555 -0.116422 0.421479
5.890000 24.349450 1.125358 -0.001649 0.378907 5.070159 2.284628 -0.116351 0.306352
5.910000 24.450374 1.171972 -0.001652 0.385160 5.029068 2.337051 -0.116654 0.338053
5.930000 24.551278 1.218445 -0.001654 0.390351 5.049788 2.292253 -0.116720 0.244575
5.950000 24.652141 1.264695 -0.001655 0.394997 5.027276 2.307591 -0.116799 0.261277
5.970000 24.751779 1.313162 -0.001635 0.401656 4.948419 2.463817 -0.104399 0.359346
5.990000 24.849640 1.365952 -0.001419 0.411754 4.883694 2.654952 -0.089214 0.505032
6.010000 24.946370 1.421633 -0.001322 0.424103 4.820943 2.808141 -0.088179 0.621239
6.030000 25.042210 1.479204 -0.001394 0.437097 4.779749 2.900819 -0.106571 0.658592
6.050000 25.137921 1.537074 -0.001548 0.449294 4.789893 2.889132 -0.114455 0.580134
6.070000 25.233472 1.595263 -0.001620 0.460516 4.770261 2.926273 -0.116289 0.554486
6.090000 25.328442 1.654375 -0.001646 0.471549 4.734974 2.979583 -0.116696 0.554955
6.110000 25.422627 1.714683 -0.001654 0.482845 4.687053 3.046907 -0.116751 0.587545
6.130000 25.514518 1.778464 -0.001597 0.497074 4.553736 3.235748 -0.100926 0.725072
6.150000 25.604110 1.845574 -0.001397 0.513508 4.452209 3.380007 -0.090699 0.830920
6.170000 25.693018 1.913692 -0.001435 0.529097 4.472964 3.370126 -0.108075 0.726322
6.190000 25.783415 1.979806 -0.001559 0.540902 4.534788 3.279420 -0.113894 0.538039
6.210000 25.873717 2.045708 -0.001619 0.551243 4.478140 3.335428 -0.116107 0.539748
6.230000 25.962842 2.112959 -0.001645 0.562014 4.441464 3.374907 -0.116682 0.531453
6.250000 26.051368 2.180890 -0.001653 0.572567 4.407165 3.414139 -0.116828 0.526288
6.270000 26.138996 2.249908 -0.001656 0.583418 4.350455 3.476319 -0.116847 0.561869
6.290000 26.225551 2.320146 -0.001657 0.594639 4.306482 3.521436 -0.116839 0.562865
6.310000 26.311341 2.391263 -0.001657 0.605808 4.263011 3.578917 -0.116848 0.579693
6.330000 26.395063 2.464863 -0.001655 0.619055 4.146228 3.716657 -0.115767 0.689629
6.350000 26.476829 2.540773 -0.001646 0.633628 4.048353 3.823072 -0.115772 0.748559
6.370000 26.558215 2.617144 -0.001649 0.647123 4.101075 3.782331 -0.115975 0.617828
6.390000 26.641598 2.691495 -0.001627 0.656491 4.184839 3.694872 -0.113616 0.413027
6.410000 26.725152 2.765619 -0.001633 0.664508 4.154457 3.731228 -0.116008 0.409891
6.430000 26.808470 2.839780 -0.001648 0.671525 4.169351 3.696077 -0.116672 0.327429
6.450000 26.891431 2.914032 -0.001654 0.678247 4.126466 3.728299 -0.116827 0.347428
6.470000 26.972528 2.990234 -0.001628 0.687466 4.039097 3.847265 -0.104105 0.522940
6.490000 27.050816 3.069852 -0.001453 0.699849 3.913142 4.007179 -0.094438 0.613659
6.510000 27.126781 3.151889 -0.001399 0.713713 3.776865 4.127753 -0.095421 0.696077
6.530000 27.201292 3.235371 -0.001460 0.728064 3.704456 4.187692 -0.109291 0.724127
6.550000 27.275493 3.319157 -0.001575 0.741626 3.712712 4.186382 -0.115059 0.659070
6.570000 27.350040 3.402591 -0.001629 0.752925 3.749862 4.140552 -0.115772 0.497130
6.590000 27.426258 3.484205 -0.001633 0.760687 3.821118 4.058271 -0.115105 0.346050
6.610000 27.502156 3.565799 -0.001643 0.767661 3.771412 4.097956 -0.116342 0.359193
6.630000 27.578019 3.647332 -0.001651 0.773655 3.806222 4.059170 -0.116661 0.272077
6.650000 27.653862 3.728775 -0.001655 0.779077 3.775282 4.087633 -0.116793 0.278425
6.670000 27.727849 3.811787 -0.001631 0.787077 3.688377 4.170172 -0.106363 0.459032
6.690000 27.798955 3.897534 -0.001477 0.798366 3.556422 4.304851 -0.096110 0.559561
6.710000 27.867564 3.985620 -0.001414 0.810869 3.418930 4.423868 -0.096466 0.628646
6.730000 27.934400 4.075236 -0.001457 0.824103 3.325165 4.499013 -0.108040 0.681680
6.750000 28.000164 4.165856 -0.001567 0.837621 3.279372 4.540668 -0.114640 0.675987
6.770000 28.065647 4.256767 -0.001626 0.850193 3.271136 4.544887 -0.116319 0.618459
6.790000 28.130186 4.348079 -0.001647 0.862202 3.199082 4.573476 -0.116697 0.611456
6.810000 28.193362 4.440184 -0.001654 0.874512 3.132586 4.623797 -0.116700 0.645216
6.830000 28.253470 4.534454 -0.001559 0.889824 2.987492 4.739038 -0.095495 0.774269
6.850000 28.310612 4.630798 -0.001370 0.906601 2.840206 4.822745 -0.089450 0.853601
6.870000 28.366161 4.727942 -0.001381 0.923060 2.794867 4.853827 -0.104640 0.775979
6.890000 28.423150 4.824507 -0.001532 0.936220 2.870272 4.815443 -0.113282 0.621552
6.910000 28.480290 4.920820 -0.001610 0.947662 2.833307 4.822604 -0.115864 0.568196
6.930000 28.536472 5.017492 -0.001642 0.958621 2.798548 4.838073 -0.116593 0.550624
6.950000 28.591759 5.114591 -0.001652 0.969439 2.745378 4.860515 -0.116708 0.550958
6.970000 28.647152 5.211481 -0.001652 0.978436 2.794068 4.817677 -0.112794 0.394536
6.990000 28.705568 5.306375 -0.001452 0.983096 2.936982 4.722992 -0.085222 0.205994
7.010000 28.765198 5.400157 -0.001302 0.985972 2.960310 4.689416 -0.093470 0.156491
7.030000 28.822659 5.494500 -0.001463 0.992937 2.877518 4.722573 -0.110032 0.351552
7.050000 28.877637 5.590178 -0.001543 1.002759 2.748848 4.787831 -0.106857 0.489821
7.070000 28.929345 5.687965 -0.001477 1.013370 2.564660 4.907754 -0.095460 0.512547
7.090000 28.978153 5.787894 -0.001365 1.024775 2.419350 5.007137 -0.090229 0.583426
7.110000 29.024799 5.888890 -0.001342 1.037584 2.314441 5.048600 -0.095906 0.655063
7.130000 29.069786 5.990766 -0.001462 1.051148 2.219232 5.099883 -0.109931 0.694696
7.150000 29.113280 6.093378 -0.001578 1.064755 2.154565 5.120780 -0.115079 0.678970
7.170000 29.155006 6.196520 -0.001626 1.078988 2.048495 5.168088 -0.110640 0.733355
7.190000 29.193060 6.301287 -0.001444 1.095501 1.889159 5.248421 -0.089486 0.829385
7.210000 29.228465 6.407282 -0.001334 1.113189 1.747121 5.304496 -0.090972 0.884964
7.230000 29.262866 6.513875 -0.001449 1.129699 1.727382 5.326482 -0.110079 0.801161
7.250000 29.297562 6.620444 -0.001576 1.144269 1.729077 5.323501 -0.115135 0.706853
7.270000 29.331964 6.726962 -0.001630 1.157191 1.739719 5.316026 -0.116134 0.601079
7.290000 29.367415 6.833066 -0.001645 1.167698 1.773444 5.306096 -0.116286 0.499417
7.310000 29.402081 6.939327 -0.001651 1.177651 1.719913 5.312531 -0.116366 0.485718
7.330000 29.438628 7.044776 -0.001604 1.184027 1.842262 5.254725 -0.101877 0.284943
7.350000 29.477700 7.148967 -0.001381 1.187539 1.963903 5.199525 -0.086833 0.162516
7.370000 29.516247 7.252909 -0.001397 1.191844 1.922662 5.202138 -0.105656 0.247816
7.390000 29.552197 7.357237 -0.001532 1.199956 1.791488 5.218542 -0.109915 0.392435
7.410000 29.584582 7.462253 -0.001524 1.209822 1.605920 5.247671 -0.102066 0.481974
7.430000 29.613619 7.568800 -0.001408 1.220657 1.440927 5.327518 -0.091448 0.548538
7.450000 29.640097 7.676610 -0.001337 1.232974 1.300593 5.393722 -0.090047 0.627986
7.470000 29.664086 7.785079 -0.001323 1.246624 1.170333 5.411209 -0.092279 0.689599
7.490000 29.685999 7.894120 -0.001401 1.260992 1.071482 5.452297 -0.105156 0.724097
7.510000 29.706245 8.003797 -0.001540 1.275646 0.976222 5.481006 -0.113795 0.750405
7.530000 29.724050 8.113792 -0.001614 1.291177 0.838309 5.484788 -0.115694 0.802316
7.550000 29.739445 8.224090 -0.001640 1.307322 0.732322 5.509859 -0.116316 0.813944
7.570000 29.753614 8.334706 -0.001650 1.322939 0.693453 5.519908 -0.116655 0.763864
7.590000 29.767076 8.445394 -0.001654 1.337614 0.649855 5.520988 -0.116731 0.731174
7.610000 29.778891 8.556123 -0.001655 1.352222 0.560321 5.527778 -0.116570 0.727312
7.630000 29.791326 8.667085 -0.001652 1.364256 0.645866 5.549005 -0.115588 0.567469
7.650000 29.804860 8.778061 -0.001645 1.374151 0.673823 5.551138 -0.116016 0.470647
7.670000 29.819160 8.888874 -0.001625 1.381400 0.734289 5.535090 -0.105859 0.328465
7.690000 29.836685 8.999160 -0.001435 1.384806 0.883064 5.526266 -0.089989 0.159114
7.710000 29.856531 9.108883 -0.001320 1.385806 1.003305 5.465625 -0.088189 0.035078
7.730000 29.877625 9.217918 -0.001355 1.385401 1.053672 5.442318 -0.101821 -0.034657
7.750000 29.898546 9.326821 -0.001515 1.384867 1.013821 5.441848 -0.113245 0.014185
7.770000 29.916874 9.436157 -0.001593 1.387282 0.876759 5.473100 -0.106629 0.138522
7.790000 29.931597 9.546057 -0.001418 1.392927 0.710592 5.491927 -0.088264 0.282369
7.810000 29.943799 9.656513 -0.001304 1.400533 0.592332 5.530796 -0.087500 0.388394
7.830000 29.953741 9.767409 -0.001313 1.409728 0.474529 5.539817 -0.091727 0.462281
7.850000 29.961654 9.878393 -0.001376 1.419963 0.370356 5.539587 -0.102827 0.525968
7.870000 29.967014 9.989440 -0.001505 1.431869 0.215272 5.542849 -0.104035 0.602885
7.890000 29.968475 10.100840 -0.001397 1.445892 0.047476 5.580705 -0.089186 0.694682
7.910000 29.967561 10.212430 -0.001304 1.460931 -0.049380 5.561368 -0.088544 0.724788
7.930000 29.968307 10.323368 -0.001440 1.472137 0.032920 5.547481 -0.109342 0.563118
7.950000 29.971110 10.434121 -0.001559 1.479660 0.137304 5.537927 -0.111397 0.389440
7.970000 29.976362 10.544795 -0.001526 1.483744 0.258857 5.534868 -0.098169 0.201445
7.990000 29.984336 10.655470 -0.001376 1.485032 0.405909 5.536496 -0.088219 0.049364
8.010000 29.994885 10.766026 -0.001299 1.484096 0.525742 5.522628 -0.088979 -0.088176
8.030000 30.007960 10.876279 -0.001346 1.480460 0.667341 5.515077 -0.093927 -0.212576
8.050000 30.023553 10.986283 -0.001338 1.474897 0.781597 5.498322 -0.093303 -0.313282
8.070000 30.040516 11.096044 -0.001446 1.468596 0.861475 5.482814 -0.109402 -0.326176
8.090000 30.057352 11.205900 -0.001573 1.463009 0.825529 5.499797 -0.115013 -0.256554
8.110000 30.073817 11.315842 -0.001629 1.458227 0.814961 5.501433 -0.116312 -0.234599
8.130000 30.088314 11.426053 -0.001631 1.456317 0.703354 5.519869 -0.110306 -0.062117
8.150000 30.100593 11.536518 -0.001554 1.456571 0.595745 5.522372 -0.108443 0.008306
8.170000 30.111132 11.647064 -0.001577 1.458787 0.491902 5.530663 -0.106248 0.131020
8.190000 30.118537 11.757956 -0.001382 1.464118 0.358801 5.549043 -0.083350 0.286677
8.210000 30.124019 11.869066 -0.001275 1.470569 0.285056 5.550716 -0.090458 0.326296
8.230000 30.131417 11.979730 -0.001441 1.473769 0.369459 5.533765 -0.109233 0.164352
8.250000 30.141316 12.090151 -0.001519 1.473656 0.487493 5.521753 -0.103799 -0.012637
8.270000 30.154381 12.200389 -0.001421 1.471225 0.662472 5.514029 -0.089187 -0.146048
8.290000 30.169871 12.310375 -0.001291 1.466882 0.775880 5.496583 -0.087123 -0.237854
8.310000 30.186419 12.420147 -0.001395 1.462071 0.833673 5.485954 -0.106945 -0.228504
8.330000 30.200379 12.529996 -0.001496 1.460272 0.679006 5.499802 -0.101395 -0.102133
8.350000 30.211614 12.640331 -0.001391 1.461236 0.549422 5.518875 -0.089338 0.060627
8.370000 30.220291 12.750975 -0.001331 1.464838 0.403904 5.530855 -0.095021 0.165619
8.390000 30.226181 12.861814 -0.001382 1.470692 0.272530 5.537575 -0.094714 0.302693
8.410000 30.229514 12.972956 -0.001330 1.478658 0.143493 5.552865 -0.089094 0.404077
8.430000 30.229743 13.084115 -0.001378 1.488724 -0.023931 5.549993 -0.098670 0.481840
8.450000 30.226932 13.195344 -0.001379 1.500718 -0.165669 5.567149 -0.091864 0.600555
8.470000 30.223486 13.306441 -0.001366 1.511803 -0.159529 5.547318 -0.102936 0.523004
8.490000 30.222508 13.417223 -0.001518 1.519019 -0.062454 5.540198 -0.111568 0.357364
8.510000 30.223918 13.527931 -0.001551 1.522816 0.052560 5.536494 -0.105463 0.181063
8.530000 30.228107 13.638637 -0.001457 1.523659 0.207530 5.536628 -0.094879 0.039228
8.550000 30.235000 13.749351 -0.001365 1.522048 0.343543 5.536729 -0.089971 -0.111508
8.570000 30.244507 13.859944 -0.001338 1.517645 0.482765 5.530949 -0.097037 -0.226880
8.590000 30.257074 13.970295 -0.001415 1.510940 0.633380 5.517355 -0.098033 -0.348918
8.610000 30.272566 14.080374 -0.001361 1.502050 0.780507 5.509805 -0.089197 -0.472357
8.630000 30.289672 14.190293 -0.001405 1.492627 0.855728 5.497601 -0.106571 -0.489469
8.650000 30.306652 14.300283 -0.001550 1.484086 0.822021 5.509487 -0.114326 -0.427550
8.670000 30.322268 14.410579 -0.001606 1.478132 0.751995 5.525917 -0.107063 -0.282703
8.690000 30.334906 14.521249 -0.001421 1.475918 0.623735 5.547095 -0.087881 -0.104557
8.710000 30.345334 14.632025 -0.001301 1.476062 0.512884 5.535834 -0.088428 0.030699
8.730000 30.353197 14.742334 -0.001350 1.478643 0.375237 5.530435 -0.094504 0.137267
8.750000 30.358739 14.852278 -0.001337 1.483218 0.263749 5.491212 -0.092138 0.245082
8.770000 30.361983 14.961881 -0.001409 1.489909 0.123612 5.477634 -0.102630 0.318465
8.790000 30.361738 15.071442 -0.001438 1.498917 -0.040290 5.473882 -0.096708 0.434971
8.810000 30.358829 15.181030 -0.001352 1.509644 -0.146130 5.472480 -0.089295 0.511058
8.830000 30.357830 15.290134 -0.001454 1.516760 -0.062203 5.456150 -0.109475 0.353249
8.850000 30.359135 15.399021 -0.001562 1.520577 0.044097 5.444862 -0.111228 0.182964
8.870000 30.363167 15.507384 -0.001520 1.521635 0.195159 5.420910 -0.096743 0.042420
8.890000 30.369610 15.614318 -0.001364 1.520450 0.314924 5.337689 -0.087846 -0.072238
8.910000 30.378091 15.720089 -0.001297 1.517285 0.424736 5.280679 -0.088315 -0.191402
8.930000 30.389054 15.825387 -0.001332 1.511647 0.562568 5.264720 -0.092472 -0.305148
8.950000 30.402500 15.930439 -0.001331 1.504379 0.674657 5.253072 -0.093725 -0.403609
8.970000 30.417559 16.035238 -0.001452 1.496131 0.766723 5.239687 -0.109769 -0.456403
8.990000 30.433402 16.139965 -0.001576 1.487935 0.768018 5.242823 -0.115073 -0.417679
9.010000 30.449165 16.244702 -0.001630 1.480637 0.771519 5.245276 -0.116312 -0.365939
9.030000 30.463000 16.348162 -0.001615 1.475998 0.665665 5.172322 -0.105069 -0.229988
9.050000 30.474607 16.450338 -0.001410 1.473985 0.557910 5.095202 -0.088238 -0.094994
9.070000 30.484431 16.551980 -0.001367 1.474371 0.472780 5.092706 -0.094823 0.039290
9.090000 30.491595 16.653882 -0.001341 1.477279 0.342832 5.098899 -0.089716 0.170161
9.110000 30.496787 16.755817 -0.001370 1.481630 0.246636 5.093189 -0.102534 0.238775
9.130000 30.499405 16.857874 -0.001423 1.488430 0.110986 5.106191 -0.094800 0.357924
9.150000 30.499661 16.960082 -0.001366 1.496713 0.002518 5.106887 -0.096063 0.443532
9.170000 30.500008 17.062013 -0.001480 1.503880 0.032264 5.089268 -0.110493 0.351663
9.190000 30.502916 17.163414 -0.001572 1.507237 0.138032 5.070879 -0.111613 0.178856
9.210000 30.508315 17.264402 -0.001561 1.507404 0.253457 5.045374 -0.105842 0.009420
9.230000 30.516225 17.363771 -0.001426 1.505443 0.386707 4.964518 -0.089961 -0.111104
9.250000 30.526496 17.461854 -0.001317 1.501563 0.509488 4.896429 -0.087083 -0.224938
9.270000 30.538274 17.559227 -0.001334 1.496858 0.576335 4.871943 -0.101687 -0.234457
9.290000 30.548522 17.656722 -0.001510 1.494044 0.486751 4.879674 -0.112977 -0.084049
9.310000 30.557313 17.754313 -0.001604 1.492424 0.447861 4.874906 -0.115701 -0.100702
9.330000 30.568409 17.851557 -0.001634 1.488435 0.581266 4.859985 -0.114308 -0.232484
9.350000 30.582072 17.948565 -0.001620 1.482817 0.693286 4.848650 -0.113888 -0.318313
9.370000 30.595449 18.045326 -0.001624 1.478329 0.647728 4.838932 -0.110990 -0.226577
9.390000 30.605731 18.142138 -0.001540 1.477291 0.521922 4.844436 -0.102105 -0.055181
9.410000 30.613351 18.238976 -0.001465 1.479005 0.380023 4.834751 -0.098098 0.079427
9.430000 30.618476 18.334122 -0.001361 1.482542 0.265207 4.742089 -0.087669 0.205290
9.450000 30.621710 18.428270 -0.001293 1.487680 0.169401 4.699337 -0.089965 0.281397
9.470000 30.624373 18.522204 -0.001416 1.492703 0.169165 4.691769 -0.108599 0.225302
9.490000 30.629064 18.615974 -0.001560 1.495266 0.261561 4.683180 -0.114544 0.076352
9.510000 30.634845 18.709614 -0.001623 1.496738 0.294187 4.679247 -0.116237 0.070645
9.530000 30.643329 18.802923 -0.001540 1.494759 0.440794 4.665901 -0.093132 -0.107041
9.550000 30.654798 18.896005 -0.001323 1.490365 0.577141 4.654225 -0.083987 -0.244716
9.570000 30.666486 18.988857 -0.001326 1.486514 0.561115 4.643405 -0.102008 -0.174096
9.590000 30.675580 19.081643 -0.001501 1.486312 0.468266 4.641864 -0.109754 0.003138
9.610000 30.681520 19.174358 -0.001504 1.488680 0.287201 4.629556 -0.099671 0.106139
9.630000 30.684777 19.265314 -0.001360 1.492820 0.172868 4.534335 -0.085937 0.237033
9.650000 30.686197 19.355218 -0.001284 1.498493 0.078964 4.484681 -0.089885 0.308265
9.670000 30.687592 19.444788 -0.001415 1.503385 0.104567 4.474054 -0.108012 0.220162
9.690000 30.691944 19.534176 -0.001435 1.504809 0.226526 4.474986 -0.091186 0.030458
9.710000 30.698580 19.623302 -0.001317 1.504154 0.325652 4.449246 -0.090555 -0.055233
9.730000 30.707387 19.712177 -0.001337 1.501053 0.455438 4.444654 -0.091903 -0.184697
9.750000 30.718190 19.800918 -0.001366 1.496466 0.538914 4.437310 -0.100963 -0.253710
9.770000 30.728462 19.889474 -0.001509 1.493168 0.504998 4.427852 -0.111111 -0.142912
9.790000 30.735863 19.977994 -0.001537 1.493607 0.367234 4.428883 -0.103782 0.013269
9.810000 30.740085 20.066516 -0.001454 1.496410 0.209722 4.416785 -0.095916 0.136403
9.830000 30.741864 20.153168 -0.001366 1.501069 0.099230 4.318463 -0.089802 0.255512
9.850000 30.741522 20.238694 -0.001303 1.507506 -0.012916 4.275702 -0.088179 0.349469
9.870000 30.741057 20.323836 -0.001373 1.513195 0.005135 4.253897 -0.104514 0.273195
9.890000 30.743433 20.408788 -0.001476 1.515419 0.136106 4.250538 -0.101739 0.122566
9.910000 30.748677 20.493627 -0.001398 1.514943 0.275441 4.250359 -0.090089 -0.038171
9.930000 30.756105 20.578228 -0.001304 1.512312 0.378036 4.222600 -0.089442 -0.144531
9.950000 30.764486 20.662573 -0.001417 1.508998 0.430729 4.211822 -0.108462 -0.170147
9.970000 30.773294 20.746816 -0.001562 1.504975 0.477369 4.211932 -0.114669 -0.242960
9.990000 30.784432 20.830901 -0.001621 1.499245 0.583454 4.198316 -0.115749 -0.321031
10.010000 30.796717 20.914887 -0.001643 1.492807 0.616892 4.202039 -0.116552 -0.328826
10.030000 30.810026 20.998732 -0.001652 1.485795 0.690634 4.186936 -0.116751 -0.377800
10.050000 30.824209 21.082429 -0.001655 1.478530 0.708443 4.184345 -0.116842 -0.365728
10.070000 30.837271 21.166114 -0.001638 1.473471 0.645573 4.187402 -0.108461 -0.225478
10.090000 30.847342 21.250009 -0.001497 1.472303 0.503823 4.198000 -0.097049 -0.065588
10.110000 30.854533 21.334038 -0.001407 1.473419 0.353992 4.193702 -0.093937 0.057713
10.130000 30.859499 21.416080 -0.001350 1.476219 0.250937 4.103339 -0.092414 0.178232
10.150000 30.863110 21.497002 -0.001440 1.480204 0.178849 4.048624 -0.108973 0.227583
10.170000 30.866797 21.577388 -0.001570 1.483883 0.182551 4.015395 -0.115061 0.187807
10.190000 30.869947 21.657602 -0.001629 1.487783 0.145022 4.012291 -0.116473 0.202616
10.210000 30.872694 21.737793 -0.001649 1.491830 0.120701 4.010225 -0.116796 0.219095
10.230000 30.873484 21.818009 -0.001654 1.497802 0.016061 4.008669 -0.116197 0.331604
10.250000 30.872274 21.898293 -0.001650 1.505023 -0.078965 4.017449 -0.116263 0.403001
10.270000 30.871765 21.978263 -0.001642 1.510645 -0.005184 3.990780 -0.112242 0.282998
10.290000 30.874338 22.057671 -0.001568 1.512709 0.116442 3.971057 -0.105501 0.109270
10.310000 30.879517 22.136609 -0.001511 1.511930 0.246530 3.939165 -0.102486 -0.034602
10.330000 30.886900 22.213412 -0.001413 1.509148 0.368343 3.826117 -0.091042 -0.139079
10.350000 30.896353 22.288513 -0.001320 1.504273 0.484042 3.747447 -0.087032 -0.260373
10.370000 30.906637 22.362988 -0.001349 1.499220 0.494640 3.731849 -0.103373 -0.213007
10.390000 30.914121 22.437686 -0.001469 1.497134 0.366118 3.744608 -0.099769 -0.062499
10.410000 30.919297 22.512386 -0.001387 1.497201 0.253677 3.733526 -0.093922 0.020378
10.430000 30.922740 22.587164 -0.001400 1.499241 0.156733 3.740648 -0.102118 0.113973
10.450000 30.925259 22.661971 -0.001524 1.501783 0.112747 3.737025 -0.113008 0.100791
10.470000 30.929658 22.736461 -0.001592 1.502193 0.241126 3.718155 -0.106850 -0.007716
10.490000 30.937663 22.810580 -0.001432 1.499259 0.398739 3.706351 -0.089744 -0.160976
10.510000 30.948019 22.884551 -0.001311 1.494318 0.509106 3.698273 -0.088023 -0.252737
10.530000 30.956310 22.958311 -0.001439 1.492163 0.391554 3.690789 -0.108623 -0.139706
10.550000 30.961741 23.032074 -0.001516 1.492743 0.266756 3.689560 -0.103592 0.025362
10.570000 30.964372 23.106114 -0.001424 1.496016 0.117295 3.700832 -0.090587 0.174011
10.590000 30.964667 23.180785 -0.001304 1.501319 0.007540 3.736343 -0.086713 0.284769
10.610000 30.963757 23.255735 -0.001367 1.507465 -0.042248 3.743365 -0.103953 0.301726
10.630000 30.964916 23.329324 -0.001497 1.510765 0.064740 3.682971 -0.105253 0.165965
10.650000 30.968423 23.401355 -0.001442 1.511522 0.186787 3.590832 -0.094087 0.052582
10.670000 30.973874 23.471612 -0.001351 1.510302 0.287636 3.492052 -0.090169 -0.061731
10.690000 30.980541 23.540685 -0.001395 1.507813 0.348749 3.448521 -0.105317 -0.130889
10.710000 30.987248 23.609601 -0.001541 1.505318 0.330638 3.446777 -0.114090 -0.109346
10.730000 30.994592 23.678444 -0.001617 1.502266 0.397273 3.440062 -0.116131 -0.173731
10.750000 31.002513 23.747270 -0.001644 1.498967 0.393178 3.442457 -0.116641 -0.155342
10.770000 31.010994 23.815994 -0.001653 1.495077 0.464152 3.430094 -0.116561 -0.242820
10.790000 31.021806 23.884413 -0.001653 1.489355 0.571721 3.419985 -0.116385 -0.328364
10.810000 31.033102 23.952868 -0.001654 1.483619 0.540961 3.425575 -0.116616 -0.266024
10.830000 31.041091 24.021344 -0.001568 1.481821 0.401373 3.427663 -0.100955 -0.098181
10.850000 31.046386 24.089965 -0.001445 1.482892 0.263497 3.431353 -0.095666 0.051854
10.870000 31.049094 24.158901 -0.001375 1.486200 0.128803 3.456099 -0.090491 0.190320
10.890000 31.050001 24.228280 -0.001340 1.491150 0.043046 3.472811 -0.096687 0.264042
10.910000 31.050185 24.297529 -0.001483 1.496452 0.011360 3.452337 -0.111767 0.250121
10.930000 31.051781 24.364534 -0.001589 1.499883 0.103498 3.357566 -0.113769 0.145275
10.950000 31.055076 24.429743 -0.001609 1.501194 0.194317 3.263032 -0.114001 0.044021
10.970000 31.059072 24.493607 -0.001632 1.501700 0.191918 3.176003 -0.116130 0.040236
10.990000 31.062044 24.556804 -0.001648 1.503056 0.135502 3.159443 -0.116700 0.082682
11.010000 31.064823 24.620005 -0.001655 1.504348 0.154215 3.156215 -0.116798 0.040879
11.030000 31.070524 24.682894 -0.001616 1.502747 0.310821 3.142705 -0.104031 -0.105813
11.050000 31.078873 24.745536 -0.001421 1.498665 0.422208 3.132172 -0.091873 -0.224224
11.070000 31.086911 24.807979 -0.001441 1.495500 0.391794 3.121784 -0.106120 -0.125284
11.090000 31.091802 24.870403 -0.001486 1.495714 0.243161 3.123127 -0.100698 0.014505
11.110000 31.093787 24.933139 -0.001400 1.498517 0.097669 3.126585 -0.091340 0.165060
11.130000 31.093216 24.996130 -0.001339 1.503721 -0.028650 3.160593 -0.089967 0.286984
11.150000 31.090720 25.059494 -0.001317 1.510589 -0.120427 3.167848 -0.092934 0.373295
11.170000 31.088527 25.122760 -0.001434 1.516481 -0.091126 3.157790 -0.108359 0.281283
11.190000 31.089354 25.185658 -0.001526 1.519050 0.056419 3.145651 -0.105799 0.148861
11.210000 31.092970 25.248189 -0.001462 1.518731 0.191845 3.120797 -0.095746 -0.005019
11.230000 31.098422 25.308341 -0.001333 1.516269 0.282348 3.013895 -0.085155 -0.140726
11.250000 31.105491 25.366578 -0.001314 1.512200 0.368892 2.909602 -0.098452 -0.225540
11.270000 31.112354 25.423787 -0.001491 1.508612 0.302007 2.874899 -0.112284 -0.154687
11.290000 31.116791 25.480600 -0.001589 1.507573 0.202161 2.821950 -0.114046 -0.027929
11.310000 31.120094 25.537038 -0.001625 1.507748 0.170387 2.820283 -0.115760 0.015468
11.330000 31.125083 25.593324 -0.001644 1.506344 0.297907 2.810522 -0.116343 -0.116834
11.350000 31.131400 25.649547 -0.001651 1.503623 0.304875 2.812616 -0.116677 -0.130058
11.370000 31.137859 25.705744 -0.001655 1.500753 0.370962 2.805151 -0.116744 -0.178900
11.390000 31.145887 25.761760 -0.001656 1.496563 0.407047 2.802206 -0.116780 -0.218710
11.410000 31.153684 25.817823 -0.001657 1.492863 0.372145 2.802641 -0.116807 -0.163983
11.430000 31.158195 25.873821 -0.001543 1.492987 0.212142 2.802219 -0.095231 -0.004318
11.450000 31.159907 25.930059 -0.001369 1.495679 0.071578 2.805530 -0.088822 0.144034
11.470000 31.159276 25.986567 -0.001311 1.500638 -0.047779 2.833593 -0.089284 0.266324
11.490000 31.156844 26.043284 -0.001343 1.507181 -0.132792 2.837585 -0.099685 0.345615
11.510000 31.153768 26.100058 -0.001501 1.513997 -0.145100 2.829627 -0.112552 0.327985
11.530000 31.153054 26.154904 -0.001551 1.517755 -0.032530 2.735133 -0.105021 0.204318
11.550000 31.154499 26.207811 -0.001466 1.519103 0.086293 2.637354 -0.096637 0.091791
11.570000 31.157939 26.258762 -0.001378 1.518279 0.195223 2.535546 -0.088939 -0.025247
11.590000 31.163154 26.308034 -0.001294 1.515632 0.284241 2.441755 -0.088979 -0.128884
11.610000 31.169150 26.356655 -0.001415 1.512257 0.305855 2.428046 -0.108475 -0.156276
11.630000 31.173493 26.405376 -0.001561 1.510615 0.188785 2.442679 -0.114608 -0.020190
11.650000 31.176411 26.454266 -0.001623 1.510270 0.141580 2.441324 -0.116179 -0.036170
11.670000 31.180302 26.503008 -0.001646 1.509121 0.223236 2.433984 -0.116539 -0.104664
11.690000 31.185417 26.551693 -0.001653 1.507170 0.254988 2.435956 -0.116670 -0.091982
11.710000 31.190293 26.600434 -0.001655 1.505427 0.252207 2.436018 -0.116721 -0.092384
11.730000 31.195880 26.649084 -0.001656 1.502886 0.298917 2.432224 -0.116715 -0.137956
11.750000 31.201751 26.697738 -0.001656 1.500251 0.293740 2.433208 -0.116732 -0.123128
11.770000 31.207961 26.746321 -0.001656 1.497240 0.344700 2.422272 -0.116683 -0.189234
11.790000 31.215477 26.794758 -0.001656 1.493169 0.379957 2.424825 -0.116701 -0.206672
11.810000 31.222773 26.843260 -0.001656 1.489599 0.350697 2.424968 -0.116709 -0.160017
11.830000 31.226857 26.891667 -0.001542 1.489700 0.185784 2.422437 -0.094908 -0.013100
11.850000 31.228219 26.940286 -0.001365 1.492311 0.058026 2.424236 -0.088487 0.140106
11.870000 31.227405 26.989176 -0.001306 1.497064 -0.053139 2.447062 -0.089107 0.257625
11.890000 31.225023 27.038298 -0.001377 1.503084 -0.141578 2.461423 -0.104767 0.312628
11.910000 31.222590 27.087392 -0.001535 1.509036 -0.101403 2.440717 -0.113823 0.275784
11.930000 31.222627 27.133803 -0.001534 1.512003 0.017458 2.322650 -0.100476 0.167305
11.950000 31.224577 27.177967 -0.001418 1.512608 0.121555 2.209132 -0.092849 0.055284
11.970000 31.228364 27.220020 -0.001347 1.511236 0.220184 2.101000 -0.089877 -0.057311
11.990000 31.233621 27.260487 -0.001369 1.508346 0.296103 2.010589 -0.102579 -0.146276
12.010000 31.238909 27.300415 -0.001522 1.505449 0.245807 2.001535 -0.113348 -0.088963
12.030000 31.242170 27.340328 -0.001609 1.504623 0.145000 1.993882 -0.115783 -0.004663
12.050000 31.244973 27.380160 -0.001640 1.504106 0.151654 1.988688 -0.116471 -0.040947
12.070000 31.248386 27.419935 -0.001651 1.503413 0.173012 1.989586 -0.116637 -0.024235
12.090000 31.251711 27.459766 -0.001654 1.502874 0.173255 1.992149 -0.116675 -0.017127
12.110000 31.255006 27.499616 -0.001655 1.502271 0.180597 1.992495 -0.116682 -0.036014
12.130000 31.258951 27.539381 -0.001655 1.500976 0.215885 1.987283 -0.116675 -0.060645
12.150000 31.263056 27.579150 -0.001656 1.499681 0.214751 1.989172 -0.116680 -0.047649
12.170000 31.267410 27.618886 -0.001655 1.498002 0.251917 1.982056 -0.116640 -0.107635
12.190000 31.272645 27.658534 -0.001655 1.495593 0.271627 1.983674 -0.116668 -0.107634
12.210000 31.277772 27.698207 -0.001656 1.493366 0.267234 1.982545 -0.116679 -0.104260
12.230000 31.283382 27.737783 -0.001656 1.490688 0.300329 1.978714 -0.116680 -0.136839
12.250000 31.289221 27.777379 -0.001656 1.487914 0.296696 1.980051 -0.116684 -0.128972
12.270000 31.293820 27.816902 -0.001649 1.486866 0.205517 1.972603 -0.109425 -0.023592
12.290000 31.294918 27.856516 -0.001417 1.489136 0.054752 1.974078 -0.085099 0.137877
12.310000 31.293872 27.896219 -0.001279 1.493424 -0.058341 1.982038 -0.086997 0.237270
12.330000 31.290896 27.933675 -0.001373 1.498852 -0.152324 1.879371 -0.105379 0.306627
12.350000 31.287831 27.969325 -0.001537 1.504105 -0.106763 1.796118 -0.113902 0.241303
12.370000 31.287240 28.003053 -0.001582 1.506709 0.007928 1.680738 -0.103050 0.133046
12.390000 31.289367 28.034364 -0.001406 1.506736 0.133599 1.561859 -0.088617 0.030652
12.410000 31.293343 28.063653 -0.001310 1.504738 0.224330 1.446350 -0.087201 -0.086906
12.430000 31.298451 28.091677 -0.001356 1.501435 0.281015 1.394728 -0.103287 -0.161222
12.450000 31.303227 28.119572 -0.001523 1.498426 0.224073 1.400073 -0.113526 -0.095978
12.470000 31.306637 28.147622 -0.001610 1.496897 0.163406 1.403917 -0.115913 -0.032296
12.490000 31.309516 28.175674 -0.001641 1.495860 0.157449 1.400830 -0.116501 -0.051156
12.510000 31.312776 28.203674 -0.001652 1.494654 0.172936 1.400217 -0.116644 -0.047567
12.530000 31.315827 28.231727 -0.001655 1.493789 0.159027 1.403725 -0.116674 -0.027046
12.550000 31.318789 28.259791 -0.001655 1.492941 0.161662 1.402991 -0.116681 -0.030473
12.570000 31.321316 28.287897 -0.001656 1.492732 0.108638 1.411092 -0.116645 0.049580
12.590000 31.322666 28.316140 -0.001655 1.493445 0.072149 1.410718 -0.116654 0.039038
12.610000 31.324241 28.344301 -0.001656 1.493964 0.091953 1.406827 -0.116683 0.018965
12.630000 31.326362 28.372418 -0.001656 1.494084 0.118748 1.406300 -0.116687 0.013875
12.650000 31.328510 28.400565 -0.001656 1.494202 0.115853 1.408086 -0.116686 0.020671
12.670000 31.330339 28.428749 -0.001656 1.494597 0.089873 1.411210 -0.116684 0.050677
12.690000 31.331735 28.456965 -0.001656 1.495290 0.077972 1.409879 -0.116684 0.041979
12.710000 31.333204 28.485150 -0.001656 1.495959 0.078950 1.409373 -0.116690 0.050846
12.730000 31.334347 28.513380 -0.001656 1.497009 0.059278 1.412182 -0.116689 0.064462
12.750000 31.335372 28.541611 -0.001656 1.498068 0.058087 1.411183 -0.116690 0.058824
12.770000 31.337141 28.569737 -0.001656 1.498121 0.123947 1.399663 -0.116455 -0.061504
12.790000 31.341074 28.597588 -0.001652 1.496198 0.221924 1.386836 -0.116274 -0.114838
12.810000 31.345274 28.625480 -0.001653 1.494400 0.195860 1.399435 -0.116583 -0.042130
12.830000 31.346724 28.653544 -0.001651 1.495153 0.057093 1.404375 -0.115068 0.087609
12.850000 31.346179 28.681863 -0.001640 1.497662 -0.048605 1.416137 -0.115381 0.142967
12.870000 31.346380 28.709948 -0.001644 1.498930 0.044354 1.392463 -0.113034 0.034976
12.890000 31.350388 28.737558 -0.001442 1.497048 0.203886 1.382015 -0.083631 -0.134851
12.910000 31.356259 28.765168 -0.001301 1.493412 0.302502 1.377349 -0.090967 -0.182713
12.930000 31.362410 28.792726 -0.001444 1.489571 0.298989 1.380059 -0.110147 -0.166713
12.950000 31.367195 28.820627 -0.001575 1.486810 0.235940 1.398773 -0.115094 -0.100549
12.970000 31.370452 28.848527 -0.001628 1.486035 0.136405 1.389191 -0.112810 -0.006065
12.990000 31.370301 28.876445 -0.001438 1.488539 -0.011050 1.397213 -0.083914 0.159463
13.010000 31.368249 28.904566 -0.001322 1.492695 -0.109442 1.408399 -0.093383 0.215349
13.030000 31.366538 28.930646 -0.001463 1.494698 -0.042718 1.309592 -0.106662 0.095117
13.050000 31.367244 28.954705 -0.001405 1.493944 0.068674 1.208795 -0.088578 -0.032566
13.070000 31.369551 28.976763 -0.001353 1.491414 0.143797 1.110045 -0.100578 -0.129631
13.090000 31.371572 28.996989 -0.001510 1.489177 0.071729 1.023025 -0.112939 -0.062683
13.110000 31.371823 29.015506 -0.001604 1.488861 0.002776 0.935703 -0.115817 0.007542
13.130000 31.372292 29.032146 -0.001641 1.488345 0.053487 0.838865 -0.116562 -0.044443
13.150000 31.373118 29.046896 -0.001653 1.487470 0.035057 0.747352 -0.116771 -0.029130
13.170000 31.373562 29.059818 -0.001656 1.486975 0.027349 0.655052 -0.116824 -0.023274
13.190000 31.374041 29.070879 -0.001658 1.486448 0.027222 0.562085 -0.116842 -0.025960
13.210000 31.374434 29.080090 -0.001658 1.486013 0.019621 0.469774 -0.116851 -0.020198
13.230000 31.374734 29.087450 -0.001658 1.485680 0.015809 0.377177 -0.116857 -0.017888
13.250000 31.374971 29.092959 -0.001658 1.485417 0.011184 0.284665 -0.116858 -0.014560
13.270000 31.375127 29.096621 -0.001658 1.485249 0.007481 0.191813 -0.116860 -0.009645
13.290000 31.375268 29.098522 -0.001658 1.485225 0.006811 0.098335 -0.116887 -0.002089
13.310000 31.375338 29.099155 -0.001658 1.485239 0.001243 0.006711 -0.116893 0.000699
13.330000 31.375331 29.099116 -0.001658 1.485252 -0.000363 -0.000233 -0.116879 0.000545
13.350000 31.375329 29.099118 -0.001658 1.485256 0.000113 -0.000005 -0.116861 0.000183
13.370000 31.375329 29.099120 -0.001657 1.485257 0.000093 -0.000004 -0.116855 0.000155
13.390000 31.375329 29.099122 -0.001657 1.485257 0.000105 -0.000005 -0.116853 0.000140
13.410000 31.375329 29.099125 -0.001657 1.485257 0.000105 -0.000005 -0.116852 0.000136
13.430000 31.375329 29.099127 -0.001657 1.485257 0.000105 -0.000006 -0.116852 0.000134
13.450000 31.375330 29.099129 -0.001657 1.485257 0.000104 -0.000006 -0.116852 0.000133
13.470000 31.375330 29.099131 -0.001657 1.485257 0.000103 -0.000006 -0.116852 0.000132
13.490000 31.375330 29.099133 -0.001657 1.485257 0.000102 -0.000006 -0.116852 0.000131
13.510000 31.375330 29.099135 -0.001657 1.485257 0.000101 -0.000006 -0.116852 0.000130
13.530000 31.375330 29.099137 -0.001657 1.485257 0.000100 -0.000007 -0.116852 0.000128
13.550000 31.375330 29.099140 -0.001657 1.485257 0.000099 -0.000007 -0.116852 0.000127
13.570000 31.375331 29.099142 -0.001657 1.485257 0.000098 -0.000007 -0.116852 0.000126
13.590000 31.375331 29.099144 -0.001657 1.485257 0.000097 -0.000007 -0.116852 0.000125
13.610000 31.375331 29.099146 -0.001657 1.485257 0.000096 -0.000007 -0.116852 0.000124
13.630000 31.375331 29.099148 -0.001657 1.485257 0.000096 -0.000008 -0.116852 0.000123
13.650000 31.375331 29.099150 -0.001657 1.485257 0.000095 -0.000008 -0.116852 0.000122
13.670000 31.375332 29.099152 -0.001657 1.485257 0.000094 -0.000008 -0.116852 0.000121
13.690000 31.375332 29.099155 -0.001657 1.485257 0.000093 -0.000008 -0.116852 0.000120
13.710000 31.375332 29.099157 -0.001657 1.485257 0.000092 -0.000009 -0.116852 0.000119
13.730000 31.375332 29.099159 -0.001657 1.485257 0.000091 -0.000009 -0.116852 0.000117
13.750000 31.375332 29.099161 -0.001657 1.485257 0.000090 -0.000009 -0.116852 0.000116
13.770000 31.375332 29.099163 -0.001657 1.485257 0.000089 -0.000009 -0.116852 0.000115
13.790000 31.375333 29.099165 -0.001657 1.485257 0.000088 -0.000009 -0.116852 0.000114
13.810000 31.375333 29.099167 -0.001657 1.485257 0.000087 -0.000010 -0.116852 0.000113
13.830000 31.375333 29.099169 -0.001657 1.485257 0.000086 -0.000010 -0.116852 0.000112
13.850000 31.375333 29.099171 -0.001657 1.485257 0.000085 -0.000010 -0.116852 0.000111
13.870000 31.375333 29.099173 -0.001657 1.485257 0.000084 -0.000010 -0.116852 0.000110
13.890000 31.375333 29.099175 -0.001657 1.485257 0.000083 -0.000010 -0.116852 0.000109
13.910000 31.375334 29.099178 -0.001657 1.485257 0.000083 -0.000011 -0.116852 0.000108
13.930000 31.375334 29.099180 -0.001657 1.485257 0.000082 -0.000011 -0.116852 0.000107
13.950000 31.375334 29.099182 -0.001657 1.485257 0.000081 -0.000011 -0.116852 0.000105
13.970000 31.375334 29.099184 -0.001657 1.485257 0.000080 -0.000011 -0.116853 0.000104
13.990000 31.375334 29.099186 -0.001657 1.485257 0.000079 -0.000011 -0.116853 0.000103
14.010000 31.375335 29.099188 -0.001657 1.485257 0.000078 -0.000012 -0.116853 0.000102
14.030000 31.375335 29.099190 -0.001657 1.485257 0.000077 -0.000012 -0.116853 0.000101
14.050000 31.375335 29.099192 -0.001657 1.485257 0.000076 -0.000012 -0.116853 0.000100
14.070000 31.375335 29.099194 -0.001657 1.485257 0.000075 -0.000012 -0.116853 0.000099
14.090000 31.375335 29.099196 -0.001657 1.485257 0.000074 -0.000012 -0.116853 0.000098
14.110000 31.375335 29.099198 -0.001657 1.485257 0.000074 -0.000013 -0.116852 0.000097
14.130000 31.375336 29.099200 -0.001657 1.485257 0.000073 -0.000013 -0.116852 0.000096
14.150000 31.375336 29.099202 -0.001657 1.485257 0.000072 -0.000013 -0.116852 0.000095
14.170000 31.375336 29.099204 -0.001657 1.485257 0.000071 -0.000013 -0.116852 0.000094
14.190000 31.375336 29.099206 -0.001657 1.485257 0.000070 -0.000013 -0.116852 0.000093
14.210000 31.375336 29.099208 -0.001657 1.485257 0.000069 -0.000014 -0.116852 0.000092
14.230000 31.375336 29.099210 -0.001657 1.485257 0.000068 -0.000014 -0.116852 0.000091
14.250000 31.375337 29.099212 -0.001657 1.485257 0.000067 -0.000014 -0.116852 0.000089
14.270000 31.375337 29.099214 -0.001657 1.485257 0.000066 -0.000014 -0.116852 0.000088
14.290000 31.375337 29.099216 -0.001657 1.485257 0.000065 -0.000015 -0.116852 0.000087
14.310000 31.375337 29.099218 -0.001657 1.485257 0.000065 -0.000015 -0.116852 0.000086
14.330000 31.375337 29.099220 -0.001657 1.485257 0.000064 -0.000015 -0.116852 0.000085
14.350000 31.375337 29.099222 -0.001657 1.485257 0.000063 -0.000015 -0.116852 0.000084
14.370000 31.375338 29.099224 -0.001657 1.485257 0.000062 -0.000015 -0.116852 0.000083
14.390000 31.375338 29.099226 -0.001657 1.485257 0.000061 -0.000016 -0.116852 0.000082
14.410000 31.375338 29.099228 -0.001657 1.485257 0.000060 -0.000016 -0.116852 0.000081
14.430000 31.375338 29.099230 -0.001657 1.485257 0.000059 -0.000016 -0.116852 0.000080
14.450000 31.375338 29.099232 -0.001657 1.485257 0.000058 -0.000016 -0.116852 0.000079
14.470000 31.375338 29.099234 -0.001657 1.485257 0.000057 -0.000016 -0.116852 0.000078
14.490000 31.375339 29.099236 -0.001657 1.485257 0.000056 -0.000017 -0.116852 0.000077
14.510000 31.375339 29.099238 -0.001657 1.485257 0.000055 -0.000017 -0.116852 0.000075
14.530000 31.375339 29.099240 -0.001657 1.485257 0.000055 -0.000017 -0.116852 0.000074
14.550000 31.375339 29.099242 -0.001657 1.485257 0.000054 -0.000017 -0.116852 0.000073
14.570000 31.375339 29.099244 -0.001657 1.485257 0.000053 -0.000018 -0.116852 0.000072
14.590000 31.375339 29.099246 -0.001657 1.485257 0.000052 -0.000018 -0.116851 0.000071
14.610000 31.375340 29.099248 -0.001657 1.485257 0.000051 -0.000018 -0.116851 0.000070
14.630000 31.375340 29.099250 -0.001657 1.485257 0.000050 -0.000018 -0.116851 0.000068
14.650000 31.375340 29.099252 -0.001657 1.485257 0.000049 -0.000018 -0.116851 0.000067
14.670000 31.375340 29.099254 -0.001657 1.485257 0.000048 -0.000019 -0.116851 0.000066
14.690000 31.375340 29.099255 -0.001657 1.485257 0.000047 -0.000019 -0.116851 0.000065
14.710000 31.375340 29.099257 -0.001657 1.485257 0.000046 -0.000019 -0.116851 0.000064
14.730000 31.375340 29.099259 -0.001657 1.485257 0.000045 -0.000019 -0.116850 0.000063
14.750000 31.375341 29.099261 -0.001657 1.485257 0.000044 -0.000020 -0.116850 0.000061
14.770000 31.375341 29.099263 -0.001657 1.485257 0.000043 -0.000020 -0.116850 0.000060
14.790000 31.375341 29.099265 -0.001657 1.485257 0.000042 -0.000020 -0.116850 0.000059
14.810000 31.375341 29.099267 -0.001657 1.485257 0.000041 -0.000020 -0.116850 0.000058
14.830000 31.375341 29.099269 -0.001657 1.485257 0.000040 -0.000021 -0.116850 0.000057
14.850000 31.375341 29.099271 -0.001657 1.485257 0.000039 -0.000021 -0.116850 0.000056
14.870000 31.375342 29.099273 -0.001657 1.485257 0.000038 -0.000021 -0.116849 0.000055
14.890000 31.375342 29.099275 -0.001657 1.485256 0.000037 -0.000021 -0.116849 0.000053
14.910000 31.375342 29.099276 -0.001657 1.485256 0.000036 -0.000021 -0.116849 0.000052
14.930000 31.375342 29.099278 -0.001657 1.485256 0.000036 -0.000022 -0.116849 0.000052
14.950000 31.375342 29.099280 -0.001657 1.485256 0.000035 -0.000022 -0.116849 0.000051
14.970000 31.375342 29.099282 -0.001657 1.485256 0.000034 -0.000022 -0.116849 0.000050
14.990000 31.375343 29.099284 -0.001657 1.485256 0.000034 -0.000022 -0.116848 0.000049
15.010000 31.375343 29.099286 -0.001657 1.485256 0.000033 -0.000022 -0.116848 0.000048
15.030000 31.375343 29.099288 -0.001657 1.485256 0.000032 -0.000022 -0.116848 0.000047
15.050000 31.375343 29.099289 -0.001657 1.485256 0.000031 -0.000023 -0.116848 0.000046
15.070000 31.375343 29.099291 -0.001657 1.485256 0.000031 -0.000023 -0.116848 0.000045
15.090000 31.375343 29.099293 -0.001657 1.485256 0.000030 -0.000023 -0.116847 0.000045
15.110000 31.375343 29.099295 -0.001657 1.485256 0.000029 -0.000023 -0.116847 0.000044
15.130000 31.375344 29.099297 -0.001657 1.485256 0.000029 -0.000023 -0.116847 0.000043
15.150000 31.375344 29.099299 -0.001657 1.485256 0.000028 -0.000024 -0.116847 0.000042
15.170000 31.375344 29.099301 -0.001657 1.485256 0.000027 -0.000024 -0.116847 0.000041
15.190000 31.375344 29.099302 -0.001657 1.485256 0.000026 -0.000024 -0.116846 0.000040
15.210000 31.375344 29.099304 -0.001657 1.485256 0.000026 -0.000024 -0.116846 0.000039
15.230000 31.375344 29.099306 -0.001657 1.485256 0.000025 -0.000024 -0.116846 0.000038
15.250000 31.375345 29.099308 -0.001657 1.485256 0.000024 -0.000024 -0.116846 0.000038
15.270000 31.375345 29.099310 -0.001657 1.485256 0.000024 -0.000025 -0.116846 0.000037
15.290000 31.375345 29.099311 -0.001657 1.485256 0.000023 -0.000025 -0.116845 0.000036
15.310000 31.375345 29.099313 -0.001657 1.485256 0.000022 -0.000025 -0.116845 0.000035
15.330000 31.375345 29.099315 -0.001657 1.485256 0.000021 -0.000025 -0.116845 0.000034
15.350000 31.375345 29.099317 -0.001657 1.485256 0.000020 -0.000025 -0.116845 0.000033
15.370000 31.375345 29.099319 -0.001657 1.485256 0.000019 -0.000026 -0.116845 0.000032
15.390000 31.375346 29.099321 -0.001657 1.485256 0.000018 -0.000026 -0.116846 0.000030
15.410000 31.375346 29.099322 -0.001657 1.485256 0.000017 -0.000026 -0.116846 0.000029
15.430000 31.375346 29.099324 -0.001657 1.485256 0.000016 -0.000026 -0.116847 0.000027
15.450000 31.375346 29.099326 -0.001657 1.485256 0.000015 -0.000027 -0.116847 0.000026
15.470000 31.375346 29.099328 -0.001657 1.485256 0.000014 -0.000027 -0.116848 0.000025
15.490000 31.375346 29.099329 -0.001657 1.485256 0.000013 -0.000027 -0.116848 0.000023
15.510000 31.375346 29.099331 -0.001657 1.485256 0.000011 -0.000027 -0.116849 0.000022
15.530000 31.375347 29.099333 -0.001657 1.485256 0.000010 -0.000028 -0.116849 0.000021
15.550000 31.375347 29.099335 -0.001657 1.485256 0.000009 -0.000028 -0.116850 0.000019
15.570000 31.375347 29.099337 -0.001657 1.485256 0.000008 -0.000028 -0.116851 0.000018
15.590000 31.375347 29.099338 -0.001657 1.485256 0.000007 -0.000029 -0.116851 0.000017
15.610000 31.375347 29.099340 -0.001657 1.485256 0.000006 -0.000029 -0.116852 0.000015
15.630000 31.375347 29.099342 -0.001657 1.485256 0.000005 -0.000029 -0.116852 0.000014
15.650000 31.375347 29.099343 -0.001657 1.485256 0.000004 -0.000029 -0.116853 0.000013
15.670000 31.375348 29.099345 -0.001657 1.485256 0.000002 -0.000030 -0.116853 0.000011
15.690000 31.375348 29.099347 -0.001657 1.485256 0.000001 -0.000030 -0.116854 0.000010
15.710000 31.375348 29.099349 -0.001657 1.485256 0.000000 -0.000030 -0.116854 0.000008
15.730000 31.375348 29.099350 -0.001657 1.485256 -0.000001 -0.000030 -0.116855 0.000007
15.750000 31.375348 29.099352 -0.001657 1.485256 -0.000000 -0.000030 -0.116855 0.000007
15.770000 31.375348 29.099354 -0.001657 1.485256 -0.000001 -0.000030 -0.116855 0.000007
15.790000 31.375348 29.099356 -0.001657 1.485256 -0.000001 -0.000030 -0.116855 0.000007
15.810000 31.375349 29.099357 -0.001657 1.485256 -0.000001 -0.000030 -0.116855 0.000007
15.830000 31.375349 29.099359 -0.001657 1.485256 -0.000001 -0.000030 -0.116855 0.000007
15.850000 31.375349 29.099361 -0.001657 1.485256 -0.000001 -0.000030 -0.116855 0.000007
15.870000 31.375349 29.099362 -0.001657 1.485256 -0.000001 -0.000031 -0.116855 0.000007
15.890000 31.375349 29.099364 -0.001657 1.485256 -0.000001 -0.000031 -0.116855 0.000007
15.910000 31.375349 29.099366 -0.001657 1.485256 -0.000001 -0.000031 -0.116855 0.000007
15.930000 31.375350 29.099368 -0.001657 1.485256 -0.000001 -0.000031 -0.116855 0.000007
15.950000 31.375350 29.099369 -0.001657 1.485256 -0.000001 -0.000031 -0.116855 0.000007
15.970000 31.375350 29.099371 -0.001657 1.485256 -0.000001 -0.000031 -0.116855 0.000007
15.990000 31.375350 29.099373 -0.001657 1.485256 -0.000000 -0.000031 -0.116855 0.000007
16.010000 31.375350 29.099374 -0.001657 1.485256 -0.000000 -0.000031 -0.116855 0.000007
16.030000 31.375350 29.099376 -0.001657 1.485256 -0.000000 -0.000031 -0.116855 0.000007
16.050000 31.375350 29.099378 -0.001657 1.485256 -0.000000 -0.000031 -0.116855 0.000007
16.070000 31.375351 29.099379 -0.001657 1.485256 -0.000000 -0.000031 -0.116855 0.000007
