# stamp x y z yaw linear_v angular_v
0.176000 0.000000 0.000000 -0.000709 0.000000 0.000001 -0.000009
0.196000 0.000001 0.000000 -0.001311 0.000000 -0.000010 -0.000003
0.216000 0.000002 0.000000 -0.001549 0.000000 -0.000020 -0.000004
0.236000 0.000004 0.000000 -0.001626 0.000000 -0.000025 -0.000004
0.256000 0.000006 0.000000 -0.001648 0.000000 -0.000027 -0.000004
0.276000 0.000008 0.000000 -0.001655 0.000000 -0.000028 -0.000004
0.296000 0.000009 0.000000 -0.001657 0.000000 -0.000028 -0.000004
0.316000 0.000011 0.000000 -0.001657 0.000000 -0.000028 -0.000004
0.336000 0.000013 0.000000 -0.001657 0.000000 -0.000028 -0.000004
0.356000 0.000015 0.000000 -0.001657 0.000000 -0.000028 -0.000004
0.376000 0.000016 0.000000 -0.001657 0.000000 -0.000028 -0.000004
0.396000 0.000018 0.000000 -0.001657 0.000000 -0.000028 -0.000004
0.416000 0.000020 0.000000 -0.001657 0.000000 -0.000028 -0.000004
0.436000 0.000022 0.000000 -0.001657 0.000000 -0.000028 -0.000004
0.456000 0.000023 0.000000 -0.001657 0.000000 -0.000028 -0.000004
0.476000 0.000025 0.000000 -0.001657 0.000000 -0.000028 -0.000004
0.496000 0.000027 0.000000 -0.001657 0.000000 -0.000028 -0.000004
0.516000 0.001383 -0.000040 -0.001656 -0.000042 0.071459 -0.007005
0.536000 0.004986 -0.000338 -0.001655 -0.000348 0.167070 -0.019488
0.556000 0.010477 -0.000762 -0.001655 -0.000764 0.261445 -0.012542
0.576000 0.017762 -0.000315 -0.001656 -0.000252 0.350318 0.044689
0.596000 0.026930 0.000384 -0.001656 0.000478 0.447928 0.027358
0.616000 0.038007 0.000608 -0.001656 0.000673 0.540099 -0.025433
0.636000 0.050931 -0.000144 -0.001656 -0.000140 0.635130 -0.034143
0.656000 0.065791 -0.000581 -0.001656 -0.000578 0.731522 -0.009996
0.676000 0.082547 -0.000253 -0.001656 -0.000202 0.826042 0.029879
0.696000 0.101217 0.000122 -0.001656 0.000193 0.922337 0.011346
0.716000 0.121803 0.000171 -0.001656 0.000227 1.017390 -0.016922
0.736000 0.144290 -0.000283 -0.001656 -0.000253 1.113037 -0.019836
0.756000 0.168694 -0.000523 -0.001656 -0.000482 1.207840 0.006095
0.776000 0.194938 0.000443 -0.001656 0.000547 1.299502 0.070122
0.796000 0.223089 0.001531 -0.001656 0.001630 1.396940 0.040091
0.816000 0.253080 0.001652 -0.001656 0.001644 1.482911 -0.034784
0.836000 0.284713 -0.000430 -0.001648 -0.000606 1.566500 -0.138229
0.856000 0.318060 -0.003656 -0.001647 -0.003880 1.650821 -0.142899
0.876000 0.352892 -0.004302 -0.001523 -0.004293 1.726953 -0.011355
0.896000 0.389300 -0.002776 -0.001348 -0.002464 1.807063 0.099279
0.916000 0.427243 0.000744 -0.001315 0.001306 1.882012 0.199521
0.936000 0.466667 0.006174 -0.001360 0.006820 1.957065 0.288438
0.956000 0.507692 0.012367 -0.001513 0.012783 2.031932 0.277804
0.976000 0.549964 0.016278 -0.001561 0.016016 2.099562 0.154700
0.996000 0.593604 0.018102 -0.001503 0.016888 2.168016 0.035268
1.016000 0.638563 0.017871 -0.001459 0.015620 2.232689 -0.075525
1.036000 0.684783 0.015545 -0.001441 0.012284 2.295367 -0.183011
1.056000 0.732271 0.011033 -0.001400 0.006910 2.359805 -0.289528
1.076000 0.781190 0.004449 -0.001362 -0.000264 2.431294 -0.384502
1.096000 0.831690 -0.003544 -0.001479 -0.008456 2.515255 -0.416682
1.116000 0.882884 -0.010031 -0.001578 -0.014213 2.536807 -0.261625
1.136000 0.934085 -0.013453 -0.001524 -0.016689 2.547945 -0.112236
1.156000 0.986411 -0.014508 -0.001437 -0.016839 2.625799 0.007355
1.176000 1.040513 -0.013598 -0.001353 -0.014949 2.713709 0.122596
1.196000 1.095733 -0.010919 -0.001317 -0.011425 2.768888 0.206321
1.216000 1.151204 -0.008111 -0.001458 -0.008198 2.767549 0.119652
1.236000 1.206718 -0.007595 -0.001579 -0.007379 2.777440 0.000810
1.256000 1.262252 -0.008094 -0.001628 -0.007116 2.773474 0.042376
1.276000 1.317796 -0.006734 -0.001647 -0.005052 2.779656 0.151173
1.296000 1.373406 -0.004161 -0.001652 -0.002352 2.780202 0.129201
1.316000 1.429007 -0.001080 -0.001655 0.001076 2.776385 0.224058
1.336000 1.484498 0.003956 -0.001655 0.006224 2.773254 0.287839
1.356000 1.540028 0.009092 -0.001656 0.010971 2.769314 0.203560
1.376000 1.595085 0.010883 -0.001554 0.011655 2.754169 0.045308
1.396000 1.649987 0.009729 -0.001435 0.009787 2.743485 -0.095605
1.416000 1.704841 0.005913 -0.001380 0.005395 2.731092 -0.237531
1.436000 1.759862 -0.000307 -0.001327 -0.001209 2.755563 -0.358749
1.456000 1.814897 -0.007875 -0.001333 -0.008833 2.747476 -0.383386
1.476000 1.869579 -0.013075 -0.001491 -0.013192 2.735573 -0.209411
1.496000 1.924137 -0.015443 -0.001525 -0.014605 2.728078 -0.071163
1.516000 1.978880 -0.015005 -0.001417 -0.013422 2.737195 0.087760
1.536000 2.034261 -0.012467 -0.001295 -0.010172 2.780319 0.187126
1.556000 2.089819 -0.008986 -0.001384 -0.006296 2.771734 0.185241
1.576000 2.145344 -0.007195 -0.001543 -0.004330 2.778339 0.038970
1.596000 2.200908 -0.007234 -0.001615 -0.003806 2.776471 0.023252
1.616000 2.256469 -0.006438 -0.001643 -0.002416 2.779071 0.123978
1.636000 2.312065 -0.004127 -0.001653 -0.000057 2.779776 0.121065
1.656000 2.367664 -0.001939 -0.001656 0.002102 2.777173 0.123045
1.676000 2.423186 0.001646 -0.001657 0.005777 2.771330 0.214855
1.696000 2.478713 0.005956 -0.001657 0.009806 2.774445 0.179823
1.716000 2.533937 0.008390 -0.001628 0.011269 2.755147 0.052884
1.736000 2.588824 0.007300 -0.001459 0.009462 2.743869 -0.088639
1.756000 2.643694 0.003561 -0.001370 0.005159 2.731496 -0.230456
1.776000 2.698516 -0.002738 -0.001345 -0.001524 2.747457 -0.354766
1.796000 2.753506 -0.011075 -0.001318 -0.010003 2.743226 -0.449791
1.816000 2.808201 -0.018966 -0.001432 -0.017254 2.731519 -0.345868
1.836000 2.862627 -0.024031 -0.001547 -0.021016 2.722386 -0.189003
1.856000 2.916979 -0.026165 -0.001510 -0.021926 2.716106 -0.039360
1.876000 2.971636 -0.025628 -0.001396 -0.020146 2.721865 0.111748
1.896000 3.026829 -0.022846 -0.001312 -0.016235 2.767950 0.227389
1.916000 3.082357 -0.019254 -0.001374 -0.011927 2.771996 0.192803
1.936000 3.137908 -0.017782 -0.001536 -0.009960 2.778388 0.043567
1.956000 3.193474 -0.017809 -0.001612 -0.009150 2.776579 0.040419
1.976000 3.249057 -0.017368 -0.001642 -0.007955 2.780153 0.078995
1.996000 3.304658 -0.016350 -0.001653 -0.006566 2.780006 0.067596
2.016000 3.360213 -0.014586 -0.001656 -0.004213 2.776980 0.178115
2.036000 3.415766 -0.010773 -0.001654 -0.000005 2.778560 0.244105
2.056000 3.471379 -0.006446 -0.001655 0.004355 2.777359 0.220892
2.076000 3.526859 -0.001140 -0.001656 0.009587 2.763772 0.281476
2.096000 3.582221 0.004860 -0.001657 0.015157 2.758798 0.253761
2.116000 3.637084 0.009123 -0.001635 0.018238 2.734791 0.137027
2.136000 3.691452 0.010034 -0.001516 0.018032 2.717660 -0.009400
2.156000 3.745599 0.008267 -0.001445 0.015144 2.702212 -0.150825
2.176000 3.800155 0.003917 -0.001362 0.009955 2.733300 -0.282257
2.196000 3.855204 -0.002429 -0.001302 0.002911 2.752382 -0.380271
2.216000 3.910379 -0.009152 -0.001412 -0.003918 2.760318 -0.308353
2.236000 3.965824 -0.013471 -0.001553 -0.007948 2.776003 -0.149924
2.256000 4.021351 -0.016105 -0.001612 -0.010244 2.777498 -0.066454
2.276000 4.076896 -0.015843 -0.001560 -0.009242 2.780691 0.094509
2.296000 4.132472 -0.013358 -0.001418 -0.006402 2.774127 0.152782
2.316000 4.187944 -0.010636 -0.001505 -0.003613 2.768583 0.089439
2.336000 4.243492 -0.009785 -0.001598 -0.002492 2.778235 0.026101
2.356000 4.299062 -0.009251 -0.001637 -0.001463 2.776840 0.085113
2.376000 4.354620 -0.006898 -0.001650 0.001233 2.778366 0.174365
2.396000 4.410216 -0.003700 -0.001654 0.004289 2.780115 0.142918
2.416000 4.465622 -0.002304 -0.001631 0.004926 2.765428 0.004219
2.436000 4.520831 -0.004583 -0.001417 0.002339 2.758895 -0.138979
2.456000 4.576041 -0.008960 -0.001304 -0.002080 2.759078 -0.224269
2.476000 4.630817 -0.011081 -0.001447 -0.003546 2.739415 -0.076289
2.496000 4.685326 -0.010180 -0.001509 -0.002363 2.723371 0.062154
2.516000 4.739910 -0.006463 -0.001411 0.001545 2.720876 0.212874
2.536000 4.794945 -0.000451 -0.001312 0.007591 2.751256 0.331370
2.556000 4.850137 0.006830 -0.001337 0.014530 2.755183 0.346682
2.576000 4.905006 0.011694 -0.001492 0.018168 2.745142 0.173011
2.596000 4.959806 0.013642 -0.001497 0.018911 2.739926 0.036634
2.616000 5.014828 0.012872 -0.001384 0.017230 2.762854 -0.118509
2.636000 5.070294 0.010390 -0.001306 0.013895 2.772122 -0.176926
2.656000 5.125684 0.007422 -0.001458 0.010388 2.764581 -0.140929
2.676000 5.181099 0.006587 -0.001581 0.008952 2.775178 -0.016238
2.696000 5.236614 0.007278 -0.001629 0.008787 2.772870 -0.014946
2.716000 5.292070 0.006689 -0.001647 0.007323 2.774612 -0.131024
2.736000 5.347579 0.003827 -0.001650 0.004147 2.775879 -0.185298
2.756000 5.403089 0.000687 -0.001653 0.000871 2.775021 -0.163585
2.776000 5.458521 -0.003334 -0.001655 -0.003398 2.766254 -0.226205
2.796000 5.513833 -0.008107 -0.001656 -0.008046 2.759381 -0.208582
2.816000 5.568763 -0.011111 -0.001632 -0.010356 2.740158 -0.097036
2.836000 5.623303 -0.010739 -0.001492 -0.009341 2.725794 0.052332
2.856000 5.677797 -0.007732 -0.001409 -0.005718 2.711914 0.195251
2.876000 5.732504 -0.002181 -0.001358 0.000259 2.737456 0.321706
2.896000 5.787612 0.005450 -0.001311 0.008084 2.746243 0.420478
2.916000 5.842428 0.012699 -0.001404 0.014763 2.736205 0.320300
2.936000 5.896977 0.017151 -0.001525 0.017921 2.728407 0.156504
2.956000 5.951512 0.018592 -0.001480 0.018316 2.725170 0.011596
2.976000 6.006395 0.017400 -0.001358 0.016182 2.748534 -0.135595
2.996000 6.061772 0.014318 -0.001299 0.012214 2.777252 -0.221428
3.016000 6.117238 0.011113 -0.001434 0.008582 2.773262 -0.136323
3.036000 6.172750 0.010419 -0.001568 0.007500 2.775273 -0.011620
3.056000 6.228247 0.011075 -0.001622 0.007355 2.770897 -0.020195
3.076000 6.283736 0.010283 -0.001644 0.005866 2.777142 -0.117497
3.096000 6.339269 0.008418 -0.001652 0.003834 2.776436 -0.096265
3.116000 6.394739 0.005939 -0.001655 0.000951 2.773205 -0.199288
3.136000 6.450139 0.001472 -0.001653 -0.003736 2.772747 -0.264048
3.156000 6.505577 -0.003150 -0.001655 -0.008068 2.767841 -0.182983
3.176000 6.560634 -0.004366 -0.001551 -0.008428 2.754351 -0.025984
3.196000 6.615634 -0.002687 -0.001419 -0.006223 2.745795 0.120326
3.216000 6.670606 0.001583 -0.001368 -0.001467 2.733036 0.258911
3.236000 6.725734 0.008304 -0.001334 0.005476 2.757361 0.375697
3.256000 6.780850 0.016454 -0.001331 0.013494 2.745659 0.405586
3.276000 6.835468 0.022274 -0.001485 0.018214 2.732061 0.232449
3.296000 6.889917 0.025364 -0.001531 0.019893 2.722388 0.089712
3.316000 6.944521 0.025499 -0.001434 0.018958 2.721502 -0.067238
3.336000 6.999587 0.023262 -0.001315 0.015711 2.765385 -0.195677
3.356000 7.055041 0.019608 -0.001332 0.011245 2.775014 -0.237746
3.376000 7.110537 0.016945 -0.001503 0.008174 2.776974 -0.086991
3.396000 7.166066 0.016172 -0.001601 0.006781 2.775788 -0.056742
3.416000 7.221591 0.015271 -0.001639 0.005240 2.776619 -0.083365
3.436000 7.277120 0.013880 -0.001652 0.003579 2.776520 -0.077217
3.456000 7.332645 0.012357 -0.001655 0.001817 2.774637 -0.105080
3.476000 7.388101 0.009403 -0.001656 -0.001459 2.770071 -0.187166
3.496000 7.443542 0.005782 -0.001656 -0.005019 2.771075 -0.155572
3.516000 7.498907 0.001678 -0.001656 -0.009162 2.767678 -0.254169
3.536000 7.554136 -0.004534 -0.001653 -0.015134 2.756519 -0.331033
3.556000 7.609331 -0.011076 -0.001655 -0.020831 2.750848 -0.255404
3.576000 7.663961 -0.014460 -0.001584 -0.022551 2.732850 -0.096327
3.596000 7.718336 -0.014932 -0.001492 -0.021649 2.717231 0.046014
3.616000 7.772744 -0.012738 -0.001424 -0.018168 2.709791 0.191958
3.636000 7.827706 -0.008149 -0.001333 -0.012479 2.754793 0.317177
3.656000 7.883023 -0.001875 -0.001317 -0.005417 2.759928 0.374835
3.676000 7.938447 0.003661 -0.001484 0.000355 2.778240 0.238593
3.696000 7.994083 0.007367 -0.001592 0.004205 2.778294 0.169735
3.716000 8.049641 0.009943 -0.001634 0.006337 2.776562 0.055044
3.736000 8.105186 0.009210 -0.001480 0.005267 2.778071 -0.090070
3.756000 8.160645 0.006815 -0.001365 0.002835 2.767813 -0.125102
3.776000 8.216031 0.004939 -0.001503 0.001037 2.769783 -0.031034
3.796000 8.271561 0.004780 -0.001600 0.000565 2.776285 -0.018513
3.816000 8.327075 0.003727 -0.001639 -0.001004 2.773994 -0.142308
3.836000 8.382542 0.000312 -0.001647 -0.004401 2.773864 -0.206620
3.856000 8.437981 -0.003498 -0.001652 -0.007711 2.768809 -0.130628
3.876000 8.493129 -0.003762 -0.001531 -0.007192 2.758662 0.023934
3.896000 8.548356 -0.001197 -0.001364 -0.004211 2.754692 0.176490
3.916000 8.603705 0.003715 -0.001315 0.001149 2.765212 0.301848
3.936000 8.659101 0.011010 -0.001327 0.008548 2.764624 0.397534
3.956000 8.714273 0.019521 -0.001384 0.016773 2.746835 0.420550
3.976000 8.768867 0.025650 -0.001525 0.021625 2.730639 0.240331
3.996000 8.823220 0.029086 -0.001545 0.023363 2.717703 0.096736
4.016000 8.877594 0.029545 -0.001460 0.022494 2.711588 -0.055977
4.036000 8.932313 0.027413 -0.001351 0.019160 2.739923 -0.190607
4.056000 8.987553 0.023382 -0.001303 0.014054 2.761511 -0.279379
4.076000 9.042832 0.019418 -0.001450 0.009485 2.765490 -0.182020
4.096000 9.098336 0.017280 -0.001579 0.006767 2.776579 -0.108050
4.116000 9.153864 0.015996 -0.001632 0.005093 2.776096 -0.014076
4.136000 9.209387 0.016084 -0.001649 0.004699 2.775658 -0.022229
4.156000 9.264923 0.015851 -0.001654 0.003941 2.775567 -0.080679
4.176000 9.320436 0.013901 -0.001655 0.001617 2.776016 -0.147536
4.196000 9.375952 0.011369 -0.001655 -0.000886 2.776629 -0.112270
4.216000 9.431479 0.008439 -0.001656 -0.003993 2.773558 -0.210957
4.236000 9.486842 0.003416 -0.001653 -0.009019 2.767650 -0.289210
4.256000 9.542217 -0.002028 -0.001655 -0.013918 2.764220 -0.216362
4.276000 9.597163 -0.004192 -0.001566 -0.014811 2.749082 -0.053616
4.296000 9.651960 -0.003416 -0.001451 -0.013134 2.737309 0.088274
4.316000 9.706759 -0.000011 -0.001393 -0.008890 2.725421 0.231362
4.336000 9.761831 0.005842 -0.001336 -0.002424 2.758754 0.353520
4.356000 9.816975 0.013076 -0.001317 0.005038 2.745864 0.372929
4.376000 9.871642 0.017896 -0.001476 0.009205 2.734825 0.200970
4.396000 9.926192 0.019874 -0.001511 0.010438 2.727167 0.063935
4.416000 9.980931 0.019046 -0.001403 0.009123 2.741363 -0.094002
4.436000 10.036269 0.016230 -0.001292 0.005840 2.775472 -0.184045
4.456000 10.091672 0.012595 -0.001406 0.002064 2.764979 -0.173663
4.476000 10.147075 0.010795 -0.001556 0.000264 2.774319 -0.032998
4.496000 10.202602 0.010821 -0.001620 -0.000058 2.774244 -0.011086
4.516000 10.258098 0.010039 -0.001644 -0.001212 2.775685 -0.112205
4.536000 10.313608 0.007581 -0.001652 -0.003485 2.775588 -0.119175
4.556000 10.369118 0.005223 -0.001655 -0.005596 2.774138 -0.115359
4.576000 10.424539 0.001556 -0.001656 -0.009168 2.767242 -0.206221
4.596000 10.479924 -0.002858 -0.001656 -0.013111 2.768265 -0.175747
4.616000 10.535020 -0.005402 -0.001630 -0.014540 2.749443 -0.049655
4.636000 10.589804 -0.004457 -0.001469 -0.012695 2.737248 0.096256
4.656000 10.644636 -0.000901 -0.001377 -0.008311 2.724757 0.239443
4.676000 10.699535 0.005211 -0.001349 -0.001598 2.749351 0.359799
4.696000 10.754705 0.013380 -0.001317 0.006900 2.746422 0.455450
4.716000 10.809487 0.021151 -0.001416 0.014208 2.734094 0.353805
4.736000 10.863964 0.026165 -0.001536 0.017953 2.724821 0.183611
4.756000 10.918359 0.028193 -0.001501 0.018883 2.718722 0.043378
4.776000 10.973032 0.027489 -0.001389 0.017177 2.722788 -0.107690
4.796000 11.028166 0.024564 -0.001308 0.013317 2.765539 -0.224259
4.816000 11.083577 0.020982 -0.001384 0.009185 2.770164 -0.177612
4.836000 11.139064 0.019596 -0.001543 0.007456 2.775693 -0.035745
4.856000 11.194582 0.019618 -0.001615 0.006757 2.773766 -0.039053
4.876000 11.250109 0.019070 -0.001643 0.005601 2.776935 -0.076670
4.896000 11.305644 0.017967 -0.001653 0.004272 2.776738 -0.063752
4.916000 11.361130 0.016133 -0.001656 0.001977 2.773646 -0.175379
4.936000 11.416569 0.012250 -0.001653 -0.002176 2.774146 -0.240818
4.956000 11.472048 0.007852 -0.001654 -0.006483 2.773921 -0.218653
4.976000 11.527402 0.002480 -0.001655 -0.011657 2.760759 -0.276142
4.996000 11.582621 -0.003600 -0.001656 -0.017182 2.754726 -0.250957
5.016000 11.637393 -0.007941 -0.001638 -0.020236 2.731408 -0.134000
5.036000 11.691687 -0.008950 -0.001526 -0.019998 2.714247 0.010892
5.056000 11.745801 -0.007275 -0.001453 -0.017095 2.698137 0.154356
5.076000 11.800390 -0.003070 -0.001366 -0.011863 2.730969 0.285196
5.096000 11.855548 0.003183 -0.001304 -0.004788 2.755162 0.381581
5.116000 11.910876 0.009866 -0.001407 0.002107 2.762727 0.312914
5.136000 11.966423 0.014169 -0.001550 0.006227 2.779388 0.154688
5.156000 12.022043 0.016826 -0.001611 0.008672 2.780911 0.078849
5.176000 12.077627 0.016720 -0.001578 0.007864 2.782003 -0.082367
5.196000 12.133135 0.014277 -0.001443 0.005151 2.771275 -0.146451
5.216000 12.188526 0.011534 -0.001518 0.002412 2.765448 -0.090572
5.236000 12.244010 0.010670 -0.001603 0.001286 2.776601 -0.025874
5.256000 12.299538 0.010071 -0.001639 0.000272 2.774467 -0.084922
5.276000 12.355020 0.007662 -0.001651 -0.002404 2.774881 -0.173193
5.296000 12.410516 0.004438 -0.001654 -0.005422 2.776187 -0.140233
5.316000 12.465839 0.003045 -0.001632 -0.006025 2.761585 -0.002025
5.336000 12.521026 0.005264 -0.001423 -0.003386 2.754858 0.146167
5.356000 12.576251 0.009487 -0.001310 0.000904 2.757730 0.215461
5.376000 12.631014 0.011340 -0.001453 0.002114 2.738704 0.060229
5.396000 12.685512 0.010145 -0.001496 0.000661 2.722880 -0.072398
5.416000 12.740056 0.006106 -0.001397 -0.003420 2.722901 -0.219717
5.436000 12.794999 -0.000160 -0.001305 -0.009605 2.747049 -0.336533
5.456000 12.850053 -0.007582 -0.001359 -0.016578 2.752666 -0.347948
5.476000 12.904878 -0.012563 -0.001511 -0.020257 2.743166 -0.177297
5.496000 12.959638 -0.014609 -0.001506 -0.021045 2.737971 -0.035342
5.516000 13.014639 -0.013999 -0.001393 -0.019356 2.760556 0.118073
5.536000 13.070196 -0.011628 -0.001308 -0.015992 2.777361 0.180863
5.556000 13.125711 -0.008702 -0.001451 -0.012400 2.769011 0.150056
5.576000 13.181215 -0.007810 -0.001577 -0.010864 2.777651 0.021969
5.596000 13.236762 -0.008476 -0.001626 -0.010565 2.774978 0.021958
5.616000 13.292301 -0.007976 -0.001647 -0.009082 2.778256 0.133214
5.636000 13.347908 -0.005204 -0.001651 -0.005889 2.780172 0.186796
5.656000 13.403512 -0.002095 -0.001653 -0.002532 2.776672 0.173236
5.676000 13.459040 0.001950 -0.001655 0.001825 2.768638 0.229489
5.696000 13.514463 0.006689 -0.001656 0.006522 2.762061 0.210227
5.716000 13.569468 0.009676 -0.001629 0.008863 2.743090 0.101544
5.736000 13.624068 0.009261 -0.001483 0.007892 2.728817 -0.046981
5.756000 13.678574 0.006192 -0.001403 0.004315 2.715757 -0.187169
5.776000 13.733203 0.000545 -0.001354 -0.001620 2.735166 -0.316323
5.796000 13.788152 -0.007160 -0.001311 -0.009428 2.743262 -0.416108
5.816000 13.842884 -0.014455 -0.001414 -0.016073 2.733673 -0.314593
5.836000 13.897383 -0.018887 -0.001534 -0.019276 2.726386 -0.160816
5.856000 13.951882 -0.020370 -0.001488 -0.019662 2.722755 -0.007817
5.876000 14.006777 -0.019259 -0.001362 -0.017485 2.748033 0.137100
5.896000 14.062240 -0.016240 -0.001299 -0.013495 2.781394 0.223324
5.916000 14.117848 -0.013052 -0.001430 -0.009799 2.777921 0.141625
5.936000 14.173436 -0.012329 -0.001565 -0.008636 2.777677 0.015640
5.956000 14.228971 -0.012965 -0.001621 -0.008409 2.773633 0.026004
5.976000 14.284521 -0.012119 -0.001644 -0.006839 2.780203 0.120685
5.996000 14.340131 -0.010261 -0.001653 -0.004763 2.780197 0.095916
6.016000 14.395693 -0.007926 -0.001656 -0.001951 2.776428 0.197629
6.036000 14.451214 -0.003546 -0.001654 0.002729 2.776462 0.268961
6.056000 14.506815 0.001414 -0.001655 0.007623 2.776485 0.244492
6.076000 14.562262 0.007353 -0.001656 0.013310 2.760686 0.302525
6.096000 14.617564 0.014041 -0.001656 0.019380 2.754192 0.278780
6.116000 14.672321 0.018832 -0.001630 0.022761 2.730851 0.154787
6.136000 14.726649 0.020350 -0.001513 0.022895 2.715741 0.007304
6.156000 14.780799 0.019196 -0.001445 0.020348 2.702316 -0.134105
6.176000 14.835395 0.015459 -0.001361 0.015503 2.735512 -0.266052
6.196000 14.890509 0.009754 -0.001302 0.008810 2.757444 -0.362305
6.216000 14.945797 0.003442 -0.001413 0.002034 2.768232 -0.311590
6.236000 15.001310 -0.000489 -0.001552 -0.001896 2.778887 -0.145095
6.256000 15.056855 -0.002605 -0.001605 -0.004038 2.778157 -0.059961
6.276000 15.112423 -0.002212 -0.001608 -0.003286 2.779638 0.077908
6.296000 15.167967 -0.000113 -0.001598 -0.001245 2.771511 0.116117
6.316000 15.223479 0.002131 -0.001628 0.000806 2.777498 0.061916
6.336000 15.279052 0.003474 -0.001646 0.002232 2.778004 0.055510
6.356000 15.334616 0.004772 -0.001654 0.003453 2.775259 0.027979
6.376000 15.390051 0.003493 -0.001619 0.001734 2.770099 -0.125045
6.396000 15.445484 -0.000332 -0.001469 -0.002129 2.773164 -0.216180
6.416000 15.500575 -0.003437 -0.001500 -0.004696 2.749374 -0.099637
6.436000 15.555335 -0.003209 -0.001492 -0.003989 2.737952 0.035540
6.456000 15.610143 -0.000153 -0.001401 -0.000618 2.726952 0.185796
6.476000 15.664910 0.005538 -0.001359 0.005228 2.736912 0.311605
6.496000 15.720013 0.013412 -0.001318 0.013012 2.744601 0.419156
6.516000 15.774679 0.020985 -0.001389 0.019750 2.726869 0.323398
6.536000 15.828973 0.025816 -0.001528 0.022954 2.715369 0.156494
6.556000 15.883142 0.027632 -0.001508 0.023364 2.706734 0.017346
6.576000 15.937597 0.026692 -0.001395 0.021142 2.713714 -0.129127
6.596000 15.992623 0.023507 -0.001313 0.016785 2.760311 -0.251129
6.616000 16.047924 0.019427 -0.001369 0.011935 2.762017 -0.221072
6.636000 16.103341 0.017430 -0.001533 0.009438 2.775055 -0.067782
6.656000 16.158869 0.016984 -0.001611 0.008224 2.775783 -0.037291
6.676000 16.214402 0.017024 -0.001642 0.007578 2.776856 -0.044802
6.696000 16.269945 0.016643 -0.001652 0.006753 2.776971 -0.047531
6.716000 16.325447 0.015331 -0.001655 0.004865 2.775003 -0.158594
6.736000 16.380927 0.012028 -0.001653 0.001184 2.775368 -0.214083
6.756000 16.436430 0.008352 -0.001654 -0.002529 2.775033 -0.189307
6.776000 16.491830 0.003706 -0.001655 -0.007220 2.764179 -0.256318
6.796000 16.547115 -0.001708 -0.001656 -0.012311 2.759507 -0.231891
6.816000 16.601988 -0.005353 -0.001635 -0.014913 2.736901 -0.110443
6.836000 16.656421 -0.005610 -0.001511 -0.014242 2.720952 0.033471
6.856000 16.710725 -0.003197 -0.001433 -0.010934 2.705689 0.176536
6.876000 16.765385 0.001745 -0.001362 -0.005292 2.735135 0.305687
6.896000 16.820521 0.008742 -0.001307 0.002186 2.750866 0.402253
6.916000 16.875461 0.015351 -0.001403 0.008531 2.743082 0.303102
6.936000 16.930181 0.019116 -0.001515 0.011392 2.737066 0.144089
6.956000 16.984946 0.019871 -0.001457 0.011531 2.736617 -0.005341
6.976000 17.040071 0.018158 -0.001329 0.009257 2.768474 -0.148201
6.996000 17.095530 0.014967 -0.001323 0.005631 2.770885 -0.189899
7.016000 17.150911 0.012051 -0.001494 0.002693 2.766649 -0.090531
7.036000 17.206390 0.011735 -0.001595 0.002092 2.775454 0.005202
7.056000 17.261892 0.012300 -0.001633 0.002110 2.770709 -0.037552
7.076000 17.317360 0.010754 -0.001648 0.000303 2.775981 -0.136697
7.096000 17.372868 0.007985 -0.001652 -0.002281 2.775645 -0.115706
7.116000 17.428317 0.004899 -0.001655 -0.005452 2.771143 -0.209300
7.136000 17.483651 -0.000180 -0.001654 -0.010435 2.766512 -0.275907
7.156000 17.539003 -0.005430 -0.001656 -0.015063 2.761818 -0.196122
7.176000 17.593910 -0.007308 -0.001562 -0.015725 2.746933 -0.041121
7.196000 17.648683 -0.006308 -0.001444 -0.013767 2.735320 0.103674
7.216000 17.703479 -0.002685 -0.001385 -0.009267 2.726033 0.244444
7.236000 17.758586 0.003345 -0.001331 -0.002595 2.757585 0.363277
7.256000 17.813755 0.010802 -0.001325 0.005136 2.749283 0.389548
7.276000 17.868470 0.015901 -0.001480 0.009594 2.737184 0.217083
7.296000 17.923061 0.018191 -0.001516 0.011091 2.729414 0.077972
7.316000 17.977806 0.017648 -0.001411 0.010006 2.737023 -0.082382
7.336000 18.033103 0.014997 -0.001295 0.006840 2.775861 -0.182408
7.356000 18.088530 0.011403 -0.001388 0.003031 2.766749 -0.181548
7.376000 18.143948 0.009486 -0.001546 0.001114 2.774457 -0.036729
7.396000 18.199474 0.009428 -0.001617 0.000670 2.774417 -0.017444
7.416000 18.254984 0.008706 -0.001644 -0.000475 2.776097 -0.109328
7.436000 18.310497 0.006411 -0.001652 -0.002667 2.775698 -0.119414
7.456000 18.366007 0.004079 -0.001655 -0.004810 2.773890 -0.126973
7.476000 18.421432 0.000389 -0.001656 -0.008420 2.768033 -0.206987
7.496000 18.476832 -0.003933 -0.001656 -0.012308 2.769336 -0.172935
7.516000 18.531950 -0.006399 -0.001630 -0.013684 2.750706 -0.046412
7.536000 18.586765 -0.005364 -0.001466 -0.011795 2.738778 0.098576
7.556000 18.641629 -0.001722 -0.001374 -0.007374 2.726466 0.242165
7.576000 18.696547 0.004478 -0.001348 -0.000621 2.750544 0.361970
7.596000 18.751717 0.012730 -0.001318 0.007907 2.746291 0.457079
7.616000 18.806493 0.020578 -0.001418 0.015238 2.733745 0.355099
7.636000 18.860959 0.025672 -0.001537 0.018997 2.724337 0.183915
7.656000 18.915340 0.027783 -0.001503 0.019941 2.717965 0.044530
7.676000 18.969991 0.027154 -0.001391 0.018245 2.720952 -0.106570
7.696000 19.025101 0.024279 -0.001310 0.014377 2.764540 -0.225185
7.716000 19.080484 0.020614 -0.001376 0.010101 2.767840 -0.189158
7.736000 19.135947 0.019089 -0.001538 0.008186 2.775562 -0.042266
7.756000 19.191468 0.019065 -0.001613 0.007412 2.774063 -0.037416
7.776000 19.246996 0.018626 -0.001642 0.006310 2.776983 -0.074072
7.796000 19.302532 0.017603 -0.001652 0.005012 2.776686 -0.063765
7.816000 19.358021 0.015821 -0.001655 0.002734 2.773890 -0.174749
7.836000 19.413465 0.012000 -0.001653 -0.001394 2.774421 -0.239104
7.856000 19.468951 0.007703 -0.001654 -0.005645 2.774498 -0.213434
7.876000 19.524322 0.002491 -0.001655 -0.010731 2.762197 -0.274832
7.896000 19.579559 -0.003536 -0.001656 -0.016254 2.756386 -0.255399
7.916000 19.634121 -0.007823 -0.001641 -0.019245 2.716955 -0.131582
7.936000 19.687909 -0.008779 -0.001554 -0.018972 2.688187 0.010180
7.956000 19.741196 -0.007008 -0.001499 -0.015960 2.660196 0.149923
7.976000 19.794394 -0.002510 -0.001440 -0.010441 2.650685 0.286831
7.996000 19.848190 0.004429 -0.001373 -0.002714 2.682250 0.401110
8.016000 19.902643 0.013124 -0.001370 0.006155 2.716161 0.460364
8.036000 19.957753 0.021127 -0.001523 0.013920 2.759627 0.345502
8.056000 20.013193 0.027997 -0.001609 0.020177 2.771518 0.276620
8.076000 20.068743 0.033560 -0.001640 0.024684 2.775695 0.175277
8.096000 20.124240 0.038770 -0.001651 0.028790 2.771928 0.198769
8.116000 20.179726 0.043750 -0.001655 0.032075 2.776749 0.098360
8.136000 20.235291 0.046326 -0.001651 0.033138 2.777588 0.025026
8.156000 20.290818 0.048585 -0.001652 0.033898 2.775694 0.041546
8.176000 20.346346 0.050112 -0.001654 0.033424 2.776364 -0.031055
8.196000 20.401868 0.051159 -0.001655 0.032736 2.775432 -0.016038
8.216000 20.457037 0.054101 -0.001632 0.034174 2.748890 0.087596
8.236000 20.511849 0.060609 -0.001415 0.038853 2.730863 0.249098
8.256000 20.566700 0.069329 -0.001300 0.045499 2.740587 0.341923
8.276000 20.621255 0.076094 -0.001425 0.049241 2.729153 0.177859
8.296000 20.675745 0.080114 -0.001506 0.050016 2.724880 0.042648
8.316000 20.730636 0.081349 -0.001420 0.048649 2.768072 -0.099180
8.336000 20.786160 0.081176 -0.001396 0.045978 2.772287 -0.141198
8.356000 20.841456 0.081009 -0.001530 0.043600 2.747978 -0.091989
8.376000 20.895816 0.084379 -0.001556 0.044509 2.717114 0.029469
8.396000 20.949690 0.090623 -0.001472 0.048267 2.687572 0.171363
8.416000 21.003694 0.099324 -0.001386 0.054312 2.702254 0.314448
8.436000 21.058303 0.109738 -0.001360 0.061954 2.729807 0.390966
8.456000 21.113210 0.120803 -0.001502 0.069812 2.751910 0.370365
8.476000 21.168469 0.129801 -0.001598 0.075235 2.766408 0.232630
8.496000 21.223746 0.137468 -0.001632 0.079055 2.758663 0.188887
8.516000 21.278731 0.146561 -0.001648 0.083972 2.741375 0.284076
8.536000 21.333415 0.157626 -0.001652 0.090531 2.723399 0.342761
8.556000 21.388079 0.168897 -0.001654 0.097111 2.728307 0.324803
8.576000 21.442525 0.181262 -0.001656 0.104507 2.701571 0.394706
8.596000 21.496657 0.194736 -0.001656 0.112510 2.689738 0.393833
8.616000 21.550568 0.206743 -0.001631 0.118005 2.692601 0.237628
8.636000 21.604542 0.215648 -0.001493 0.119846 2.700166 0.094654
8.656000 21.658898 0.221833 -0.001414 0.119310 2.720638 -0.034664
8.676000 21.714173 0.226082 -0.001376 0.117231 2.772561 -0.121269
8.696000 21.769601 0.229504 -0.001482 0.114383 2.769553 -0.137496
8.716000 21.824271 0.234865 -0.001575 0.113565 2.719650 -0.045869
8.736000 21.877925 0.243669 -0.001521 0.116227 2.677923 0.140027
8.756000 21.930961 0.255270 -0.001443 0.121764 2.640209 0.282689
8.776000 21.984063 0.269557 -0.001344 0.129589 2.647293 0.425954
8.796000 22.037306 0.285960 -0.001306 0.139145 2.664070 0.506729
8.816000 22.090954 0.302539 -0.001464 0.148089 2.692205 0.414638
8.836000 22.145286 0.316501 -0.001535 0.154022 2.721351 0.268548
8.856000 22.199831 0.328920 -0.001550 0.158413 2.724890 0.216626
8.876000 22.253884 0.342403 -0.001609 0.163526 2.686569 0.300065
8.896000 22.307569 0.357650 -0.001639 0.169944 2.685024 0.340805
8.916000 22.361145 0.373611 -0.001651 0.177026 2.658219 0.402364
8.936000 22.414094 0.391695 -0.001653 0.185749 2.637496 0.468212
8.956000 22.467134 0.409933 -0.001656 0.194090 2.656876 0.390661
8.976000 22.520602 0.425155 -0.001551 0.198109 2.678597 0.194350
8.996000 22.574597 0.437570 -0.001427 0.199397 2.701340 0.064853
9.016000 22.629149 0.447510 -0.001371 0.198651 2.741336 -0.062620
9.036000 22.684037 0.456308 -0.001443 0.196713 2.746404 -0.103820
9.056000 22.738653 0.465673 -0.001569 0.195351 2.716946 -0.040500
9.076000 22.791597 0.478688 -0.001519 0.198450 2.641326 0.165464
9.096000 22.843557 0.494801 -0.001446 0.204392 2.586233 0.290777
9.116000 22.895096 0.513795 -0.001394 0.212505 2.571920 0.430327
9.136000 22.946733 0.534836 -0.001392 0.222301 2.578544 0.512866
9.156000 22.998652 0.556688 -0.001527 0.232317 2.611686 0.480192
9.176000 23.051399 0.576353 -0.001603 0.239671 2.642850 0.339909
9.196000 23.104428 0.594602 -0.001626 0.245226 2.645029 0.266844
9.216000 23.156887 0.613674 -0.001644 0.251153 2.605777 0.324838
9.236000 23.208919 0.633950 -0.001652 0.258045 2.594046 0.352958
9.256000 23.260955 0.654338 -0.001655 0.264828 2.592053 0.345197
9.276000 23.312383 0.676179 -0.001656 0.272753 2.544425 0.424697
9.296000 23.363454 0.699081 -0.001655 0.281358 2.547261 0.426099
9.316000 23.414790 0.720444 -0.001629 0.287268 2.574380 0.258557
9.336000 23.466865 0.738970 -0.001480 0.289069 2.605314 0.098381
9.356000 23.519751 0.754473 -0.001397 0.288909 2.646682 -0.020505
9.376000 23.573592 0.768121 -0.001365 0.286970 2.699802 -0.111293
9.396000 23.627640 0.781054 -0.001485 0.284186 2.705259 -0.139975
9.416000 23.680511 0.796019 -0.001557 0.284309 2.625943 0.050783
9.436000 23.731509 0.814318 -0.001424 0.288930 2.542268 0.216308
9.456000 23.781409 0.836181 -0.001377 0.295819 2.479589 0.342880
9.476000 23.830768 0.860952 -0.001353 0.305156 2.449455 0.495222
9.496000 23.879679 0.888090 -0.001340 0.316383 2.435121 0.574229
9.516000 23.929013 0.915122 -0.001496 0.326704 2.482822 0.467918
9.536000 23.979749 0.939122 -0.001518 0.333656 2.553053 0.318003
9.556000 24.030952 0.961883 -0.001528 0.338733 2.562805 0.237369
9.576000 24.081693 0.985406 -0.001600 0.344205 2.517176 0.293110
9.596000 24.131821 1.009890 -0.001637 0.350538 2.490946 0.319420
9.616000 24.181454 1.035353 -0.001651 0.357827 2.458285 0.402510
9.636000 24.230116 1.063003 -0.001653 0.366915 2.406245 0.471299
9.656000 24.278605 1.090692 -0.001655 0.375544 2.426932 0.392159
9.676000 24.328016 1.115553 -0.001551 0.379181 2.474576 0.159614
9.696000 24.378598 1.137548 -0.001421 0.380318 2.518392 0.051629
9.716000 24.430328 1.156933 -0.001354 0.379460 2.615770 -0.070030
9.736000 24.482935 1.175007 -0.001366 0.376935 2.634973 -0.140327
9.756000 24.535392 1.193159 -0.001520 0.374568 2.613131 -0.087035
9.776000 24.585513 1.214222 -0.001480 0.377612 2.502203 0.164543
9.796000 24.633769 1.238240 -0.001368 0.383939 2.407100 0.302660
9.816000 24.680708 1.265637 -0.001488 0.391917 2.349899 0.379582
9.836000 24.726865 1.296177 -0.001530 0.402428 2.291247 0.550863
9.856000 24.772547 1.328779 -0.001460 0.414472 2.280046 0.585466
9.876000 24.819645 1.359838 -0.001559 0.424097 2.380862 0.431404
9.896000 24.867712 1.389039 -0.001611 0.431508 2.399205 0.349704
9.916000 24.915557 1.418334 -0.001639 0.438285 2.396455 0.304185
9.936000 24.963596 1.447219 -0.001651 0.444295 2.399055 0.288320
9.956000 25.011364 1.476439 -0.001654 0.450454 2.371553 0.325776
9.976000 25.057992 1.507298 -0.001654 0.458318 2.302776 0.412020
9.996000 25.104044 1.539006 -0.001654 0.466583 2.296633 0.399990
10.016000 25.150804 1.569436 -0.001631 0.471920 2.353483 0.220070
10.036000 25.199106 1.596734 -0.001464 0.473374 2.410551 0.075365
10.056000 25.248566 1.621091 -0.001370 0.472740 2.475808 -0.070816
10.076000 25.299262 1.643295 -0.001350 0.469482 2.557106 -0.186218
10.096000 25.350886 1.663907 -0.001383 0.464532 2.587252 -0.263588
10.116000 25.401537 1.685199 -0.001518 0.461923 2.521530 -0.107466
10.136000 25.449857 1.708749 -0.001479 0.464289 2.415781 0.127579
10.156000 25.496333 1.734817 -0.001478 0.469431 2.323830 0.248507
10.176000 25.541071 1.764446 -0.001490 0.476226 2.230971 0.350921
10.196000 25.584367 1.797286 -0.001456 0.485255 2.153319 0.467049
10.216000 25.627142 1.832362 -0.001430 0.495970 2.126419 0.532271
10.236000 25.670905 1.867082 -0.001545 0.505929 2.203812 0.459596
10.256000 25.715467 1.901020 -0.001616 0.514445 2.228087 0.400587
10.276000 25.760618 1.934130 -0.001642 0.521373 2.264866 0.315450
10.296000 25.805773 1.967168 -0.001652 0.527794 2.241578 0.322575
10.316000 25.849941 2.001447 -0.001655 0.535551 2.168056 0.435749
10.336000 25.892832 2.037421 -0.001654 0.544834 2.128854 0.466831
10.356000 25.935727 2.073422 -0.001655 0.553823 2.132474 0.457415
10.376000 25.977501 2.110823 -0.001656 0.564122 2.045680 0.540384
10.396000 26.018340 2.149322 -0.001655 0.575126 2.024706 0.537691
10.416000 26.059707 2.186496 -0.001641 0.582793 2.082822 0.358798
10.436000 26.102344 2.221377 -0.001545 0.585499 2.134665 0.132168
10.456000 26.146486 2.253950 -0.001487 0.585444 2.215897 0.005944
10.476000 26.193089 2.283516 -0.001387 0.584590 2.367203 -0.065065
10.496000 26.240923 2.311856 -0.001375 0.581980 2.400533 -0.151880
10.516000 26.287833 2.341005 -0.001514 0.581746 2.335603 0.020283
10.536000 26.332521 2.372380 -0.001519 0.586146 2.236979 0.225823
10.556000 26.375332 2.406768 -0.001488 0.592671 2.142882 0.328280
10.576000 26.416307 2.444263 -0.001417 0.600955 2.042645 0.440828
10.596000 26.455994 2.483860 -0.001375 0.611175 1.965105 0.521650
10.616000 26.495736 2.523499 -0.001502 0.620908 2.021806 0.423590
10.636000 26.537579 2.561036 -0.001594 0.627533 2.111263 0.289351
10.656000 26.579579 2.598126 -0.001633 0.633291 2.075337 0.326622
10.676000 26.619810 2.637146 -0.001648 0.641104 1.978342 0.420951
10.696000 26.659331 2.676931 -0.001653 0.649591 1.977891 0.407679
10.716000 26.698404 2.717119 -0.001656 0.658599 1.917964 0.495809
10.736000 26.735497 2.759359 -0.001652 0.669584 1.826984 0.568409
10.756000 26.771729 2.802355 -0.001651 0.680793 1.810423 0.535529
10.776000 26.809438 2.843007 -0.001579 0.686454 1.895986 0.288832
10.796000 26.848711 2.881752 -0.001501 0.688200 1.959516 0.063978
10.816000 26.890339 2.917866 -0.001457 0.688229 2.116304 0.022087
10.836000 26.934458 2.951550 -0.001364 0.686635 2.224712 -0.108265
10.856000 26.979204 2.984429 -0.001427 0.684066 2.237962 -0.112496
10.876000 27.021995 3.018613 -0.001552 0.686212 2.143623 0.103697
10.896000 27.062831 3.054646 -0.001550 0.691790 2.045185 0.272586
10.916000 27.101584 3.093656 -0.001481 0.698858 1.934852 0.365887
10.936000 27.138160 3.135501 -0.001382 0.707320 1.820117 0.451396
10.956000 27.173583 3.178947 -0.001383 0.717340 1.767251 0.504207
10.976000 27.210227 3.221631 -0.001525 0.725596 1.863926 0.359031
10.996000 27.248140 3.262952 -0.001607 0.731838 1.894745 0.301828
11.016000 27.285091 3.305048 -0.001641 0.738779 1.809030 0.390808
11.036000 27.320447 3.348630 -0.001650 0.747346 1.752199 0.437109
11.056000 27.355613 3.392440 -0.001654 0.755980 1.747939 0.444130
11.076000 27.389275 3.437412 -0.001655 0.766057 1.648219 0.533077
11.096000 27.421764 3.483556 -0.001654 0.777071 1.612321 0.550347
11.116000 27.455198 3.528430 -0.001623 0.784739 1.703403 0.348724
11.136000 27.490596 3.571073 -0.001503 0.787090 1.776586 0.117836
11.156000 27.527928 3.611646 -0.001476 0.786452 1.885775 -0.022672
11.176000 27.568254 3.649424 -0.001417 0.784666 2.058462 -0.112217
11.196000 27.610434 3.685587 -0.001367 0.780662 2.119685 -0.214464
11.216000 27.651933 3.721881 -0.001500 0.778669 2.068489 -0.078972
11.236000 27.691286 3.759292 -0.001577 0.781326 1.973281 0.129790
11.256000 27.728689 3.798465 -0.001550 0.787065 1.874593 0.279116
11.276000 27.763944 3.840553 -0.001482 0.794146 1.773120 0.375268
11.296000 27.796912 3.885220 -0.001426 0.802509 1.649480 0.433764
11.316000 27.828423 3.931554 -0.001414 0.811794 1.570238 0.463928
11.336000 27.860855 3.977412 -0.001541 0.820051 1.651046 0.381738
11.356000 27.894084 4.022625 -0.001615 0.827057 1.654790 0.352296
11.376000 27.926426 4.068462 -0.001643 0.834532 1.594779 0.391663
11.396000 27.958104 4.114777 -0.001652 0.842429 1.579577 0.394127
11.416000 27.988825 4.161691 -0.001656 0.851289 1.507546 0.490123
11.436000 28.017200 4.210232 -0.001640 0.862239 1.398256 0.567576
11.456000 28.044206 4.259878 -0.001635 0.874412 1.322863 0.644585
11.476000 28.069387 4.310567 -0.001642 0.888314 1.228562 0.714423
11.496000 28.093074 4.362147 -0.001646 0.903042 1.150560 0.743251
11.516000 28.117607 4.412429 -0.001607 0.914041 1.245768 0.526207
11.536000 28.144786 4.460420 -0.001384 0.919203 1.372964 0.254357
11.556000 28.174060 4.506797 -0.001380 0.920796 1.476280 0.071018
11.576000 28.206957 4.550902 -0.001431 0.920676 1.677400 -0.041422
11.596000 28.243067 4.592984 -0.001352 0.917987 1.838756 -0.170226
11.616000 28.279213 4.635110 -0.001425 0.915362 1.793193 -0.063086
11.636000 28.312392 4.679743 -0.001456 0.916022 1.654093 0.063909
11.656000 28.343806 4.725789 -0.001384 0.918990 1.564350 0.178085
11.676000 28.373823 4.772650 -0.001492 0.923747 1.481789 0.260558
11.696000 28.403265 4.819910 -0.001590 0.928892 1.494901 0.235028
11.716000 28.434084 4.866414 -0.001634 0.932199 1.582988 0.110295
11.736000 28.465803 4.912239 -0.001650 0.934228 1.572741 0.118715
11.756000 28.496677 4.958630 -0.001656 0.937184 1.527676 0.179534
11.776000 28.524621 5.006614 -0.001541 0.944014 1.401099 0.357561
11.796000 28.550114 5.056339 -0.001368 0.952659 1.269766 0.447485
11.816000 28.575516 5.105929 -0.001381 0.959815 1.291334 0.330758
11.836000 28.603531 5.153354 -0.001419 0.961612 1.409477 0.069792
11.856000 28.634900 5.198691 -0.001334 0.960190 1.593859 -0.090977
11.876000 28.669093 5.242202 -0.001385 0.956207 1.734792 -0.219084
11.896000 28.706003 5.283597 -0.001425 0.950026 1.878549 -0.336494
11.916000 28.743335 5.323867 -0.001445 0.944753 1.859944 -0.247572
11.936000 28.778614 5.364507 -0.001560 0.943938 1.769943 -0.053255
11.956000 28.811942 5.405681 -0.001600 0.946946 1.674261 0.148489
11.976000 28.843166 5.448471 -0.001566 0.952342 1.575130 0.261042
11.996000 28.872392 5.493459 -0.001525 0.959345 1.479891 0.353645
12.016000 28.899333 5.540835 -0.001484 0.967407 1.343147 0.400104
12.036000 28.923629 5.590523 -0.001409 0.976292 1.217047 0.460209
12.056000 28.945931 5.641991 -0.001353 0.986698 1.105852 0.537102
12.076000 28.967061 5.694352 -0.001406 0.998189 1.042490 0.588902
12.096000 28.988063 5.746845 -0.001548 1.009426 1.058773 0.548987
12.116000 29.008771 5.799418 -0.001620 1.020537 0.994188 0.591661
12.136000 29.027236 5.852678 -0.001643 1.033098 0.888977 0.659889
12.156000 29.044549 5.906485 -0.001650 1.046395 0.843303 0.684454
12.176000 29.059786 5.960935 -0.001650 1.061500 0.724141 0.780994
12.196000 29.072862 6.015938 -0.001630 1.077870 0.623681 0.826674
12.216000 29.084151 6.071559 -0.001613 1.095645 0.557686 0.886450
12.236000 29.094592 6.128111 -0.001516 1.113660 0.536307 0.886469
12.256000 29.104955 6.184881 -0.001435 1.130973 0.536011 0.853256
12.276000 29.117649 6.239656 -0.001477 1.143391 0.637279 0.631019
12.296000 29.132465 6.292616 -0.001473 1.151092 0.741686 0.397030
12.316000 29.149672 6.344174 -0.001474 1.154605 0.865172 0.179226
12.336000 29.170501 6.394815 -0.001452 1.155711 1.054780 0.067150
12.356000 29.194297 6.444594 -0.001388 1.154343 1.210983 -0.064827
12.376000 29.218182 6.494316 -0.001462 1.152881 1.143358 -0.042797
12.396000 29.240072 6.545109 -0.001579 1.153290 1.073197 0.047386
12.416000 29.261069 6.596557 -0.001631 1.155078 1.007365 0.131036
12.436000 29.280844 6.648557 -0.001649 1.158025 0.992069 0.143820
12.456000 29.301042 6.700411 -0.001654 1.160391 1.028097 0.077332
12.476000 29.323453 6.751294 -0.001654 1.160168 1.162739 -0.047239
12.496000 29.346949 6.801491 -0.001652 1.158727 1.154916 -0.060118
12.516000 29.370760 6.851462 -0.001655 1.156553 1.236868 -0.159100
12.536000 29.397481 6.900197 -0.001648 1.151765 1.364807 -0.274779
12.556000 29.424805 6.948511 -0.001649 1.146585 1.351227 -0.238042
12.576000 29.449637 6.996693 -0.001629 1.146186 1.253530 -0.036363
12.596000 29.472544 7.044845 -0.001579 1.149669 1.156106 0.164183
12.616000 29.493186 7.092892 -0.001550 1.156435 1.048030 0.339735
12.636000 29.510854 7.140947 -0.001535 1.165295 0.885074 0.441447
12.656000 29.525722 7.189665 -0.001503 1.175786 0.749516 0.524842
12.676000 29.538154 7.239983 -0.001456 1.187418 0.635031 0.601012
12.696000 29.548390 7.291851 -0.001423 1.200489 0.518434 0.671305
12.716000 29.556375 7.345340 -0.001417 1.214127 0.367405 0.682116
12.736000 29.563155 7.400366 -0.001535 1.227439 0.344827 0.660659
12.756000 29.570623 7.456045 -0.001612 1.239586 0.391708 0.580132
12.776000 29.580789 7.511349 -0.001577 1.248192 0.539137 0.409028
12.796000 29.593101 7.566192 -0.001407 1.254296 0.616534 0.285616
12.816000 29.604795 7.620857 -0.001478 1.260711 0.545911 0.352655
12.836000 29.613296 7.676067 -0.001511 1.269657 0.401659 0.464581
12.856000 29.619958 7.731525 -0.001404 1.279953 0.337032 0.502502
12.876000 29.628646 7.785351 -0.001482 1.285887 0.431116 0.301968
12.896000 29.639835 7.838299 -0.001534 1.288172 0.552992 0.116881
12.916000 29.654248 7.889947 -0.001486 1.287356 0.717220 -0.046902
12.936000 29.671839 7.940182 -0.001440 1.283513 0.885052 -0.181934
12.956000 29.692756 7.989335 -0.001427 1.277304 1.059208 -0.302065
12.976000 29.715992 8.039061 -0.001447 1.269614 1.179218 -0.415140
12.996000 29.740271 8.089122 -0.001554 1.261164 1.205345 -0.419192
13.016000 29.762997 8.139676 -0.001607 1.255493 1.138767 -0.297967
13.036000 29.783460 8.190118 -0.001860 1.253599 1.042027 -0.157722
13.056000 29.801204 8.240085 -0.001821 1.255139 0.915104 0.055998
13.076000 29.816489 8.289613 -0.001563 1.260066 0.777187 0.238008
13.096000 29.828991 8.339516 -0.001480 1.266688 0.638336 0.336502
13.116000 29.839087 8.390676 -0.001470 1.274795 0.515784 0.418565
13.136000 29.846920 8.443511 -0.001415 1.284473 0.401030 0.504814
13.156000 29.852422 8.497887 -0.001368 1.295600 0.273174 0.571412
13.176000 29.855610 8.553545 -0.001328 1.308112 0.154258 0.647930
13.196000 29.856989 8.609887 -0.001329 1.321857 0.059334 0.704961
13.216000 29.856486 8.666359 -0.001456 1.337438 -0.037558 0.809170
13.236000 29.853238 8.723272 -0.001488 1.354625 -0.174313 0.872373
13.256000 29.848500 8.780774 -0.001475 1.372389 -0.209674 0.884184
13.276000 29.843407 8.838263 -0.001496 1.390584 -0.241519 0.892149
13.296000 29.837536 8.895814 -0.001437 1.408271 -0.284554 0.860476
13.316000 29.831747 8.952624 -0.001437 1.424267 -0.275985 0.809051
13.336000 29.827987 9.007878 -0.001729 1.436474 -0.231655 0.677353
13.356000 29.825319 9.061036 -0.002111 1.445286 -0.169380 0.510490
13.376000 29.824575 9.111843 -0.002153 1.450143 -0.114027 0.361609
13.396000 29.826526 9.160241 -0.002306 1.452760 0.006793 0.282080
13.416000 29.831310 9.206585 -0.002444 1.453731 0.225701 0.074702
13.436000 29.839713 9.252917 -0.001491 1.451213 0.400291 -0.128936
13.456000 29.849763 9.300638 -0.001275 1.446964 0.489619 -0.227164
13.476000 29.861439 9.349989 -0.001456 1.441758 0.598412 -0.289224
13.496000 29.873588 9.401194 -0.001581 1.436550 0.568179 -0.251137
13.516000 29.884558 9.454075 -0.001632 1.432913 0.508573 -0.159124
13.536000 29.892857 9.508221 -0.001561 1.432147 0.388036 -0.034660
13.556000 29.899585 9.563288 -0.001476 1.432740 0.335267 0.011952
13.576000 29.908701 9.617935 -0.001559 1.431221 0.478693 -0.115055
13.596000 29.920399 9.672182 -0.001559 1.427257 0.597719 -0.226881
13.616000 29.934184 9.725977 -0.001582 1.420952 0.711154 -0.365188
13.636000 29.950868 9.779062 -0.001485 1.412127 0.849934 -0.468765
13.656000 29.968917 9.831806 -0.001509 1.402582 0.906652 -0.489112
13.676000 29.984955 9.883666 -0.001578 1.396920 0.816047 -0.288309
13.696000 29.998959 9.935002 -0.001592 1.395060 0.720890 -0.092077
13.716000 30.010187 9.985730 -0.001574 1.396008 0.567462 0.030568
13.736000 30.018429 10.035826 -0.001553 1.399392 0.422135 0.161043
13.756000 30.023760 10.085356 -0.001530 1.405249 0.271026 0.286788
13.776000 30.026283 10.134917 -0.001494 1.413169 0.140492 0.406398
13.796000 30.026397 10.185106 -0.001456 1.422995 0.016834 0.503688
13.816000 30.024069 10.236528 -0.001406 1.434298 -0.115660 0.586486
13.836000 30.019313 10.289228 -0.001324 1.447208 -0.239183 0.675474
13.856000 30.012447 10.343003 -0.001308 1.461202 -0.335992 0.694731
13.876000 30.007456 10.397411 -0.001443 1.472297 -0.240993 0.551879
13.896000 30.004941 10.452946 -0.001401 1.480574 -0.119202 0.394263
13.916000 30.004750 10.508753 -0.001361 1.485958 0.001891 0.278018
13.936000 30.006969 10.564271 -0.001489 1.488296 0.106683 0.112337
13.956000 30.012063 10.619379 -0.001464 1.487574 0.252678 -0.044018
13.976000 30.019879 10.673802 -0.001442 1.483891 0.385929 -0.183129
13.996000 30.030630 10.727620 -0.001431 1.477643 0.538780 -0.321892
14.016000 30.044269 10.780776 -0.001376 1.468674 0.685636 -0.460912
14.036000 30.060682 10.833546 -0.001350 1.457436 0.823922 -0.590436
14.056000 30.079252 10.885914 -0.001319 1.444827 0.923542 -0.581995
14.076000 30.096099 10.937567 -0.001550 1.435493 0.866126 -0.465817
14.096000 30.110614 10.988500 -0.001950 1.428716 0.745544 -0.335844
14.116000 30.122225 11.037935 -0.002023 1.425234 0.603596 -0.192593
14.136000 30.131308 11.086490 -0.001598 1.425978 0.487555 0.036128
14.156000 30.138007 11.135013 -0.001469 1.429008 0.331879 0.137230
14.176000 30.142072 11.184077 -0.001495 1.433709 0.224220 0.246864
14.196000 30.143958 11.234315 -0.001485 1.440338 0.111361 0.343762
14.216000 30.143517 11.286102 -0.001421 1.448540 -0.017994 0.437173
14.236000 30.140727 11.339379 -0.001315 1.458466 -0.143171 0.524509
14.256000 30.136165 11.393793 -0.001334 1.469347 -0.208952 0.549192
14.276000 30.133721 11.448596 -0.001463 1.477374 -0.111640 0.383742
14.296000 30.133766 11.504143 -0.001358 1.482608 0.004173 0.226690
14.316000 30.134492 11.559764 -0.001360 1.487391 0.004864 0.269175
14.336000 30.132338 11.615354 -0.001495 1.494635 -0.121631 0.387324
14.356000 30.128260 11.670886 -0.001465 1.503028 -0.196271 0.410479
14.376000 30.126898 11.724515 -0.001501 1.507758 -0.073210 0.234963
14.396000 30.128240 11.777320 -0.001525 1.509365 0.051689 0.078283
14.416000 30.132263 11.828931 -0.001519 1.507944 0.184266 -0.077252
14.436000 30.139077 11.879162 -0.001489 1.503644 0.333066 -0.212867
14.456000 30.148818 11.928082 -0.001468 1.496653 0.484968 -0.346038
14.476000 30.161599 11.975925 -0.001444 1.487171 0.634889 -0.482431
14.496000 30.177139 12.023291 -0.001401 1.475291 0.775180 -0.611368
14.516000 30.192878 12.069621 -0.001430 1.465065 0.781390 -0.477526
14.536000 30.206126 12.115320 -0.001552 1.458832 0.686103 -0.299538
14.556000 30.216732 12.160970 -0.001590 1.455400 0.545895 -0.168395
14.576000 30.225076 12.207844 -0.001552 1.454131 0.448401 -0.049225
14.596000 30.231493 12.256223 -0.001513 1.454953 0.343794 0.053498
14.616000 30.235780 12.306321 -0.001472 1.457538 0.231017 0.156108
14.636000 30.237922 12.358133 -0.001393 1.462046 0.117687 0.256392
14.656000 30.237924 12.411514 -0.001340 1.468285 -0.000580 0.345119
14.676000 30.236769 12.466094 -0.001436 1.475128 -0.037260 0.352888
14.696000 30.236656 12.521367 -0.001568 1.480588 0.022615 0.242451
14.716000 30.236076 12.576842 -0.001625 1.486761 -0.043137 0.359814
14.736000 30.231946 12.632318 -0.001435 1.495968 -0.207505 0.478883
14.756000 30.225587 12.687968 -0.001279 1.506939 -0.312389 0.582704
14.776000 30.216548 12.743193 -0.001354 1.520044 -0.462853 0.654605
14.796000 30.204786 12.798500 -0.001364 1.535006 -0.598734 0.767447
14.816000 30.192464 12.853241 -0.001387 1.549215 -0.627425 0.742054
14.836000 30.182036 12.907895 -0.002201 1.560348 -0.582695 0.659904
14.856000 30.174027 12.962227 -0.002937 1.568088 -0.554620 0.595685
14.876000 30.168388 13.015272 -0.003929 1.572953 -0.526162 0.559882
14.896000 30.165025 13.067302 -0.005411 1.575637 -0.476132 0.534253
14.916000 30.163900 13.118139 -0.007393 1.576581 -0.410036 0.463373
14.936000 30.165788 13.168267 -0.008927 1.574262 -0.296560 0.330739
14.956000 30.171232 13.217697 -0.009572 1.568221 -0.150587 0.176044
14.976000 30.180134 13.267123 -0.009703 1.558970 0.013412 0.042797
14.996000 30.192217 13.316390 -0.009733 1.547213 0.173435 -0.080104
15.016000 30.208309 13.366830 -0.007551 1.532714 0.815964 -0.705648
15.036000 30.229163 13.417448 -0.002814 1.513697 0.845552 -0.724604
15.056000 30.247422 13.468734 -0.001840 1.498432 0.907560 -0.725827
15.076000 30.262853 13.520266 -0.001508 1.487300 0.793474 -0.551750
15.096000 30.275989 13.572470 -0.001454 1.478825 0.669316 -0.406982
15.116000 30.286890 13.624922 -0.001477 1.473535 0.564146 -0.251905
15.136000 30.295240 13.677065 -0.001550 1.471210 0.427188 -0.117606
15.156000 30.300780 13.729009 -0.001529 1.471752 0.291947 0.038471
15.176000 30.303647 13.780283 -0.001508 1.475233 0.148844 0.168838
15.196000 30.303699 13.831347 -0.001494 1.481080 0.011938 0.300743
15.216000 30.301326 13.881820 -0.001465 1.489737 -0.110357 0.438725
15.236000 30.295973 13.931188 -0.001464 1.500829 -0.271021 0.550104
15.256000 30.287740 13.979597 -0.001421 1.513808 -0.410896 0.648459
15.276000 30.280951 14.026495 -0.001532 1.523541 -0.358703 0.531052
15.296000 30.275768 14.072069 -0.001880 1.530550 -0.279302 0.395527
15.316000 30.272816 14.116185 -0.002072 1.534788 -0.193019 0.291849
15.336000 30.272288 14.159000 -0.002395 1.537003 -0.090196 0.196699
15.356000 30.273757 14.201217 -0.002664 1.537430 0.000874 0.098681
15.376000 30.278084 14.243643 -0.001721 1.534418 0.212498 -0.163705
15.396000 30.284575 14.287074 -0.001229 1.529528 0.312352 -0.251163
15.416000 30.292333 14.331999 -0.001386 1.523733 0.375414 -0.308369
15.436000 30.299847 14.378971 -0.001550 1.518627 0.333727 -0.246430
15.456000 30.306868 14.428025 -0.001619 1.514344 0.326837 -0.225780
15.476000 30.312830 14.479182 -0.001643 1.511435 0.244669 -0.128341
15.496000 30.318204 14.532257 -0.001650 1.509179 0.267376 -0.152244
15.516000 30.325707 14.585834 -0.001643 1.504609 0.398734 -0.264056
15.536000 30.336715 14.639374 -0.001412 1.497021 0.547500 -0.411952
15.556000 30.349793 14.693313 -0.001304 1.487715 0.650509 -0.499372
15.576000 30.364865 14.746973 -0.001364 1.476762 0.764002 -0.578748
15.596000 30.381388 14.800683 -0.001507 1.465087 0.827041 -0.608879
15.616000 30.396505 14.853891 -0.001591 1.455929 0.760517 -0.438137
15.636000 30.409351 14.906326 -0.001593 1.450978 0.668743 -0.240599
15.656000 30.419611 14.958121 -0.001577 1.449078 0.521896 -0.107839
15.676000 30.427014 15.009192 -0.001558 1.449836 0.382457 0.032023
15.696000 30.431573 15.059548 -0.001539 1.453268 0.236102 0.164523
15.716000 30.433218 15.109435 -0.001513 1.459105 0.088867 0.297532
15.736000 30.432276 15.159610 -0.001473 1.467036 -0.032852 0.410804
15.756000 30.428969 15.210590 -0.001437 1.476808 -0.157869 0.501759
15.776000 30.423255 15.262922 -0.001360 1.488201 -0.282360 0.599998
15.796000 30.415171 15.316374 -0.001303 1.501252 -0.409485 0.681074
15.816000 30.406830 15.370080 -0.001379 1.513347 -0.393973 0.589780
15.836000 30.401320 15.423853 -0.001498 1.522114 -0.262617 0.446412
15.856000 30.398524 15.478041 -0.001441 1.527851 -0.126556 0.289923
15.876000 30.398249 15.531828 -0.001453 1.530594 -0.006521 0.151433
15.896000 30.400565 15.585539 -0.001461 1.530476 0.127818 -0.003340
15.916000 30.405649 15.638613 -0.001416 1.527367 0.257289 -0.152687
15.936000 30.413536 15.690825 -0.001462 1.521590 0.393115 -0.291958
15.956000 30.424242 15.742629 -0.001434 1.513216 0.529632 -0.432310
15.976000 30.437612 15.794298 -0.001387 1.502459 0.666733 -0.553608
15.996000 30.453735 15.846064 -0.001344 1.489609 0.810038 -0.661758
16.016000 30.470375 15.897331 -0.001373 1.477625 0.823367 -0.615594
16.036000 30.484795 15.947865 -0.001783 1.468911 0.744416 -0.509284
16.056000 30.496521 15.997365 -0.002081 1.462763 0.616541 -0.355557
16.076000 30.505273 16.045323 -0.001740 1.460801 0.469234 -0.100952
16.096000 30.511942 16.093183 -0.001482 1.461984 0.337339 0.044211
16.116000 30.515912 16.141469 -0.001487 1.464727 0.222123 0.145653
16.136000 30.517820 16.191053 -0.001495 1.469436 0.114013 0.247497
16.156000 30.517495 16.241944 -0.001462 1.475971 -0.005335 0.342468
16.176000 30.514859 16.294396 -0.001373 1.484242 -0.125213 0.445116
16.196000 30.509944 16.348160 -0.001310 1.494224 -0.247154 0.531401
16.216000 30.504917 16.402299 -0.001384 1.503378 -0.221946 0.440080
16.236000 30.502763 16.456674 -0.001452 1.509189 -0.096902 0.280079
16.256000 30.503092 16.511727 -0.001354 1.512559 0.018193 0.146579
16.276000 30.502974 16.566935 -0.001442 1.516502 -0.040718 0.229433
16.296000 30.500298 16.622482 -0.001569 1.522303 -0.146288 0.325457
16.316000 30.497846 16.677398 -0.001615 1.527331 -0.115140 0.199819
16.336000 30.497984 16.731372 -0.001686 1.529632 -0.010868 0.110902
16.356000 30.500211 16.784385 -0.001809 1.529206 0.109684 -0.048723
16.376000 30.504961 16.835918 -0.001801 1.525979 0.241311 -0.184659
16.396000 30.512392 16.886113 -0.001650 1.520261 0.365711 -0.292403
16.416000 30.521699 16.935838 -0.001363 1.513218 0.454398 -0.358044
16.436000 30.532548 16.985408 -0.001367 1.504892 0.529038 -0.430765
16.456000 30.544514 17.034489 -0.001432 1.496035 0.569329 -0.389011
16.476000 30.553416 17.082648 -0.001525 1.491616 0.467697 -0.207347
16.496000 30.559828 17.130308 -0.001567 1.490381 0.331537 -0.062698
16.516000 30.563627 17.178514 -0.001535 1.491381 0.214742 0.061603
16.536000 30.565459 17.228292 -0.001470 1.494439 0.111911 0.173382
16.556000 30.565174 17.279486 -0.001434 1.499352 -0.004692 0.267344
16.576000 30.562707 17.332352 -0.001371 1.505973 -0.125117 0.365439
16.596000 30.558524 17.386572 -0.001413 1.513868 -0.208443 0.435912
16.616000 30.555343 17.440830 -0.001540 1.519987 -0.142082 0.293408
16.636000 30.555300 17.494832 -0.001496 1.522729 0.009487 0.148287
16.656000 30.558014 17.548901 -0.001398 1.522746 0.149129 0.003353
16.676000 30.563411 17.602256 -0.001433 1.520031 0.284148 -0.118325
16.696000 30.571505 17.655333 -0.001437 1.514603 0.420416 -0.270227
16.716000 30.582331 17.708069 -0.001382 1.506460 0.554282 -0.406463
16.736000 30.595894 17.760612 -0.001379 1.496025 0.684690 -0.536158
16.756000 30.611796 17.812975 -0.001330 1.484030 0.800181 -0.581756
16.776000 30.625761 17.864099 -0.001464 1.475661 0.721547 -0.398230
16.796000 30.637352 17.914610 -0.001573 1.470641 0.589960 -0.256717
16.816000 30.646134 17.964398 -0.001587 1.468575 0.456198 -0.104239
16.836000 30.652146 18.013422 -0.001556 1.469387 0.311738 0.034189
16.856000 30.655331 18.061828 -0.001528 1.472800 0.167898 0.171640
16.876000 30.655881 18.110311 -0.001499 1.478434 0.045157 0.293640
16.896000 30.654168 18.159614 -0.001468 1.486024 -0.069634 0.391314
16.916000 30.650127 18.210218 -0.001421 1.495244 -0.198007 0.486529
16.936000 30.643703 18.262108 -0.001321 1.506275 -0.322841 0.581491
16.956000 30.635288 18.315124 -0.001317 1.518483 -0.408808 0.613180
16.976000 30.628776 18.368896 -0.001453 1.527867 -0.317972 0.460261
16.996000 30.624698 18.423851 -0.001399 1.534339 -0.200360 0.293820
17.016000 30.623151 18.479060 -0.001359 1.537949 -0.068957 0.183751
17.036000 30.624223 18.533984 -0.001481 1.538805 0.062177 0.051499
17.056000 30.628112 18.588565 -0.001450 1.536673 0.211835 -0.096081
17.076000 30.634805 18.642398 -0.001436 1.531773 0.350344 -0.223636
17.096000 30.644272 18.695711 -0.001432 1.524234 0.490330 -0.372829
17.116000 30.656547 18.748600 -0.001379 1.514102 0.626509 -0.504297
17.136000 30.671547 18.801333 -0.001361 1.501755 0.761627 -0.631077
17.156000 30.688920 18.853767 -0.001318 1.487955 0.874219 -0.676153
17.176000 30.704421 18.904954 -0.001462 1.477763 0.795731 -0.490310
17.196000 30.717706 18.955485 -0.001571 1.471131 0.674970 -0.336955
17.216000 30.728111 19.005351 -0.001592 1.467373 0.537028 -0.190558
17.236000 30.735766 19.054580 -0.001567 1.466530 0.395603 -0.048117
17.256000 30.740631 19.103307 -0.001539 1.468348 0.253592 0.091785
17.276000 30.742896 19.152247 -0.001507 1.472440 0.133076 0.214781
17.296000 30.742979 19.202229 -0.001473 1.478506 0.022177 0.314525
17.316000 30.740805 19.253683 -0.001424 1.486230 -0.101397 0.413167
17.336000 30.736312 19.306571 -0.001327 1.495775 -0.224849 0.507687
17.356000 30.729923 19.360541 -0.001317 1.506425 -0.297258 0.537702
17.376000 30.725647 19.414848 -0.001448 1.514191 -0.204306 0.373823
17.396000 30.723846 19.470067 -0.001375 1.519102 -0.087342 0.206173
17.416000 30.723377 19.525640 -0.001352 1.522984 -0.047648 0.208680
17.436000 30.720802 19.581195 -0.001517 1.528701 -0.147868 0.320536
17.456000 30.716571 19.636646 -0.001603 1.535320 -0.203809 0.346169
17.476000 30.715196 19.690360 -0.001568 1.538392 -0.048689 0.189439
17.496000 30.716694 19.743277 -0.001522 1.538666 0.068492 0.022428
17.516000 30.720797 19.795073 -0.001506 1.535987 0.190674 -0.136839
17.536000 30.727623 19.845573 -0.001490 1.530467 0.333095 -0.274511
17.556000 30.737352 19.894824 -0.001469 1.522276 0.482484 -0.407980
17.576000 30.750071 19.942959 -0.001436 1.511577 0.632879 -0.544459
17.596000 30.765526 19.990557 -0.001385 1.498544 0.768360 -0.647281
17.616000 30.781018 20.037844 -0.001424 1.487193 0.769687 -0.520625
17.636000 30.793856 20.084366 -0.001550 1.479862 0.658706 -0.363319
17.656000 30.804038 20.130631 -0.001593 1.475482 0.525556 -0.214178
17.676000 30.811796 20.177597 -0.001559 1.473567 0.417077 -0.085310
17.696000 30.817582 20.225976 -0.001517 1.473800 0.314496 0.021752
17.716000 30.821305 20.276091 -0.001479 1.475842 0.205740 0.127823
17.736000 30.822926 20.327905 -0.001408 1.479842 0.093175 0.229379
17.756000 30.822400 20.381242 -0.001355 1.485656 -0.024501 0.322403
17.776000 30.820427 20.435832 -0.001424 1.492378 -0.090118 0.367217
17.796000 30.818955 20.491089 -0.001560 1.498232 -0.042181 0.262220
17.816000 30.817181 20.546535 -0.001624 1.504568 -0.103531 0.369926
17.836000 30.812183 20.602123 -0.001508 1.513643 -0.253303 0.480315
17.856000 30.804937 20.657610 -0.001328 1.524534 -0.355100 0.582826
17.876000 30.795067 20.712989 -0.001347 1.537480 -0.502954 0.653187
17.896000 30.782690 20.768322 -0.001336 1.552138 -0.621698 0.752072
17.916000 30.769946 20.822797 -0.001376 1.565945 -0.645372 0.731150
17.936000 30.759007 20.877147 -0.002172 1.576695 -0.611765 0.637314
17.956000 30.750369 20.931290 -0.002957 1.584047 -0.580085 0.575554
17.976000 30.744158 20.984233 -0.003977 1.588523 -0.552623 0.537932
17.996000 30.740164 21.036144 -0.005443 1.590675 -0.506826 0.507927
18.016000 30.738435 21.086807 -0.007407 1.591172 -0.442861 0.439822
18.036000 30.739721 21.136745 -0.008959 1.588549 -0.336362 0.305675
18.056000 30.744506 21.186006 -0.009620 1.582172 -0.192206 0.149270
18.076000 30.752781 21.235213 -0.009753 1.572576 -0.023597 0.022339
18.096000 30.764337 21.284258 -0.009779 1.560587 0.135515 -0.101760
18.116000 30.779803 21.334521 -0.007894 1.546204 0.644580 -0.498464
18.136000 30.799576 21.385567 -0.003711 1.527753 0.752671 -0.700205
18.156000 30.818246 21.436599 -0.001980 1.510842 0.907233 -0.851022
18.176000 30.834755 21.487260 -0.001372 1.497262 0.831587 -0.702156
18.196000 30.849652 21.538454 -0.001450 1.486519 0.754137 -0.522652
18.216000 30.862484 21.589894 -0.001528 1.479389 0.663691 -0.342311
18.236000 30.872530 21.641103 -0.001571 1.475122 0.511410 -0.219220
18.256000 30.879793 21.692206 -0.001540 1.473694 0.380639 -0.060572
18.276000 30.884447 21.742740 -0.001521 1.475232 0.240785 0.073253
18.296000 30.886356 21.793178 -0.001508 1.479198 0.106961 0.208252
18.316000 30.885867 21.843146 -0.001478 1.485972 -0.014561 0.344923
18.336000 30.882460 21.892004 -0.001484 1.495243 -0.170216 0.459609
18.356000 30.876058 21.940150 -0.001452 1.506774 -0.319507 0.584733
18.376000 30.867135 21.988269 -0.001395 1.520144 -0.438052 0.645133
18.396000 30.856460 22.036679 -0.001445 1.534250 -0.541599 0.671936
18.416000 30.846173 22.084406 -0.001524 1.546568 -0.510586 0.566110
18.436000 30.838470 22.131068 -0.001878 1.556018 -0.414884 0.480564
18.456000 30.832806 22.176320 -0.002084 1.562516 -0.339129 0.385989
18.476000 30.830099 22.219901 -0.001800 1.565471 -0.137212 0.154267
18.496000 30.830000 22.263854 -0.001438 1.566034 -0.018780 0.039692
18.516000 30.831601 22.309207 -0.001438 1.564825 0.080991 -0.056369
18.536000 30.835225 22.355790 -0.001466 1.561471 0.190388 -0.166772
18.556000 30.841070 22.403462 -0.001426 1.555935 0.303725 -0.281071
18.576000 30.849082 22.452446 -0.001361 1.548428 0.415921 -0.394289
18.596000 30.858866 22.502849 -0.001425 1.539495 0.496550 -0.473048
18.616000 30.868957 22.555085 -0.001559 1.530836 0.474773 -0.425568
18.636000 30.878884 22.608934 -0.001622 1.522825 0.492951 -0.427920
18.656000 30.889814 22.663365 -0.001644 1.514114 0.559792 -0.483576
18.676000 30.903358 22.717489 -0.001648 1.503240 0.697286 -0.583970
18.696000 30.919103 22.771223 -0.001643 1.490859 0.807449 -0.659874
18.716000 30.936177 22.824954 -0.001648 1.477644 0.879950 -0.703610
18.736000 30.954868 22.878163 -0.001652 1.463569 0.948890 -0.721376
18.756000 30.973683 22.931050 -0.001655 1.450264 0.933067 -0.651519
18.776000 30.990071 22.982831 -0.001616 1.441498 0.841538 -0.441071
18.796000 31.004469 23.034070 -0.001587 1.436419 0.745556 -0.249467
18.816000 31.015950 23.084814 -0.001576 1.433925 0.581584 -0.139520
18.836000 31.024549 23.135149 -0.001559 1.434076 0.441249 0.001722
18.856000 31.030342 23.185273 -0.001530 1.436771 0.298432 0.139742
18.876000 31.033640 23.236111 -0.001481 1.441570 0.185061 0.252008
18.896000 31.034797 23.288279 -0.001438 1.448252 0.072193 0.346570
18.916000 31.033814 23.342017 -0.001408 1.456321 -0.050915 0.429360
18.936000 31.031123 23.397040 -0.001461 1.465499 -0.138255 0.498471
18.956000 31.028033 23.452601 -0.001572 1.474581 -0.130364 0.436753
18.976000 31.026386 23.508603 -0.001626 1.481774 -0.062776 0.323796
18.996000 31.025007 23.564592 -0.001646 1.488322 -0.098236 0.324033
19.016000 31.021414 23.620097 -0.001632 1.497264 -0.197676 0.489205
19.036000 31.014299 23.675373 -0.001401 1.509149 -0.363013 0.591421
19.056000 31.004711 23.730900 -0.001299 1.522646 -0.479752 0.699972
19.076000 30.992276 23.785902 -0.001342 1.538307 -0.636487 0.786769
19.096000 30.977252 23.840978 -0.001373 1.555540 -0.762278 0.876874
19.116000 30.961989 23.895908 -0.001451 1.571561 -0.780342 0.845055
19.136000 30.948581 23.950934 -0.002230 1.584449 -0.743913 0.752921
19.156000 30.937459 24.005769 -0.003155 1.594037 -0.718335 0.710928
19.176000 30.928652 24.059545 -0.004321 1.600814 -0.689269 0.671629
19.196000 30.922155 24.112209 -0.005819 1.605087 -0.644552 0.639104
19.216000 30.918324 24.163234 -0.007205 1.607005 -0.401679 0.471489
19.236000 30.920782 24.209098 -0.004106 1.604033 -0.089495 0.128172
19.256000 30.923573 24.252920 -0.001619 1.599315 -0.041095 -0.009364
19.276000 30.926898 24.297015 -0.001200 1.594550 0.013886 -0.018632
19.296000 30.931881 24.340981 -0.001251 1.588605 0.090777 -0.066031
19.316000 30.938952 24.384521 -0.000750 1.579977 0.325912 -0.411195
19.336000 30.949428 24.426857 -0.000543 1.567644 0.499669 -0.548776
19.356000 30.960258 24.471785 -0.001330 1.556663 0.542735 -0.520788
19.376000 30.970055 24.520139 -0.001554 1.547463 0.467805 -0.419226
19.396000 30.978597 24.570918 -0.001620 1.540024 0.432919 -0.366269
19.416000 30.988874 24.622777 -0.001639 1.531132 0.553429 -0.463365
19.436000 31.002178 24.675248 -0.001534 1.519671 0.695958 -0.583845
19.456000 31.017780 24.728364 -0.001466 1.506500 0.809594 -0.677678
19.476000 31.034599 24.781777 -0.001552 1.492734 0.842642 -0.678910
19.496000 31.051316 24.835497 -0.001618 1.479710 0.835886 -0.638859
19.516000 31.069236 24.888885 -0.001645 1.466195 0.954104 -0.704650
19.536000 31.089804 24.941514 -0.001649 1.450866 1.067367 -0.792496
19.556000 31.111176 24.993516 -0.001652 1.435655 1.063768 -0.741479
19.576000 31.130266 25.044649 -0.001628 1.425101 0.972043 -0.538575
19.596000 31.147356 25.095416 -0.001604 1.418249 0.877659 -0.343545
19.616000 31.161702 25.145862 -0.001589 1.414197 0.720583 -0.224543
19.636000 31.173083 25.196077 -0.001567 1.412681 0.582397 -0.080587
19.656000 31.181709 25.246244 -0.001536 1.413770 0.441438 0.061111
19.676000 31.187811 25.297110 -0.001488 1.417074 0.325947 0.175827
19.696000 31.191799 25.349432 -0.001443 1.422297 0.214340 0.272884
19.716000 31.193558 25.403232 -0.001402 1.429286 0.095952 0.365013
19.736000 31.193002 25.458330 -0.001346 1.437945 -0.027034 0.462200
19.756000 31.190371 25.514091 -0.001316 1.448306 -0.127257 0.550406
19.776000 31.185503 25.570085 -0.001335 1.460549 -0.247322 0.632474
19.796000 31.178616 25.625920 -0.001338 1.474033 -0.343630 0.699219
19.816000 31.169732 25.681672 -0.001455 1.489154 -0.465255 0.772086
19.836000 31.157950 25.737542 -0.001472 1.505933 -0.598890 0.860361
19.856000 31.144358 25.793544 -0.001456 1.523696 -0.661525 0.880759
19.876000 31.129954 25.849373 -0.001481 1.541448 -0.709625 0.871510
19.896000 31.114837 25.905170 -0.001438 1.558748 -0.740885 0.851604
19.916000 31.100175 25.960805 -0.001440 1.574057 -0.751389 0.684313
19.936000 31.087281 26.016519 -0.002286 1.586251 -0.718939 0.600612
19.956000 31.076730 26.071561 -0.003173 1.595451 -0.684023 0.602629
19.976000 31.069379 26.123995 -0.003409 1.602079 -0.463725 0.490733
19.996000 31.065142 26.172678 -0.002853 1.605804 -0.337646 0.337299
20.016000 31.062586 26.218527 -0.002718 1.607187 -0.245062 0.196127
20.036000 31.062038 26.261870 -0.002809 1.606122 -0.135520 0.063282
20.056000 31.063813 26.303093 -0.002859 1.602939 -0.020541 -0.070910
20.076000 31.067491 26.343572 -0.002834 1.598256 0.078999 -0.143390
20.096000 31.072216 26.384507 -0.002837 1.592427 0.123863 -0.224177
20.116000 31.078550 26.425877 -0.002256 1.584395 0.307185 -0.428922
20.136000 31.088030 26.468015 -0.001187 1.573772 0.477588 -0.509259
20.156000 31.098639 26.511875 -0.001225 1.562672 0.543233 -0.555543
20.176000 31.109109 26.557668 -0.001468 1.552316 0.501511 -0.486838
20.196000 31.118711 26.605266 -0.001589 1.543256 0.479241 -0.446660
20.216000 31.129522 26.653235 -0.001634 1.533311 0.584260 -0.530465
20.236000 31.142893 26.700883 -0.001643 1.521377 0.701561 -0.628731
20.256000 31.157485 26.748402 -0.001647 1.508768 0.731047 -0.634070
20.276000 31.172219 26.795979 -0.001653 1.496467 0.742849 -0.609723
20.296000 31.187390 26.843388 -0.001655 1.484340 0.771808 -0.608367
20.316000 31.203751 26.890371 -0.001655 1.471556 0.866090 -0.668735
20.336000 31.222101 26.936601 -0.001653 1.457498 0.936980 -0.712027
20.356000 31.240651 26.982489 -0.001655 1.443873 0.926131 -0.658995
20.376000 31.256429 27.027309 -0.001629 1.434383 0.814934 -0.474528
20.396000 31.269586 27.071726 -0.001590 1.427842 0.675438 -0.332997
20.416000 31.279978 27.115758 -0.001567 1.424032 0.529986 -0.199810
20.436000 31.287548 27.159405 -0.001541 1.422907 0.389708 -0.058129
20.456000 31.292367 27.202502 -0.001503 1.424474 0.249275 0.085967
20.476000 31.294484 27.244852 -0.001441 1.428652 0.113929 0.220118
20.496000 31.294091 27.286072 -0.001368 1.435120 -0.018169 0.345350
20.516000 31.291846 27.326741 -0.001337 1.442882 -0.113249 0.404490
20.536000 31.289699 27.367281 -0.001495 1.450212 -0.094400 0.331679
20.556000 31.288847 27.407767 -0.001598 1.456172 -0.035966 0.254233
20.576000 31.289083 27.448126 -0.001637 1.460787 0.006124 0.196660
20.596000 31.289195 27.488235 -0.001650 1.465263 -0.024189 0.213436
20.616000 31.287926 27.528196 -0.001655 1.471255 -0.102608 0.336151
20.636000 31.284238 27.568296 -0.001647 1.479409 -0.197695 0.436707
20.656000 31.279101 27.608480 -0.001644 1.488567 -0.275252 0.487534
20.676000 31.272226 27.648452 -0.001649 1.499257 -0.367717 0.570203
20.696000 31.264231 27.688449 -0.001652 1.510458 -0.405182 0.556983
20.716000 31.257338 27.727642 -0.001641 1.519963 -0.334271 0.487756
20.736000 31.252878 27.765722 -0.001641 1.526754 -0.251244 0.392506
20.756000 31.250055 27.802790 -0.001815 1.530793 -0.143659 0.235605
20.776000 31.249856 27.838307 -0.001765 1.531933 -0.002636 0.097333
20.796000 31.251904 27.872781 -0.001457 1.531097 0.088404 0.021680
20.816000 31.255333 27.907023 -0.001399 1.528808 0.159212 -0.066708
20.836000 31.260152 27.940801 -0.001366 1.525033 0.230332 -0.137543
20.856000 31.266454 27.973888 -0.001408 1.520059 0.302611 -0.198693
20.876000 31.273723 28.004680 -0.001474 1.514107 0.361984 -0.257555
20.896000 31.282178 28.033847 -0.001486 1.506753 0.426816 -0.346592
20.916000 31.291609 28.062095 -0.001495 1.498841 0.466998 -0.374703
20.936000 31.300434 28.089883 -0.001575 1.491922 0.457359 -0.329836
20.956000 31.308718 28.117595 -0.001621 1.485583 0.427467 -0.291829
20.976000 31.315603 28.145426 -0.001609 1.480779 0.350888 -0.210978
20.996000 31.321997 28.173274 -0.001606 1.476645 0.343100 -0.192864
21.016000 31.327014 28.200866 -0.001603 1.474356 0.220820 -0.102839
21.036000 31.328716 28.228422 -0.001422 1.475309 0.081651 0.054568
21.056000 31.328207 28.256235 -0.001313 1.478494 -0.033044 0.178664
21.076000 31.326410 28.284606 -0.001376 1.482699 -0.109687 0.209999
21.096000 31.325158 28.313002 -0.001536 1.486631 -0.044010 0.163894
21.116000 31.325602 28.341298 -0.001615 1.488651 0.057870 0.041732
21.136000 31.328044 28.369353 -0.001639 1.488854 0.145177 0.009947
21.156000 31.330189 28.397435 -0.001650 1.489188 0.085738 0.053752
21.176000 31.330891 28.425697 -0.001654 1.490748 0.025986 0.095817
21.196000 31.331419 28.453959 -0.001655 1.492393 0.031425 0.070119
21.216000 31.331457 28.482130 -0.001656 1.494852 -0.034504 0.176197
21.236000 31.329324 28.510410 -0.001653 1.499299 -0.132018 0.252213
21.256000 31.326935 28.538821 -0.001654 1.503530 -0.107931 0.175286
21.276000 31.328167 28.566086 -0.001538 1.503852 0.061693 0.023728
21.296000 31.332263 28.592883 -0.001395 1.501554 0.199821 -0.130933
21.316000 31.338820 28.619405 -0.001339 1.496705 0.327007 -0.269387
21.336000 31.347590 28.645994 -0.001321 1.489755 0.437803 -0.381447
21.356000 31.357419 28.672723 -0.001438 1.482067 0.483438 -0.396926
21.376000 31.364630 28.698604 -0.001551 1.477453 0.367566 -0.233640
21.396000 31.369127 28.723939 -0.001529 1.475971 0.235215 -0.070565
21.416000 31.370949 28.748656 -0.001464 1.477351 0.099484 0.077545
21.436000 31.370191 28.773027 -0.001424 1.481185 -0.026276 0.210356
21.456000 31.367266 28.797960 -0.001374 1.487178 -0.132279 0.325532
21.476000 31.362176 28.823095 -0.001348 1.495313 -0.250187 0.426190
21.496000 31.355406 28.848747 -0.001406 1.504745 -0.315230 0.476892
21.516000 31.349041 28.874703 -0.001494 1.512714 -0.318870 0.422636
21.536000 31.343968 28.900637 -0.001600 1.518919 -0.259234 0.372292
21.556000 31.340243 28.926024 -0.001737 1.523670 -0.186771 0.236036
21.576000 31.338561 28.948616 -0.001518 1.525585 -0.073992 0.092167
21.596000 31.338759 28.969219 -0.001280 1.525364 0.023826 -0.016736
21.616000 31.340366 28.987908 -0.001311 1.523623 0.099258 -0.103420
21.636000 31.341919 29.004759 -0.001501 1.521932 0.041118 -0.047205
21.656000 31.341842 29.019836 -0.001603 1.521983 -0.016496 0.014038
21.676000 31.342011 29.033044 -0.001641 1.521809 0.028293 -0.029923
21.696000 31.342473 29.044378 -0.001653 1.521327 0.013584 -0.015876
21.716000 31.342630 29.053870 -0.001657 1.521158 0.009030 -0.011101
21.736000 31.342839 29.061505 -0.001658 1.520936 0.010848 -0.013175
21.756000 31.342990 29.067286 -0.001658 1.520776 0.006096 -0.008221
21.776000 31.343083 29.071216 -0.001658 1.520679 0.004591 -0.006534
21.796000 31.343171 29.073346 -0.001658 1.520649 0.004301 -0.001666
21.816000 31.343218 29.074143 -0.001658 1.520657 0.000967 0.000361
21.836000 31.343218 29.074124 -0.001658 1.520665 -0.000191 0.000208
21.856000 31.343216 29.074125 -0.001658 1.520668 -0.000012 0.000043
21.876000 31.343216 29.074126 -0.001657 1.520668 0.000002 0.000009
21.896000 31.343216 29.074128 -0.001657 1.520668 0.000005 0.000003
21.916000 31.343216 29.074130 -0.001657 1.520668 0.000007 0.000001
21.936000 31.343216 29.074132 -0.001657 1.520668 0.000007 0.000000
21.956000 31.343216 29.074133 -0.001657 1.520668 0.000007 0.000000
21.976000 31.343217 29.074135 -0.001657 1.520668 0.000007 0.000000
21.996000 31.343217 29.074137 -0.001657 1.520668 0.000007 0.000000
22.016000 31.343217 29.074138 -0.001657 1.520668 0.000007 0.000000
22.036000 31.343217 29.074140 -0.001657 1.520668 0.000007 0.000000
22.056000 31.343217 29.074142 -0.001657 1.520668 0.000007 0.000000
22.076000 31.343217 29.074143 -0.001657 1.520668 0.000007 0.000000
22.096000 31.343217 29.074145 -0.001657 1.520668 0.000007 0.000000
22.116000 31.343217 29.074147 -0.001657 1.520668 0.000007 0.000000
22.136000 31.343217 29.074148 -0.001657 1.520668 0.000007 0.000000
22.156000 31.343217 29.074150 -0.001657 1.520668 0.000007 0.000000
22.176000 31.343217 29.074152 -0.001657 1.520668 0.000007 0.000000
22.196000 31.343218 29.074153 -0.001657 1.520668 0.000007 0.000000
22.216000 31.343218 29.074155 -0.001657 1.520668 0.000007 0.000000
22.236000 31.343218 29.074157 -0.001657 1.520668 0.000007 0.000000
22.256000 31.343218 29.074159 -0.001657 1.520668 0.000007 0.000000
22.276000 31.343218 29.074160 -0.001657 1.520668 0.000007 0.000000
22.296000 31.343218 29.074162 -0.001657 1.520668 0.000007 0.000000
22.316000 31.343218 29.074164 -0.001657 1.520668 0.000007 0.000000
22.336000 31.343218 29.074165 -0.001657 1.520668 0.000007 0.000000
22.356000 31.343218 29.074167 -0.001657 1.520668 0.000007 0.000000
22.376000 31.343218 29.074169 -0.001657 1.520668 0.000007 0.000000
22.396000 31.343218 29.074170 -0.001657 1.520668 0.000007 0.000000
22.416000 31.343218 29.074172 -0.001657 1.520668 0.000007 0.000000
22.436000 31.343219 29.074174 -0.001657 1.520668 0.000007 0.000000
22.456000 31.343219 29.074175 -0.001657 1.520668 0.000007 0.000000
22.476000 31.343219 29.074177 -0.001657 1.520668 0.000007 0.000000
22.496000 31.343219 29.074179 -0.001657 1.520668 0.000007 0.000000
22.516000 31.343219 29.074181 -0.001657 1.520668 0.000007 0.000000
22.536000 31.343219 29.074182 -0.001657 1.520668 0.000007 0.000000
22.556000 31.343219 29.074184 -0.001657 1.520668 0.000007 0.000000
22.576000 31.343219 29.074186 -0.001657 1.520668 0.000007 -0.000000
22.596000 31.343219 29.074187 -0.001657 1.520668 0.000007 -0.000000
22.616000 31.343219 29.074189 -0.001657 1.520668 0.000007 -0.000000
22.636000 31.343219 29.074191 -0.001657 1.520668 0.000007 -0.000000
22.656000 31.343219 29.074192 -0.001657 1.520668 0.000007 -0.000000
22.676000 31.343220 29.074194 -0.001657 1.520668 0.000007 -0.000000
22.696000 31.343220 29.074196 -0.001657 1.520668 0.000007 -0.000000
22.716000 31.343220 29.074197 -0.001657 1.520668 0.000007 -0.000000
22.736000 31.343220 29.074199 -0.001657 1.520668 0.000007 -0.000000
22.756000 31.343220 29.074201 -0.001657 1.520668 0.000007 -0.000000
22.776000 31.343220 29.074202 -0.001657 1.520668 0.000007 -0.000000
22.796000 31.343220 29.074204 -0.001657 1.520668 0.000007 -0.000000
22.816000 31.343220 29.074206 -0.001657 1.520668 0.000007 -0.000000
22.836000 31.343220 29.074208 -0.001657 1.520668 0.000007 -0.000000
22.856000 31.343220 29.074209 -0.001657 1.520668 0.000007 -0.000000
22.876000 31.343220 29.074211 -0.001657 1.520668 0.000007 -0.000000
22.896000 31.343221 29.074213 -0.001657 1.520668 0.000007 -0.000000
22.916000 31.343221 29.074214 -0.001657 1.520668 0.000007 -0.000000
22.936000 31.343221 29.074216 -0.001657 1.520668 0.000007 -0.000000
22.956000 31.343221 29.074218 -0.001657 1.520668 0.000007 -0.000000
22.976000 31.343221 29.074219 -0.001657 1.520668 0.000007 -0.000000
22.996000 31.343221 29.074221 -0.001657 1.520668 0.000007 -0.000000
23.016000 31.343221 29.074223 -0.001657 1.520668 0.000007 -0.000000
23.036000 31.343221 29.074224 -0.001657 1.520668 0.000007 -0.000000
23.056000 31.343221 29.074226 -0.001657 1.520668 0.000007 -0.000000
23.076000 31.343221 29.074228 -0.001657 1.520668 0.000007 -0.000000
23.096000 31.343221 29.074230 -0.001657 1.520668 0.000007 -0.000000
23.116000 31.343221 29.074231 -0.001657 1.520668 0.000007 -0.000000
23.136000 31.343222 29.074233 -0.001657 1.520668 0.000007 -0.000000
23.156000 31.343222 29.074235 -0.001657 1.520668 0.000007 -0.000000
23.176000 31.343222 29.074236 -0.001657 1.520668 0.000007 -0.000000
23.196000 31.343222 29.074238 -0.001657 1.520668 0.000007 -0.000000
23.216000 31.343222 29.074240 -0.001657 1.520668 0.000007 -0.000000
23.236000 31.343222 29.074241 -0.001657 1.520668 0.000007 -0.000000
23.256000 31.343222 29.074243 -0.001657 1.520668 0.000007 -0.000000
23.276000 31.343222 29.074245 -0.001657 1.520668 0.000007 -0.000000
23.296000 31.343222 29.074246 -0.001657 1.520668 0.000007 -0.000000
23.316000 31.343222 29.074248 -0.001657 1.520668 0.000007 -0.000000
23.336000 31.343222 29.074250 -0.001657 1.520668 0.000007 -0.000000
23.356000 31.343222 29.074252 -0.001657 1.520668 0.000007 -0.000000
23.376000 31.343223 29.074253 -0.001657 1.520668 0.000007 -0.000000
23.396000 31.343223 29.074255 -0.001657 1.520668 0.000007 -0.000000
23.416000 31.343223 29.074257 -0.001657 1.520668 0.000007 -0.000000
23.436000 31.343223 29.074258 -0.001657 1.520668 0.000007 -0.000000
23.456000 31.343223 29.074260 -0.001657 1.520668 0.000007 -0.000000
23.476000 31.343223 29.074262 -0.001657 1.520668 0.000007 -0.000000
23.496000 31.343223 29.074263 -0.001657 1.520668 0.000007 -0.000000
23.516000 31.343223 29.074265 -0.001657 1.520668 0.000007 -0.000000
23.536000 31.343223 29.074267 -0.001657 1.520668 0.000007 -0.000000
23.556000 31.343223 29.074268 -0.001657 1.520668 0.000007 -0.000000
23.576000 31.343223 29.074270 -0.001657 1.520668 0.000007 -0.000000
23.596000 31.343223 29.074272 -0.001657 1.520668 0.000007 -0.000000
23.616000 31.343224 29.074274 -0.001657 1.520668 0.000007 -0.000000
23.636000 31.343224 29.074275 -0.001657 1.520668 0.000007 -0.000000
23.656000 31.343224 29.074277 -0.001657 1.520668 0.000007 -0.000000
23.676000 31.343224 29.074279 -0.001657 1.520668 0.000007 -0.000000
23.696000 31.343224 29.074280 -0.001657 1.520668 0.000007 -0.000000
23.716000 31.343224 29.074282 -0.001657 1.520668 0.000007 -0.000000
23.736000 31.343224 29.074284 -0.001657 1.520668 0.000007 -0.000000
23.756000 31.343224 29.074285 -0.001657 1.520668 0.000007 -0.000000
23.776000 31.343224 29.074287 -0.001657 1.520668 0.000007 -0.000000
23.796000 31.343224 29.074289 -0.001657 1.520668 0.000007 -0.000000
23.816000 31.343224 29.074291 -0.001657 1.520668 0.000007 -0.000000
23.836000 31.343225 29.074292 -0.001657 1.520668 0.000007 -0.000000
23.856000 31.343225 29.074294 -0.001657 1.520668 0.000007 -0.000000
23.876000 31.343225 29.074296 -0.001657 1.520668 0.000007 -0.000000
23.896000 31.343225 29.074297 -0.001657 1.520668 0.000007 -0.000000
23.916000 31.343225 29.074299 -0.001657 1.520668 0.000007 -0.000000
23.936000 31.343225 29.074301 -0.001657 1.520668 0.000007 -0.000000
23.956000 31.343225 29.074302 -0.001657 1.520668 0.000007 -0.000000
23.976000 31.343225 29.074304 -0.001657 1.520668 0.000007 -0.000000
23.996000 31.343225 29.074306 -0.001657 1.520668 0.000007 -0.000000
24.016000 31.343225 29.074307 -0.001657 1.520668 0.000007 -0.000000
24.036000 31.343225 29.074309 -0.001657 1.520668 0.000007 -0.000000
24.056000 31.343225 29.074311 -0.001657 1.520668 0.000007 -0.000000
24.076000 31.343226 29.074313 -0.001657 1.520668 0.000007 -0.000000
24.096000 31.343226 29.074314 -0.001657 1.520668 0.000007 -0.000000
24.116000 31.343226 29.074316 -0.001657 1.520668 0.000007 -0.000000
24.136000 31.343226 29.074318 -0.001657 1.520668 0.000007 -0.000000
24.156000 31.343226 29.074319 -0.001657 1.520668 0.000007 -0.000000
24.176000 31.343226 29.074321 -0.001657 1.520668 0.000007 -0.000000
24.196000 31.343226 29.074323 -0.001657 1.520668 0.000007 -0.000000
24.216000 31.343226 29.074324 -0.001657 1.520668 0.000007 -0.000000
24.236000 31.343226 29.074326 -0.001657 1.520668 0.000007 -0.000000
24.256000 31.343226 29.074328 -0.001657 1.520668 0.000007 -0.000000
24.276000 31.343226 29.074329 -0.001657 1.520668 0.000008 -0.000000
24.296000 31.343226 29.074331 -0.001657 1.520668 0.000008 -0.000000
24.316000 31.343227 29.074333 -0.001657 1.520668 0.000008 -0.000000
24.336000 31.343227 29.074335 -0.001657 1.520668 0.000008 -0.000000
24.356000 31.343227 29.074336 -0.001657 1.520668 0.000008 -0.000000
24.376000 31.343227 29.074338 -0.001657 1.520668 0.000008 -0.000000
24.396000 31.343227 29.074340 -0.001657 1.520668 0.000008 -0.000000
24.416000 31.343227 29.074341 -0.001657 1.520668 0.000008 -0.000000
24.436000 31.343227 29.074343 -0.001657 1.520668 0.000008 -0.000000
24.456000 31.343227 29.074345 -0.001657 1.520668 0.000008 -0.000000
24.476000 31.343227 29.074346 -0.001657 1.520668 0.000008 -0.000000
24.496000 31.343227 29.074348 -0.001657 1.520668 0.000008 -0.000000
24.516000 31.343227 29.074350 -0.001657 1.520668 0.000008 -0.000000
24.536000 31.343228 29.074352 -0.001657 1.520668 0.000008 -0.000000
