# stamp x y z yaw
0.172000 0.000000 0.000000 -0.000709 0.000000
0.192000 0.000001 0.000000 -0.001311 0.000000
0.212000 0.000002 0.000000 -0.001549 0.000000
0.232000 0.000004 0.000000 -0.001626 0.000000
0.252000 0.000006 0.000000 -0.001648 0.000000
0.272000 0.000008 0.000000 -0.001655 0.000000
0.292000 0.000009 0.000000 -0.001657 0.000000
0.312000 0.000011 0.000000 -0.001657 0.000000
0.332000 0.000013 0.000000 -0.001657 0.000000
0.352000 0.000015 0.000000 -0.001657 0.000000
0.372000 0.000016 0.000000 -0.001657 0.000000
0.392000 0.000018 0.000000 -0.001657 0.000000
0.412000 0.000848 -0.000055 -0.001657 -0.000058
0.432000 0.003507 -0.000903 -0.001655 -0.000925
0.452000 0.007543 -0.002299 -0.001655 -0.002309
0.472000 0.012894 -0.002827 -0.001655 -0.002887
0.492000 0.019292 -0.002239 -0.001583 -0.002237
0.512000 0.026855 -0.000923 -0.001482 -0.000527
0.532000 0.035737 0.001504 -0.001461 0.002040
0.552000 0.046235 0.004489 -0.001491 0.004991
0.572000 0.058175 0.005877 -0.001542 0.006138
0.592000 0.071138 0.004623 -0.001391 0.004469
0.612000 0.085487 0.001548 -0.001312 0.001045
0.632000 0.101809 -0.000735 -0.001485 -0.001319
0.652000 0.120237 -0.001124 -0.001589 -0.001616
0.672000 0.140430 0.000410 -0.001631 0.000066
0.692000 0.162365 0.003045 -0.001646 0.002754
0.712000 0.185943 0.004200 -0.001648 0.003715
0.732000 0.210070 0.002406 -0.001466 0.001623
0.752000 0.235128 -0.001515 -0.001357 -0.002509
0.772000 0.261365 -0.006865 -0.001389 -0.007755
0.792000 0.288818 -0.013317 -0.001462 -0.013904
0.812000 0.317470 -0.020293 -0.001512 -0.020168
0.832000 0.347616 -0.026572 -0.001592 -0.025266
0.852000 0.379077 -0.031830 -0.001645 -0.028875
0.872000 0.410232 -0.035323 -0.001754 -0.029885
0.892000 0.441661 -0.037377 -0.001650 -0.029452
0.912000 0.473177 -0.037977 -0.001536 -0.027518
0.932000 0.504830 -0.037269 -0.001507 -0.024257
0.952000 0.536780 -0.035405 -0.001444 -0.020058
0.972000 0.569017 -0.032482 -0.001391 -0.015017
0.992000 0.601497 -0.028621 -0.001372 -0.009178
1.012000 0.634102 -0.023934 -0.001382 -0.002614
1.032000 0.666662 -0.018400 -0.001415 0.004497
1.052000 0.699162 -0.011961 -0.001472 0.012108
1.072000 0.731762 -0.004536 -0.001537 0.020187
1.092000 0.764314 0.004036 -0.001598 0.028982
1.112000 0.796774 0.012937 -0.001632 0.036625
1.132000 0.829122 0.020233 -0.001623 0.041009
1.152000 0.861381 0.025462 -0.001851 0.043350
1.172000 0.893872 0.029000 -0.001721 0.043867
1.192000 0.926525 0.031039 -0.001629 0.042523
1.212000 0.960183 0.031709 -0.001646 0.040125
1.232000 0.995741 0.031342 -0.001634 0.036990
1.252000 1.032920 0.030070 -0.001619 0.032987
1.272000 1.071293 0.027526 -0.001538 0.028324
1.292000 1.111024 0.023751 -0.001421 0.022639
1.312000 1.152118 0.018803 -0.001386 0.015931
1.332000 1.194439 0.011848 -0.001385 0.007425
1.352000 1.238246 0.003235 -0.001507 -0.001832
1.372000 1.283308 -0.006939 -0.001600 -0.012212
1.392000 1.329304 -0.019399 -0.001633 -0.024325
1.412000 1.375946 -0.032282 -0.001645 -0.035812
1.432000 1.422116 -0.043429 -0.001956 -0.043908
1.452000 1.468358 -0.052549 -0.002702 -0.049352
1.472000 1.513786 -0.059119 -0.003749 -0.051769
1.492000 1.558332 -0.063383 -0.005181 -0.051644
1.512000 1.601932 -0.065205 -0.006870 -0.048968
1.532000 1.644655 -0.064426 -0.008456 -0.043596
1.552000 1.686281 -0.060210 -0.009267 -0.035456
1.572000 1.726811 -0.052905 -0.009608 -0.025076
1.592000 1.766068 -0.040808 -0.008099 -0.009997
1.612000 1.807486 -0.024912 -0.006431 0.007573
1.632000 1.851300 -0.006142 -0.004721 0.026024
1.652000 1.897547 0.014086 -0.003667 0.044095
1.672000 1.941797 0.029775 -0.001892 0.056463
1.692000 1.985064 0.042573 -0.001657 0.066244
1.712000 2.029103 0.054047 -0.002008 0.073766
1.732000 2.072466 0.063558 -0.001951 0.078738
1.752000 2.114515 0.070532 -0.002060 0.081596
1.772000 2.155787 0.075742 -0.002242 0.082611
1.792000 2.196099 0.079191 -0.002316 0.082651
1.812000 2.234987 0.081020 -0.002549 0.081590
1.832000 2.272386 0.081618 -0.002753 0.078998
1.852000 2.308894 0.080959 -0.002943 0.075345
1.872000 2.343741 0.079047 -0.003109 0.070568
1.892000 2.377517 0.075790 -0.003067 0.064662
1.912000 2.409996 0.071345 -0.003127 0.057717
1.932000 2.440650 0.065502 -0.003240 0.049965
1.952000 2.470017 0.058721 -0.003339 0.041440
1.972000 2.497220 0.050355 -0.003037 0.031236
1.992000 2.523524 0.040603 -0.002843 0.020247
2.012000 2.550026 0.030204 -0.002037 0.008527
2.032000 2.576720 0.019616 -0.001679 -0.003653
2.052000 2.603508 0.008258 -0.001645 -0.016429
2.072000 2.630285 -0.004107 -0.001650 -0.029511
2.092000 2.657038 -0.017463 -0.001653 -0.042943
2.112000 2.683815 -0.030931 -0.001650 -0.054733
2.132000 2.710898 -0.042670 -0.001804 -0.062921
2.152000 2.737635 -0.052269 -0.002086 -0.068496
2.172000 2.763513 -0.060484 -0.002133 -0.072435
2.192000 2.788177 -0.067400 -0.002204 -0.075485
2.212000 2.811618 -0.072764 -0.002385 -0.077776
2.232000 2.833792 -0.076331 -0.002722 -0.079359
2.252000 2.854687 -0.077987 -0.002826 -0.079861
2.272000 2.874728 -0.078398 -0.002958 -0.079200
2.292000 2.893930 -0.078106 -0.003124 -0.077388
2.312000 2.913241 -0.077264 -0.003259 -0.075306
2.332000 2.933433 -0.076227 -0.003335 -0.073187
2.352000 2.954003 -0.075122 -0.003358 -0.070547
2.372000 2.976206 -0.073944 -0.003139 -0.067839
2.392000 2.999879 -0.073040 -0.003135 -0.065030
2.412000 3.025319 -0.072510 -0.003253 -0.062764
2.432000 3.053019 -0.072758 -0.003341 -0.060853
2.452000 3.082745 -0.073428 -0.003368 -0.059417
2.472000 3.114705 -0.074580 -0.003349 -0.058613
2.492000 3.148549 -0.076235 -0.003239 -0.058114
2.512000 3.183640 -0.077730 -0.003006 -0.057332
2.532000 3.219543 -0.079263 -0.003079 -0.056643
2.552000 3.255792 -0.080554 -0.003179 -0.055756
2.572000 3.291546 -0.081387 -0.003229 -0.054152
2.592000 3.327203 -0.081712 -0.003231 -0.052197
2.612000 3.362202 -0.081365 -0.003205 -0.049652
2.632000 3.395353 -0.079715 -0.003161 -0.046286
2.652000 3.427398 -0.077146 -0.003102 -0.042157
2.672000 3.457478 -0.073203 -0.002828 -0.036479
2.692000 3.486075 -0.067957 -0.002811 -0.030085
2.712000 3.513054 -0.061872 -0.002911 -0.022718
2.732000 3.537762 -0.054397 -0.003017 -0.014453
2.752000 3.560811 -0.045787 -0.002736 -0.005222
2.772000 3.581910 -0.036270 -0.002717 0.005052
2.792000 3.602766 -0.026107 -0.002029 0.015463
2.812000 3.624692 -0.015773 -0.001512 0.025884
2.832000 3.646932 -0.004643 -0.001562 0.036726
2.852000 3.669136 0.007163 -0.001619 0.047951
2.872000 3.691362 0.017933 -0.001625 0.055558
2.892000 3.713767 0.027128 -0.001765 0.060918
2.912000 3.735957 0.034667 -0.001675 0.064136
2.932000 3.758106 0.040628 -0.001632 0.065422
2.952000 3.780249 0.045224 -0.001533 0.065149
2.972000 3.802546 0.048674 -0.001456 0.063556
2.992000 3.825083 0.051202 -0.001387 0.060824
3.012000 3.848216 0.053020 -0.001345 0.057287
3.032000 3.872541 0.054164 -0.001335 0.053482
3.052000 3.897683 0.054640 -0.001347 0.049204
3.072000 3.924872 0.054403 -0.001392 0.045381
3.092000 3.953855 0.053475 -0.001426 0.041654
3.112000 3.984372 0.052040 -0.001471 0.037601
3.132000 4.016949 0.050260 -0.001517 0.033362
3.152000 4.051466 0.048072 -0.001576 0.028793
3.172000 4.087257 0.045077 -0.001570 0.024031
3.192000 4.124510 0.040886 -0.001533 0.018598
3.212000 4.163518 0.035598 -0.001522 0.012288
3.232000 4.203830 0.028367 -0.001415 0.004042
3.252000 4.245244 0.019025 -0.001338 -0.006140
3.272000 4.287696 0.007635 -0.001482 -0.017708
3.292000 4.331200 -0.005775 -0.001585 -0.030448
3.312000 4.375579 -0.019212 -0.001631 -0.042004
3.332000 4.419555 -0.030513 -0.001998 -0.050100
3.352000 4.463453 -0.039533 -0.002798 -0.055705
3.372000 4.506478 -0.045937 -0.003951 -0.058704
3.392000 4.548534 -0.049925 -0.005422 -0.059198
3.412000 4.589687 -0.051528 -0.007148 -0.057209
3.432000 4.629980 -0.050587 -0.008727 -0.052493
3.452000 4.669165 -0.046545 -0.009549 -0.044951
3.472000 4.707165 -0.039470 -0.009719 -0.034711
3.492000 4.744885 -0.027133 -0.007674 -0.017826
3.512000 4.785164 -0.011815 -0.005728 0.000574
3.532000 4.827971 0.005945 -0.004014 0.019013
3.552000 4.873061 0.024437 -0.003175 0.036915
3.572000 4.916395 0.038811 -0.001498 0.049026
3.592000 4.958684 0.050866 -0.001556 0.058271
3.612000 5.002058 0.061313 -0.002077 0.064962
3.632000 5.046303 0.070055 -0.002627 0.068974
3.652000 5.090436 0.076504 -0.003649 0.070090
3.672000 5.132399 0.079571 -0.003938 0.069180
3.692000 5.171623 0.078456 -0.002914 0.066906
3.712000 5.210173 0.077224 -0.002523 0.062999
3.732000 5.248108 0.074864 -0.002603 0.057889
3.752000 5.286792 0.072256 -0.002739 0.052716
3.772000 5.324426 0.068980 -0.002880 0.047157
3.792000 5.361539 0.065106 -0.002982 0.041346
3.812000 5.398153 0.060745 -0.003003 0.035022
3.832000 5.432991 0.054842 -0.002814 0.027612
3.852000 5.466618 0.047888 -0.002849 0.019459
3.872000 5.498436 0.039926 -0.002953 0.010433
3.892000 5.528873 0.030996 -0.003043 0.000876
3.912000 5.558230 0.021328 -0.002830 -0.009534
3.932000 5.585674 0.010114 -0.002625 -0.020900
3.952000 5.612364 -0.001646 -0.002496 -0.032403
3.972000 5.639290 -0.011533 -0.001842 -0.039949
3.992000 5.666004 -0.020105 -0.001709 -0.045232
4.012000 5.692477 -0.026646 -0.001803 -0.048343
4.032000 5.719004 -0.031630 -0.001687 -0.049532
4.052000 5.745438 -0.035195 -0.001583 -0.048810
4.072000 5.772039 -0.037596 -0.001509 -0.046576
4.092000 5.798877 -0.038809 -0.001437 -0.043262
4.112000 5.826360 -0.038907 -0.001389 -0.039449
4.132000 5.854869 -0.038070 -0.001368 -0.035349
4.152000 5.884076 -0.036403 -0.001360 -0.030754
4.172000 5.915300 -0.034171 -0.001413 -0.026242
4.192000 5.948323 -0.031528 -0.001462 -0.021406
4.212000 5.982733 -0.028176 -0.001530 -0.016436
4.232000 6.018383 -0.023724 -0.001519 -0.011004
4.252000 6.055392 -0.018266 -0.001519 -0.004861
4.272000 6.094328 -0.011630 -0.001529 0.002132
4.292000 6.134604 -0.003493 -0.001578 0.010563
4.312000 6.176494 0.004124 -0.001619 0.017885
4.332000 6.219623 0.009444 -0.001562 0.022251
4.352000 6.264147 0.012877 -0.001508 0.024296
4.372000 6.308077 0.014103 -0.001504 0.023343
4.392000 6.352503 0.012803 -0.001506 0.020512
4.412000 6.397026 0.009270 -0.001488 0.015258
4.432000 6.440185 0.002714 -0.001468 0.007452
4.452000 6.482459 -0.006778 -0.001424 -0.002719
4.472000 6.523667 -0.019205 -0.001370 -0.015325
4.492000 6.564143 -0.034024 -0.001413 -0.029388
4.512000 6.604440 -0.048601 -0.001489 -0.042123
4.532000 6.644772 -0.061196 -0.002041 -0.051435
4.552000 6.685116 -0.071418 -0.002810 -0.058024
4.572000 6.724615 -0.079062 -0.003903 -0.061843
4.592000 6.763269 -0.084468 -0.005408 -0.063164
4.612000 6.801053 -0.087529 -0.007169 -0.061977
4.632000 6.837984 -0.087879 -0.008733 -0.058161
4.652000 6.873820 -0.085143 -0.009520 -0.051349
4.672000 6.909311 -0.079616 -0.009891 -0.042730
4.692000 6.944468 -0.069373 -0.008254 -0.028557
4.712000 6.980506 -0.055436 -0.006272 -0.011223
4.732000 7.018253 -0.038586 -0.004253 0.006452
4.752000 7.058307 -0.021055 -0.003224 0.023298
4.772000 7.101055 -0.003429 -0.001098 0.040542
4.792000 7.143911 0.016705 -0.000314 0.059350
4.812000 7.188154 0.036277 -0.001303 0.075655
4.832000 7.232108 0.054128 -0.001738 0.088268
4.852000 7.275124 0.069486 -0.001981 0.098027
4.872000 7.317451 0.082694 -0.002202 0.105230
4.892000 7.358968 0.093507 -0.002826 0.110179
4.912000 7.399614 0.102017 -0.003792 0.112305
4.932000 7.439368 0.108496 -0.005096 0.111305
4.952000 7.478287 0.113029 -0.006714 0.107269
4.972000 7.516475 0.115439 -0.008426 0.100352
4.992000 7.553854 0.115259 -0.009592 0.090855
5.012000 7.589908 0.110680 -0.008989 0.077360
5.032000 7.627410 0.101368 -0.007470 0.060124
5.052000 7.667109 0.088737 -0.005602 0.041639
5.072000 7.709324 0.074224 -0.003852 0.023931
5.092000 7.753716 0.058955 -0.003257 0.006803
5.112000 7.800138 0.043005 -0.002450 -0.010126
5.132000 7.848389 0.025490 -0.001943 -0.027410
5.152000 7.898555 0.006562 -0.001661 -0.045006
5.172000 7.949960 -0.013210 -0.001552 -0.062987
5.192000 8.002591 -0.033682 -0.001558 -0.080832
5.212000 8.055607 -0.052723 -0.001009 -0.096401
5.232000 8.106926 -0.067076 -0.000784 -0.107628
5.252000 8.156605 -0.078847 -0.001480 -0.115540
5.272000 8.206862 -0.090550 -0.001822 -0.119401
5.292000 8.257722 -0.100654 -0.002221 -0.119748
5.312000 8.308548 -0.108511 -0.003099 -0.117439
5.332000 8.358780 -0.113491 -0.004307 -0.112585
5.352000 8.408190 -0.115569 -0.005767 -0.105351
5.372000 8.456833 -0.115091 -0.007484 -0.095873
5.392000 8.504779 -0.111938 -0.009100 -0.084586
5.412000 8.551526 -0.104456 -0.008886 -0.069546
5.432000 8.599435 -0.092127 -0.007435 -0.050796
5.452000 8.649503 -0.076436 -0.005838 -0.030487
5.472000 8.701844 -0.058373 -0.004489 -0.010191
5.492000 8.756460 -0.039238 -0.003190 0.009899
5.512000 8.812901 -0.019096 -0.002737 0.029689
5.532000 8.870848 0.001926 -0.002055 0.049588
5.552000 8.929187 0.024040 -0.001679 0.069065
5.572000 8.985651 0.040876 -0.000791 0.082833
5.592000 9.039994 0.053845 -0.001251 0.093156
5.612000 9.093530 0.065611 -0.001822 0.100350
5.632000 9.147782 0.075697 -0.002237 0.104503
5.652000 9.201854 0.083407 -0.003033 0.105993
5.672000 9.255237 0.088787 -0.004329 0.105031
5.692000 9.307693 0.091690 -0.005858 0.101398
5.712000 9.359239 0.092028 -0.007575 0.095325
5.732000 9.409929 0.089609 -0.009075 0.086691
5.752000 9.459507 0.083940 -0.009792 0.075491
5.772000 9.507606 0.074072 -0.008983 0.060155
5.792000 9.556745 0.059845 -0.007150 0.039941
5.812000 9.607809 0.041512 -0.005192 0.017207
5.832000 9.661474 0.020897 -0.003384 -0.005150
5.852000 9.717383 -0.000591 -0.002394 -0.026550
5.872000 9.774669 -0.022299 -0.001922 -0.048773
5.892000 9.833771 -0.045302 -0.001734 -0.071488
5.912000 9.893515 -0.067751 -0.001300 -0.091248
5.932000 9.951875 -0.085215 -0.001406 -0.104953
5.952000 10.009649 -0.100109 -0.002633 -0.114914
5.972000 10.068276 -0.114032 -0.003618 -0.121448
5.992000 10.126513 -0.125944 -0.004999 -0.125263
6.012000 10.183804 -0.135277 -0.006578 -0.126380
6.032000 10.240191 -0.142073 -0.008294 -0.124811
6.052000 10.295461 -0.145452 -0.009306 -0.119795
6.072000 10.349688 -0.145376 -0.009350 -0.110888
6.092000 10.403217 -0.142525 -0.009102 -0.098776
6.112000 10.456212 -0.137005 -0.009058 -0.084804
6.132000 10.508517 -0.129076 -0.009327 -0.069431
6.152000 10.559651 -0.116063 -0.007506 -0.049009
6.172000 10.613291 -0.099702 -0.006095 -0.026584
6.192000 10.669288 -0.080482 -0.004405 -0.003623
6.212000 10.727371 -0.060068 -0.003067 0.018653
6.232000 10.787353 -0.038739 -0.002389 0.040711
6.252000 10.848782 -0.016319 -0.001933 0.062690
6.272000 10.909151 0.006556 -0.001867 0.082501
6.292000 10.967722 0.029393 -0.001624 0.101161
6.312000 11.024194 0.051729 -0.000922 0.118511
6.332000 11.079535 0.069320 -0.001635 0.130808
6.352000 11.135182 0.084715 -0.002546 0.139043
6.372000 11.191761 0.099175 -0.003498 0.143811
6.392000 11.248107 0.111530 -0.004780 0.145647
6.412000 11.303669 0.121312 -0.006346 0.145026
6.432000 11.358376 0.128553 -0.008078 0.141758
6.452000 11.412101 0.132443 -0.009261 0.135322
6.472000 11.464811 0.132606 -0.009392 0.125127
6.492000 11.516872 0.129950 -0.009178 0.111903
6.512000 11.568373 0.124818 -0.009212 0.096935
6.532000 11.618915 0.116797 -0.009051 0.079956
6.552000 11.669903 0.103423 -0.006956 0.057167
6.572000 11.723541 0.087207 -0.005022 0.033690
6.592000 11.779792 0.069152 -0.003554 0.011176
6.612000 11.837727 0.049745 -0.002883 -0.010479
6.632000 11.896466 0.029770 -0.002087 -0.031661
6.652000 11.955921 0.008864 -0.001755 -0.052976
6.672000 12.015276 -0.010701 -0.001469 -0.070102
6.692000 12.073283 -0.031621 -0.000361 -0.088445
6.712000 12.130330 -0.050457 -0.001567 -0.103115
6.732000 12.186747 -0.066484 -0.001806 -0.112394
6.752000 12.242503 -0.080357 -0.001980 -0.119028
6.772000 12.297677 -0.092058 -0.002222 -0.122964
6.792000 12.352241 -0.101335 -0.002885 -0.124285
6.812000 12.406113 -0.108637 -0.004149 -0.122937
6.832000 12.459040 -0.113795 -0.005616 -0.118415
6.852000 12.511053 -0.116639 -0.007268 -0.110978
6.872000 12.562234 -0.116698 -0.008844 -0.101057
6.892000 12.612409 -0.113394 -0.009675 -0.088756
6.912000 12.661172 -0.106300 -0.009425 -0.073557
6.932000 12.710161 -0.093600 -0.007635 -0.053685
6.952000 12.761346 -0.077497 -0.005858 -0.032240
6.972000 12.815174 -0.059186 -0.004154 -0.011184
6.992000 12.871225 -0.039328 -0.003613 0.009146
7.012000 12.927970 -0.018756 -0.002869 0.029037
7.032000 12.981912 0.002488 -0.002148 0.049854
7.052000 13.034475 0.026382 -0.001049 0.071854
7.072000 13.086102 0.046107 -0.001663 0.088939
7.092000 13.137582 0.064052 -0.001811 0.101853
7.112000 13.188620 0.080024 -0.001979 0.112024
7.132000 13.239366 0.093897 -0.002475 0.119409
7.152000 13.289604 0.105574 -0.003320 0.123713
7.172000 13.339189 0.115457 -0.004694 0.125087
7.192000 13.387904 0.123323 -0.006281 0.123225
7.212000 13.435718 0.128852 -0.007988 0.118368
7.232000 13.482606 0.131378 -0.009178 0.110298
7.252000 13.528418 0.130081 -0.009436 0.099329
7.272000 13.573261 0.125836 -0.009439 0.086165
7.292000 13.616788 0.117738 -0.008493 0.069844
7.312000 13.661690 0.105063 -0.006825 0.050171
7.332000 13.709173 0.089469 -0.005212 0.029728
7.352000 13.759265 0.072109 -0.003714 0.010203
7.372000 13.811551 0.053796 -0.003118 -0.008410
7.392000 13.865817 0.034754 -0.002492 -0.027399
7.412000 13.921047 0.014766 -0.002198 -0.045696
7.432000 13.976502 -0.001887 -0.002137 -0.060880
7.452000 14.032685 -0.017333 -0.002090 -0.073480
7.472000 14.087023 -0.028320 -0.001317 -0.082040
7.492000 14.139638 -0.036726 -0.001627 -0.087513
7.512000 14.192238 -0.044054 -0.001719 -0.089396
7.532000 14.244398 -0.049725 -0.001743 -0.088662
7.552000 14.295661 -0.052959 -0.001699 -0.085081
7.572000 14.346022 -0.053547 -0.001650 -0.079177
7.592000 14.395839 -0.051917 -0.001532 -0.071558
7.612000 14.445277 -0.048358 -0.001440 -0.062505
7.632000 14.494433 -0.043174 -0.001377 -0.052164
7.652000 14.543247 -0.036196 -0.001407 -0.040795
7.672000 14.591499 -0.027302 -0.001483 -0.028398
7.692000 14.638997 -0.016294 -0.001523 -0.014888
7.712000 14.685573 -0.002939 -0.001522 -0.000102
7.732000 14.731225 0.012567 -0.001510 0.015790
7.752000 14.775964 0.029934 -0.001496 0.032695
7.772000 14.820670 0.045660 -0.001671 0.045920
7.792000 14.865709 0.059317 -0.002517 0.056579
7.812000 14.910207 0.070376 -0.003565 0.064382
7.832000 14.953864 0.079180 -0.004991 0.069587
7.852000 14.996482 0.085634 -0.006645 0.072083
7.872000 15.038167 0.089523 -0.008331 0.071883
7.892000 15.078754 0.089763 -0.009104 0.068076
7.912000 15.118974 0.086667 -0.009072 0.061279
7.932000 15.159263 0.080907 -0.008989 0.052746
7.952000 15.199412 0.073121 -0.009208 0.043073
7.972000 15.239036 0.063248 -0.008744 0.030525
7.992000 15.278685 0.048800 -0.006886 0.012713
8.012000 15.319862 0.031186 -0.005050 -0.006454
8.032000 15.363536 0.012361 -0.003454 -0.024554
8.052000 15.409144 -0.006553 -0.002417 -0.042619
8.072000 15.454232 -0.021801 -0.000874 -0.055388
8.092000 15.498557 -0.034687 -0.001275 -0.065406
8.112000 15.543377 -0.045624 -0.002079 -0.072416
8.132000 15.589455 -0.055840 -0.002711 -0.075771
8.152000 15.635596 -0.063869 -0.003770 -0.076234
8.172000 15.681102 -0.069272 -0.005201 -0.074276
8.192000 15.725717 -0.072042 -0.006881 -0.070058
8.212000 15.769505 -0.072063 -0.008546 -0.063513
8.232000 15.812264 -0.068876 -0.009511 -0.054390
8.252000 15.853837 -0.062488 -0.009844 -0.042915
8.272000 15.895497 -0.050497 -0.007994 -0.026138
8.292000 15.938863 -0.035118 -0.006107 -0.007224
8.312000 15.983913 -0.016813 -0.004559 0.012539
8.332000 16.029909 0.004785 -0.002499 0.033651
8.352000 16.075089 0.030132 -0.000096 0.057690
8.372000 16.119059 0.053354 -0.001095 0.079266
8.392000 16.163266 0.075470 -0.001515 0.096360
8.412000 16.207062 0.095775 -0.001608 0.109301
8.432000 16.251188 0.114572 -0.002058 0.118789
8.452000 16.295422 0.131078 -0.002799 0.125348
8.472000 16.339200 0.145658 -0.004115 0.128956
8.492000 16.382179 0.157902 -0.005647 0.129678
8.512000 16.424217 0.167505 -0.007314 0.127756
8.532000 16.465342 0.174574 -0.008845 0.122618
8.552000 16.505448 0.177795 -0.009419 0.114364
8.572000 16.544609 0.177679 -0.009344 0.103261
8.592000 16.582929 0.174815 -0.009380 0.090608
8.612000 16.620152 0.167596 -0.007910 0.074071
8.632000 16.659592 0.156555 -0.006195 0.055155
8.652000 16.701635 0.142933 -0.004750 0.036207
8.672000 16.746280 0.127746 -0.003225 0.018464
8.692000 16.793048 0.111919 -0.002514 0.001277
8.712000 16.841623 0.095018 -0.002030 -0.016168
8.732000 16.892081 0.076749 -0.001784 -0.033905
8.752000 16.944481 0.057033 -0.001680 -0.052007
8.772000 16.997909 0.039055 -0.001799 -0.067810
8.792000 17.052093 0.022604 -0.001165 -0.081162
8.812000 17.106145 0.008770 -0.001286 -0.091213
8.832000 17.158413 -0.000895 -0.001768 -0.097523
8.852000 17.210795 -0.009270 -0.001770 -0.099912
8.872000 17.262643 -0.015817 -0.001776 -0.099766
8.892000 17.313592 -0.020029 -0.001699 -0.096575
8.912000 17.363690 -0.021751 -0.001678 -0.090829
8.932000 17.413177 -0.021313 -0.001546 -0.083152
8.952000 17.462293 -0.018854 -0.001452 -0.074088
8.972000 17.511162 -0.014675 -0.001383 -0.063844
8.992000 17.559724 -0.008732 -0.001399 -0.052544
9.012000 17.607777 -0.000882 -0.001471 -0.040227
9.032000 17.655114 0.009009 -0.001519 -0.026766
9.052000 17.701560 0.021210 -0.001523 -0.012023
9.072000 17.747097 0.035686 -0.001513 0.003754
9.092000 17.791728 0.052275 -0.001499 0.020520
9.112000 17.835678 0.069670 -0.001505 0.036609
9.132000 17.879886 0.084701 -0.002084 0.049047
9.152000 17.924188 0.097345 -0.002925 0.058705
9.172000 17.967730 0.107618 -0.004171 0.065765
9.192000 18.010312 0.115584 -0.005702 0.070102
9.212000 18.051910 0.121198 -0.007445 0.071822
9.232000 18.092509 0.123807 -0.008818 0.070398
9.252000 18.132148 0.122682 -0.009123 0.065281
9.272000 18.171489 0.118647 -0.008987 0.057516
9.292000 18.210628 0.112172 -0.009042 0.048258
9.312000 18.249593 0.103622 -0.009378 0.037940
9.332000 18.288235 0.090399 -0.007542 0.021139
9.352000 18.328393 0.073810 -0.005388 0.001701
9.372000 18.371280 0.055352 -0.003597 -0.016911
9.392000 18.416450 0.036196 -0.002592 -0.035156
9.412000 18.463487 0.017027 -0.001943 -0.054352
9.432000 18.512213 -0.003130 -0.001656 -0.074136
9.452000 18.562700 -0.024792 -0.001537 -0.094194
9.472000 18.612889 -0.042879 -0.000800 -0.108693
9.492000 18.662057 -0.057408 -0.001870 -0.119789
9.512000 18.711719 -0.070741 -0.002683 -0.126401
9.532000 18.762064 -0.083334 -0.003524 -0.128913
9.552000 18.812089 -0.094037 -0.004922 -0.128755
9.572000 18.861236 -0.102017 -0.006543 -0.126153
9.592000 18.909534 -0.107187 -0.008272 -0.121200
9.612000 18.956815 -0.108868 -0.009326 -0.113325
9.632000 19.002999 -0.107048 -0.009533 -0.102438
9.652000 19.048226 -0.102355 -0.009556 -0.089446
9.672000 19.092591 -0.093510 -0.008300 -0.072917
9.692000 19.138535 -0.080691 -0.006711 -0.053128
9.712000 19.186429 -0.064816 -0.005024 -0.032579
9.732000 19.236460 -0.047440 -0.003735 -0.013553
9.752000 19.288399 -0.029485 -0.003129 0.005463
9.772000 19.341774 -0.011222 -0.002173 0.023953
9.792000 19.395610 0.007582 -0.001751 0.042035
9.812000 19.448793 0.026396 -0.000498 0.058712
9.832000 19.500709 0.042415 -0.000853 0.071875
9.852000 19.552186 0.055965 -0.002366 0.081756
9.872000 19.604648 0.068068 -0.002991 0.087844
9.892000 19.656995 0.078536 -0.004231 0.091263
9.912000 19.708490 0.086335 -0.005741 0.092183
9.932000 19.759052 0.091530 -0.007461 0.090651
9.952000 19.808625 0.093604 -0.008881 0.086307
9.972000 19.856952 0.091843 -0.009279 0.078447
9.992000 19.904425 0.086816 -0.009181 0.067857
10.012000 19.952080 0.079422 -0.009315 0.056140
10.032000 20.001484 0.070658 -0.009838 0.043747
10.052000 20.051502 0.057461 -0.008138 0.029277
10.072000 20.101126 0.039696 -0.002005 0.009447
10.092000 20.149070 0.023051 -0.000068 -0.008204
10.112000 20.196690 0.006467 -0.000616 -0.024847
10.132000 20.243830 -0.008523 -0.001606 -0.038963
10.152000 20.289612 -0.020688 -0.002009 -0.050124
10.172000 20.334573 -0.030667 -0.002313 -0.058777
10.192000 20.378694 -0.038165 -0.002951 -0.065276
10.212000 20.421936 -0.043677 -0.004169 -0.068993
10.232000 20.464025 -0.047099 -0.005551 -0.069401
10.252000 20.505159 -0.048699 -0.007208 -0.066594
10.272000 20.545455 -0.048315 -0.008753 -0.060501
10.292000 20.584727 -0.045330 -0.009586 -0.051290
10.312000 20.622688 -0.038623 -0.009410 -0.039202
10.332000 20.661014 -0.026296 -0.007530 -0.022108
10.352000 20.701626 -0.010298 -0.005509 -0.003093
10.372000 20.744275 0.006773 -0.003611 0.014081
10.392000 20.788826 0.024657 -0.002435 0.029873
10.412000 20.835254 0.043465 -0.001871 0.045710
10.432000 20.883219 0.063868 -0.001698 0.062398
10.452000 20.933013 0.085853 -0.001642 0.079480
10.472000 20.984726 0.109020 -0.001651 0.097459
10.492000 21.038398 0.133846 -0.001709 0.115928
10.512000 21.093372 0.159019 -0.001928 0.133527
10.532000 21.147517 0.182142 -0.000867 0.149213
10.552000 21.200905 0.204192 -0.001529 0.163932
10.572000 21.255251 0.223192 -0.001630 0.173019
10.592000 21.309969 0.239705 -0.001582 0.178746
10.612000 21.364628 0.253690 -0.001535 0.181573
10.632000 21.418863 0.266098 -0.001771 0.181320
10.652000 21.472324 0.275899 -0.001873 0.178484
10.672000 21.524921 0.283075 -0.001737 0.172553
10.692000 21.576871 0.287731 -0.001609 0.164393
10.712000 21.628628 0.289978 -0.001508 0.154977
10.732000 21.680445 0.289741 -0.001432 0.144892
10.752000 21.732529 0.287750 -0.001379 0.133942
10.772000 21.786266 0.285302 -0.001459 0.123912
10.792000 21.841429 0.284632 -0.001576 0.116169
10.812000 21.896614 0.285857 -0.001622 0.111019
10.832000 21.950566 0.290193 -0.001554 0.110035
10.852000 22.003666 0.297336 -0.001507 0.111939
10.872000 22.055057 0.306780 -0.001455 0.117340
10.892000 22.104815 0.318570 -0.001431 0.126128
10.912000 22.152957 0.333748 -0.001435 0.137204
10.932000 22.199557 0.352302 -0.001400 0.150573
10.952000 22.245180 0.372993 -0.001432 0.165416
10.972000 22.289609 0.395474 -0.001478 0.181802
10.992000 22.332752 0.419749 -0.001487 0.199710
11.012000 22.374744 0.444759 -0.001492 0.216415
11.032000 22.416286 0.467625 -0.001564 0.228020
11.052000 22.457360 0.488561 -0.001600 0.235717
11.072000 22.498635 0.507891 -0.001716 0.239727
11.092000 22.540466 0.525147 -0.002137 0.240603
11.112000 22.582379 0.539801 -0.002617 0.239376
11.132000 22.624541 0.551330 -0.002517 0.237020
11.152000 22.667047 0.559610 -0.002398 0.234676
11.172000 22.710849 0.565811 -0.001781 0.230563
11.192000 22.756256 0.571456 -0.001255 0.222867
11.212000 22.802757 0.576693 -0.001348 0.215432
11.232000 22.850146 0.584158 -0.001511 0.211491
11.252000 22.898691 0.593875 -0.001505 0.210704
11.272000 22.945435 0.606056 -0.001438 0.213889
11.292000 22.991044 0.621499 -0.001416 0.219620
11.312000 23.035737 0.639786 -0.001389 0.228110
11.332000 23.079372 0.660057 -0.001389 0.238481
11.352000 23.122966 0.681688 -0.001471 0.249502
11.372000 23.167718 0.705545 -0.001546 0.260880
11.392000 23.212929 0.732091 -0.001605 0.273954
11.412000 23.259032 0.758463 -0.001636 0.285607
11.432000 23.305066 0.782338 -0.001614 0.292413
11.452000 23.351497 0.804096 -0.001572 0.295727
11.472000 23.397324 0.823843 -0.001563 0.295275
11.492000 23.442743 0.840754 -0.001572 0.292310
11.512000 23.488735 0.854602 -0.001545 0.287873
11.532000 23.536665 0.866091 -0.001474 0.282180
11.552000 23.586186 0.875520 -0.001439 0.274777
11.572000 23.636868 0.885395 -0.001490 0.269836
11.592000 23.688844 0.898172 -0.001407 0.268240
11.612000 23.741219 0.913165 -0.001343 0.269407
11.632000 23.792349 0.929839 -0.001497 0.274005
11.652000 23.842020 0.948946 -0.001454 0.280722
11.672000 23.890885 0.969687 -0.001373 0.289294
11.692000 23.939932 0.991450 -0.001484 0.299152
11.712000 23.988957 1.014555 -0.001510 0.309777
11.732000 24.037796 1.038572 -0.001480 0.321050
11.752000 24.086582 1.063574 -0.001557 0.332772
11.772000 24.135345 1.091534 -0.001596 0.344516
11.792000 24.182168 1.123020 -0.001443 0.358176
11.812000 24.227877 1.155162 -0.001452 0.371418
11.832000 24.273519 1.185160 -0.001561 0.380181
11.852000 24.319402 1.213232 -0.001600 0.384906
11.872000 24.365218 1.239318 -0.001623 0.385823
11.892000 24.410852 1.263182 -0.001760 0.383547
11.912000 24.457135 1.283943 -0.001689 0.379657
11.932000 24.506122 1.300966 -0.001363 0.376126
11.952000 24.557199 1.316224 -0.001298 0.371385
11.972000 24.606680 1.333290 -0.001420 0.369902
11.992000 24.655042 1.353818 -0.001465 0.371459
12.012000 24.702141 1.377115 -0.001431 0.376652
12.032000 24.747830 1.401646 -0.001422 0.384955
12.052000 24.792492 1.427762 -0.001489 0.394665
12.072000 24.836109 1.455141 -0.001556 0.406214
12.092000 24.878594 1.484027 -0.001577 0.419355
12.112000 24.920533 1.515258 -0.001570 0.433168
12.132000 24.962069 1.550185 -0.001496 0.447831
12.152000 25.003182 1.587996 -0.001447 0.463792
12.172000 25.045004 1.624422 -0.001536 0.475831
12.192000 25.088048 1.658841 -0.001560 0.483564
12.212000 25.131951 1.691255 -0.001531 0.487257
12.232000 25.175741 1.721912 -0.001532 0.486718
12.252000 25.219521 1.750508 -0.001588 0.482794
12.272000 25.264492 1.775702 -0.001552 0.478552
12.292000 25.311108 1.798555 -0.001516 0.472838
12.312000 25.358638 1.820484 -0.001514 0.467487
12.332000 25.405441 1.845527 -0.001429 0.467683
12.352000 25.452624 1.872883 -0.001364 0.471328
12.372000 25.498077 1.902556 -0.001363 0.479353
12.392000 25.541670 1.935243 -0.001439 0.489226
12.412000 25.583435 1.970493 -0.001476 0.501487
12.432000 25.623273 2.007218 -0.001467 0.517151
12.452000 25.661465 2.046572 -0.001455 0.534341
12.472000 25.699207 2.088320 -0.001513 0.551358
12.492000 25.737121 2.131269 -0.001562 0.567942
12.512000 25.775082 2.173712 -0.001562 0.582728
12.532000 25.813720 2.214058 -0.001599 0.592595
12.552000 25.852968 2.252530 -0.001605 0.598351
12.572000 25.892388 2.288959 -0.001576 0.599576
12.592000 25.931981 2.323202 -0.001480 0.597187
12.612000 25.971848 2.355358 -0.001441 0.592169
12.632000 26.012832 2.385524 -0.001489 0.585553
12.652000 26.055410 2.413485 -0.001512 0.577348
12.672000 26.100269 2.438143 -0.001436 0.569715
12.692000 26.147616 2.460394 -0.001335 0.561340
12.712000 26.195762 2.482010 -0.001394 0.554154
12.732000 26.241519 2.505139 -0.001536 0.551658
12.752000 26.285318 2.530008 -0.001566 0.552833
12.772000 26.327224 2.556111 -0.001562 0.557557
12.792000 26.367259 2.584173 -0.001560 0.564626
12.812000 26.405442 2.614506 -0.001544 0.573671
12.832000 26.441767 2.646374 -0.001515 0.585631
12.852000 26.476281 2.680765 -0.001477 0.599207
12.872000 26.510263 2.718153 -0.001426 0.613922
12.892000 26.543458 2.758204 -0.001392 0.630146
12.912000 26.576239 2.799113 -0.001458 0.645563
12.932000 26.609809 2.837612 -0.001565 0.656183
12.952000 26.644418 2.874238 -0.001589 0.662609
12.972000 26.679263 2.909007 -0.001552 0.664592
12.992000 26.714446 2.941981 -0.001551 0.662988
13.012000 26.750724 2.973084 -0.001543 0.658880
13.032000 26.789350 3.002367 -0.001536 0.653483
13.052000 26.830143 3.029782 -0.001518 0.646354
13.072000 26.872070 3.058239 -0.001556 0.641871
13.092000 26.914421 3.089741 -0.001604 0.640978
13.112000 26.956502 3.123060 -0.001629 0.643009
13.132000 26.996600 3.157346 -0.001601 0.648862
13.152000 27.034996 3.193121 -0.001576 0.657089
13.172000 27.071912 3.229647 -0.001578 0.667981
13.192000 27.107637 3.267121 -0.001588 0.680639
13.212000 27.142243 3.306034 -0.001587 0.694269
13.232000 27.175725 3.346491 -0.001582 0.708699
13.252000 27.208074 3.388389 -0.001576 0.724041
13.272000 27.241002 3.432173 -0.001596 0.736291
13.292000 27.275277 3.476674 -0.001613 0.746408
13.312000 27.310044 3.520448 -0.001627 0.754361
13.332000 27.345569 3.561962 -0.001613 0.757539
13.352000 27.381720 3.601599 -0.001588 0.756757
13.372000 27.418268 3.639366 -0.001581 0.752250
13.392000 27.455300 3.675252 -0.001577 0.744154
13.412000 27.493782 3.709013 -0.001566 0.735222
13.432000 27.534449 3.742019 -0.001610 0.729456
13.452000 27.576573 3.775517 -0.001639 0.726192
13.472000 27.616557 3.810285 -0.001605 0.727612
13.492000 27.654672 3.847311 -0.001516 0.731933
13.512000 27.691055 3.886472 -0.001492 0.738684
13.532000 27.725644 3.926019 -0.001537 0.749308
13.552000 27.758324 3.966148 -0.001517 0.763738
13.572000 27.789194 4.006898 -0.001455 0.781940
13.592000 27.818492 4.048531 -0.001442 0.803191
13.612000 27.846287 4.091756 -0.001508 0.823963
13.632000 27.872271 4.137275 -0.001526 0.840915
13.652000 27.897677 4.184908 -0.001483 0.856113
13.672000 27.924889 4.230524 -0.001499 0.866162
13.692000 27.953646 4.274273 -0.001512 0.871802
13.712000 27.983638 4.316495 -0.001513 0.873176
13.732000 28.013945 4.357763 -0.002058 0.870953
13.752000 28.045200 4.397775 -0.003100 0.865487
13.772000 28.077537 4.434451 -0.003322 0.858607
13.792000 28.111316 4.466426 -0.002838 0.851906
13.812000 28.146712 4.496641 -0.002332 0.846037
13.832000 28.184557 4.529134 -0.001580 0.839721
13.852000 28.222771 4.564493 -0.001759 0.834745
13.872000 28.258869 4.599711 -0.001884 0.834242
13.892000 28.293041 4.634522 -0.001706 0.837497
13.912000 28.325692 4.669094 -0.001310 0.844116
13.932000 28.356898 4.703398 -0.001264 0.853847
13.952000 28.386389 4.737718 -0.001389 0.867045
13.972000 28.414077 4.772755 -0.001485 0.882725
13.992000 28.439897 4.808912 -0.001515 0.900323
14.012000 28.463879 4.846333 -0.001523 0.919576
14.032000 28.486456 4.884934 -0.001565 0.940061
14.052000 28.507853 4.924726 -0.001582 0.961565
14.072000 28.527979 4.964998 -0.001564 0.984839
14.092000 28.546803 5.005687 -0.001565 1.009697
14.112000 28.564852 5.046540 -0.001562 1.033644
14.132000 28.583901 5.085845 -0.001688 1.052980
14.152000 28.602429 5.123370 -0.001896 1.069153
14.172000 28.619759 5.158982 -0.002236 1.082041
14.192000 28.635322 5.192648 -0.002650 1.091858
14.212000 28.648843 5.224422 -0.003053 1.098733
14.232000 28.660759 5.254392 -0.002937 1.102266
14.252000 28.671223 5.283117 -0.003017 1.103299
14.272000 28.680764 5.310450 -0.002861 1.101676
14.292000 28.690030 5.336411 -0.002931 1.098962
14.312000 28.700406 5.360887 -0.002818 1.095861
14.332000 28.712521 5.383876 -0.002996 1.094061
14.352000 28.725904 5.405120 -0.003020 1.092400
14.372000 28.740844 5.427872 -0.002979 1.091521
14.392000 28.756531 5.451952 -0.003084 1.090693
14.412000 28.773441 5.476589 -0.002726 1.089063
14.432000 28.794635 5.499854 -0.001499 1.084070
14.452000 28.818284 5.523869 -0.001386 1.077686
14.472000 28.842460 5.550212 -0.001472 1.073506
14.492000 28.866460 5.579533 -0.001503 1.072988
14.512000 28.889745 5.611467 -0.001467 1.075475
14.532000 28.910864 5.645122 -0.001543 1.079455
14.552000 28.930056 5.680516 -0.001551 1.085305
14.572000 28.948402 5.718134 -0.001487 1.093271
14.592000 28.965794 5.758124 -0.001441 1.102529
14.612000 28.982737 5.798969 -0.001519 1.109933
14.632000 29.000793 5.837834 -0.001554 1.113250
14.652000 29.019789 5.875994 -0.001496 1.113846
14.672000 29.038913 5.913764 -0.001550 1.112202
14.692000 29.058528 5.951382 -0.001611 1.109027
14.712000 29.078796 5.988887 -0.001637 1.104454
14.732000 29.099179 6.026330 -0.001647 1.097890
14.752000 29.119930 6.063743 -0.001650 1.089705
14.772000 29.139443 6.101495 -0.001676 1.085510
14.792000 29.158244 6.139381 -0.001763 1.083899
14.812000 29.176608 6.177189 -0.001813 1.084628
14.832000 29.194512 6.214923 -0.001775 1.087721
14.852000 29.211704 6.252879 -0.001749 1.093548
14.872000 29.228246 6.291127 -0.001721 1.101863
14.892000 29.244156 6.329558 -0.001645 1.112429
14.912000 29.259404 6.368129 -0.001589 1.125919
14.932000 29.274003 6.406439 -0.001501 1.142290
14.952000 29.287878 6.444755 -0.001522 1.161077
14.972000 29.300454 6.485250 -0.001561 1.178519
14.992000 29.312280 6.527340 -0.001559 1.195985
15.012000 29.323003 6.570747 -0.001525 1.211691
15.032000 29.334106 6.615910 -0.001489 1.221486
15.052000 29.347250 6.662607 -0.001347 1.227582
15.072000 29.362222 6.708005 -0.001453 1.230048
15.092000 29.378899 6.751927 -0.001506 1.229159
15.112000 29.396480 6.795036 -0.001393 1.225650
15.132000 29.413927 6.837893 -0.001498 1.219959
15.152000 29.431648 6.880538 -0.001498 1.212574
15.172000 29.449251 6.923062 -0.001561 1.203461
15.192000 29.467855 6.965671 -0.001612 1.193354
15.212000 29.487039 7.008508 -0.001632 1.184429
15.232000 29.505074 7.051892 -0.001714 1.179305
15.252000 29.522906 7.096005 -0.001864 1.176773
15.272000 29.540012 7.140504 -0.001808 1.176923
15.292000 29.556543 7.185370 -0.001800 1.179512
15.312000 29.572476 7.230603 -0.001781 1.184563
15.332000 29.587796 7.276163 -0.001777 1.192041
15.352000 29.602541 7.322057 -0.001790 1.201937
15.372000 29.616258 7.368110 -0.001670 1.215725
15.392000 29.629193 7.414255 -0.001661 1.231753
15.412000 29.640687 7.460595 -0.001736 1.249135
15.432000 29.649979 7.507070 -0.001629 1.266382
15.452000 29.657146 7.553646 -0.001622 1.283994
15.472000 29.662593 7.600101 -0.001572 1.302324
15.492000 29.666224 7.646432 -0.001523 1.321176
15.512000 29.668405 7.692473 -0.001467 1.340504
15.532000 29.669689 7.738228 -0.001451 1.360650
15.552000 29.669923 7.783767 -0.001473 1.381046
15.572000 29.670951 7.829567 -0.001545 1.398415
15.592000 29.672627 7.875659 -0.001816 1.413817
15.612000 29.675049 7.922565 -0.002221 1.428242
15.632000 29.678695 7.970393 -0.002426 1.442204
15.652000 29.683089 8.019260 -0.002513 1.455838
15.672000 29.686644 8.069613 -0.002630 1.468106
15.692000 29.689336 8.121613 -0.002742 1.479047
15.712000 29.691245 8.175334 -0.002831 1.488816
15.732000 29.692311 8.230843 -0.002908 1.497445
15.752000 29.692788 8.288250 -0.003007 1.505325
15.772000 29.695276 8.346938 -0.002922 1.510639
15.792000 29.698980 8.407197 -0.002732 1.513910
15.812000 29.703784 8.469605 -0.002543 1.515099
15.832000 29.710194 8.533271 -0.002194 1.514183
15.852000 29.717862 8.598685 -0.002323 1.512038
15.872000 29.727092 8.665600 -0.001862 1.508408
15.892000 29.736830 8.732012 -0.001295 1.503482
15.912000 29.745813 8.798031 -0.001431 1.497678
15.932000 29.753863 8.863819 -0.001871 1.490835
15.952000 29.761091 8.929042 -0.002121 1.482432
15.972000 29.768653 8.993070 -0.002418 1.472550
15.992000 29.776931 9.055715 -0.002339 1.462081
16.012000 29.787339 9.116640 -0.002300 1.449927
16.032000 29.801146 9.176272 -0.001841 1.436788
16.052000 29.816845 9.235828 -0.001663 1.423664
16.072000 29.834627 9.295553 -0.001621 1.410935
16.092000 29.853982 9.355387 -0.001628 1.398060
16.112000 29.872792 9.415676 -0.001604 1.386825
16.132000 29.889058 9.476258 -0.001574 1.381317
16.152000 29.903197 9.536431 -0.001556 1.379290
16.172000 29.915629 9.596144 -0.001556 1.381307
16.192000 29.925787 9.655089 -0.001565 1.386530
16.212000 29.933047 9.713264 -0.001554 1.394252
16.232000 29.938513 9.770650 -0.001527 1.405799
16.252000 29.941650 9.827236 -0.001493 1.420426
16.272000 29.943713 9.883035 -0.001524 1.436359
16.292000 29.944268 9.937929 -0.001873 1.452939
16.312000 29.943165 9.992002 -0.001960 1.468914
16.332000 29.941810 10.045958 -0.002097 1.484173
16.352000 29.939487 10.100487 -0.002376 1.499487
16.372000 29.935394 10.155118 -0.002250 1.513287
16.392000 29.929411 10.210014 -0.002355 1.526360
16.412000 29.922936 10.265510 -0.002123 1.538484
16.432000 29.917831 10.321221 -0.002154 1.547314
16.452000 29.913838 10.377089 -0.002850 1.553188
16.472000 29.911728 10.431405 -0.003722 1.555387
16.492000 29.911646 10.484463 -0.005017 1.554795
16.512000 29.914109 10.536566 -0.006743 1.552241
16.532000 29.919234 10.587488 -0.008260 1.546863
16.552000 29.927752 10.636763 -0.008964 1.538003
16.572000 29.934890 10.686329 -0.006882 1.531631
16.592000 29.942714 10.738758 -0.005065 1.527198
16.612000 29.951250 10.793873 -0.003851 1.524463
16.632000 29.959664 10.851050 -0.002907 1.522362
16.652000 29.967721 10.910074 -0.002209 1.520120
16.672000 29.975964 10.970811 -0.002002 1.517285
16.692000 29.984042 11.033255 -0.002167 1.514089
16.712000 29.991882 11.097512 -0.002280 1.511103
16.732000 29.999274 11.163691 -0.002267 1.507921
16.752000 30.006694 11.231908 -0.002321 1.504845
16.772000 30.016413 11.301518 -0.002245 1.500066
16.792000 30.028309 11.372401 -0.002330 1.494896
16.812000 30.041165 11.443616 -0.002442 1.489476
16.832000 30.054037 11.511416 -0.001564 1.481565
16.852000 30.067081 11.576796 -0.001358 1.472569
16.872000 30.081475 11.640967 -0.001477 1.462153
16.892000 30.097478 11.703851 -0.001543 1.450438
16.912000 30.115130 11.765652 -0.001552 1.437154
16.932000 30.133961 11.826564 -0.001540 1.421496
16.952000 30.154595 11.886389 -0.001535 1.404519
16.972000 30.175476 11.945521 -0.001645 1.390752
16.992000 30.197743 12.004046 -0.001896 1.378886
17.012000 30.221609 12.062036 -0.002041 1.369323
17.032000 30.244724 12.120861 -0.002533 1.364528
17.052000 30.266596 12.179981 -0.003562 1.363350
17.072000 30.286316 12.238784 -0.004960 1.365046
17.092000 30.302894 12.296934 -0.006544 1.368658
17.112000 30.316648 12.354505 -0.008340 1.374377
17.132000 30.326683 12.411427 -0.009779 1.382084
17.152000 30.332898 12.467479 -0.010371 1.392700
17.172000 30.335443 12.522633 -0.010356 1.406082
17.192000 30.334498 12.576898 -0.010138 1.421692
17.212000 30.330479 12.630210 -0.009973 1.439511
17.232000 30.323790 12.682405 -0.009896 1.459938
17.252000 30.313485 12.733426 -0.009794 1.481441
17.272000 30.306849 12.784459 -0.007205 1.499020
17.292000 30.301153 12.837912 -0.005153 1.514871
17.312000 30.294844 12.893761 -0.003668 1.528767
17.332000 30.288415 12.951518 -0.002507 1.541687
17.352000 30.281680 13.010913 -0.001930 1.555066
17.372000 30.273887 13.071941 -0.001935 1.567854
17.392000 30.265246 13.134710 -0.002040 1.579753
17.412000 30.256235 13.198155 -0.002086 1.590293
17.432000 30.248079 13.259476 -0.002081 1.598582
17.452000 30.240813 13.318844 -0.002081 1.604871
17.472000 30.237609 13.375637 -0.001696 1.605404
17.492000 30.236384 13.431417 -0.001582 1.604219
17.512000 30.235867 13.487728 -0.001436 1.601720
17.532000 30.236244 13.544273 -0.001538 1.598241
17.552000 30.237832 13.600845 -0.001586 1.593912
17.572000 30.239447 13.657054 -0.001577 1.589755
17.592000 30.241463 13.713309 -0.001847 1.585186
17.612000 30.244566 13.768957 -0.002072 1.580483
17.632000 30.248831 13.823354 -0.002329 1.575297
17.652000 30.254390 13.876520 -0.002420 1.569884
17.672000 30.260689 13.928296 -0.002432 1.563878
17.692000 30.267718 13.978756 -0.002692 1.556508
17.712000 30.275253 14.027869 -0.002850 1.548074
17.732000 30.283245 14.075521 -0.002658 1.539396
17.752000 30.292090 14.121858 -0.002745 1.529794
17.772000 30.303677 14.166788 -0.002341 1.517452
17.792000 30.317052 14.211480 -0.001903 1.504338
17.812000 30.331900 14.256285 -0.001730 1.490442
17.832000 30.348395 14.301646 -0.001675 1.476305
17.852000 30.366044 14.347362 -0.001657 1.461861
17.872000 30.381614 14.392737 -0.001685 1.452465
17.892000 30.394948 14.437499 -0.001962 1.445714
17.912000 30.405856 14.481387 -0.002174 1.441537
17.932000 30.414736 14.524460 -0.002324 1.439457
17.952000 30.421424 14.566422 -0.002541 1.439075
17.972000 30.426084 14.606692 -0.002536 1.438974
17.992000 30.428465 14.645348 -0.002488 1.439227
18.012000 30.429594 14.682367 -0.002369 1.439769
18.032000 30.430760 14.718244 -0.001864 1.440903
18.052000 30.431839 14.754121 -0.001564 1.443623
18.072000 30.432704 14.790218 -0.001573 1.448384
18.092000 30.433569 14.826523 -0.001609 1.454796
18.112000 30.434249 14.862879 -0.001620 1.462912
18.132000 30.434736 14.899282 -0.001625 1.472681
18.152000 30.434914 14.935738 -0.001628 1.483937
18.172000 30.434419 14.972264 -0.001631 1.496222
18.192000 30.432765 15.008890 -0.001633 1.508924
18.212000 30.429688 15.045625 -0.001635 1.521647
18.232000 30.424885 15.082476 -0.001636 1.533942
18.252000 30.418635 15.119442 -0.001637 1.546025
18.272000 30.410067 15.156372 -0.001637 1.558738
18.292000 30.399453 15.193373 -0.001645 1.571034
18.312000 30.388355 15.230442 -0.001646 1.581775
18.332000 30.379516 15.267525 -0.001808 1.589890
18.352000 30.372460 15.304178 -0.002156 1.595173
18.372000 30.367578 15.339704 -0.002849 1.597968
18.392000 30.364945 15.373846 -0.003860 1.597970
18.412000 30.364910 15.406353 -0.005034 1.595331
18.432000 30.367271 15.437675 -0.006654 1.590662
18.452000 30.372353 15.467767 -0.008227 1.583670
18.472000 30.381005 15.496066 -0.009027 1.573676
18.492000 30.393163 15.522597 -0.009333 1.560985
18.512000 30.408376 15.547892 -0.009507 1.546283
18.532000 30.425511 15.572307 -0.009794 1.529659
18.552000 30.447102 15.595218 -0.007770 1.508005
18.572000 30.473523 15.618754 -0.003990 1.483041
18.592000 30.501081 15.644608 -0.001703 1.459649
18.612000 30.527554 15.671539 -0.000755 1.439360
18.632000 30.549767 15.697480 -0.000900 1.424452
18.652000 30.569464 15.723072 -0.001963 1.413271
18.672000 30.589101 15.749569 -0.002380 1.405558
18.692000 30.607431 15.776386 -0.003205 1.401553
18.712000 30.625001 15.802869 -0.003985 1.399732
18.732000 30.643581 15.830308 -0.003712 1.399758
18.752000 30.663186 15.859655 -0.003502 1.400993
18.772000 30.683205 15.890694 -0.003409 1.402772
18.792000 30.703165 15.923512 -0.003383 1.404716
18.812000 30.722586 15.958191 -0.003392 1.406365
18.832000 30.741334 15.994821 -0.003419 1.407687
18.852000 30.759737 16.033494 -0.003456 1.409187
18.872000 30.777596 16.074276 -0.003437 1.410839
18.892000 30.794553 16.116700 -0.003244 1.412821
18.912000 30.811144 16.160991 -0.003255 1.415130
18.932000 30.827180 16.207264 -0.003333 1.417357
18.952000 30.842778 16.255433 -0.003280 1.419683
18.972000 30.857909 16.305038 -0.003149 1.422106
18.992000 30.872989 16.356398 -0.003184 1.424485
19.012000 30.887930 16.409596 -0.003252 1.426757
19.032000 30.902806 16.464618 -0.003248 1.429058
19.052000 30.917243 16.520983 -0.003051 1.431321
19.072000 30.932072 16.578941 -0.003054 1.433732
19.092000 30.946992 16.638631 -0.003112 1.436007
19.112000 30.961914 16.700084 -0.003102 1.438121
19.132000 30.977052 16.762850 -0.002875 1.440757
19.152000 30.992441 16.827227 -0.002844 1.443181
19.172000 31.008165 16.893392 -0.002882 1.445569
19.192000 31.023844 16.961171 -0.002715 1.447993
19.212000 31.039165 17.030347 -0.002680 1.450149
19.232000 31.054266 17.101221 -0.002820 1.451755
19.252000 31.069326 17.173758 -0.002740 1.453124
19.272000 31.083948 17.247630 -0.002614 1.454261
19.292000 31.098518 17.323157 -0.002737 1.455186
19.312000 31.113297 17.400414 -0.002846 1.455875
19.332000 31.127787 17.479150 -0.002611 1.456455
19.352000 31.142287 17.559328 -0.002612 1.457120
19.372000 31.157116 17.641166 -0.002756 1.457867
19.392000 31.172188 17.724717 -0.002765 1.458475
19.412000 31.187064 17.809580 -0.002537 1.459255
19.432000 31.202561 17.895956 -0.002607 1.460691
19.452000 31.218375 17.983948 -0.002731 1.462123
19.472000 31.234077 18.073658 -0.002770 1.462951
19.492000 31.249473 18.164895 -0.002547 1.463648
19.512000 31.264787 18.257486 -0.002528 1.464345
19.532000 31.279848 18.351682 -0.002662 1.464435
19.552000 31.295080 18.447545 -0.002719 1.464235
19.572000 31.310648 18.545141 -0.002725 1.463993
19.592000 31.325881 18.643987 -0.002436 1.463918
19.612000 31.341434 18.744270 -0.002543 1.464026
19.632000 31.357344 18.845940 -0.002491 1.464657
19.652000 31.373363 18.948910 -0.002487 1.465344
19.672000 31.389599 19.053473 -0.002583 1.466010
19.692000 31.406082 19.159677 -0.002650 1.466563
19.712000 31.422490 19.267538 -0.002592 1.466754
19.732000 31.438245 19.376687 -0.002433 1.466379
19.752000 31.454183 19.487357 -0.002514 1.465938
19.772000 31.470532 19.599613 -0.002602 1.465525
19.792000 31.487179 19.713508 -0.002620 1.464978
19.812000 31.504136 19.829072 -0.002578 1.464439
19.832000 31.521395 19.945912 -0.002409 1.464401
19.852000 31.538900 20.064216 -0.002470 1.464326
19.872000 31.556476 20.184098 -0.002556 1.463878
19.892000 31.574310 20.305603 -0.002578 1.463231
19.912000 31.592391 20.428769 -0.002585 1.462368
19.932000 31.609889 20.552978 -0.002222 1.461434
19.952000 31.627730 20.678488 -0.002335 1.460653
19.972000 31.645741 20.805223 -0.002242 1.460276
19.992000 31.663959 20.933063 -0.002275 1.460149
20.012000 31.682140 21.062277 -0.002310 1.459986
20.032000 31.700444 21.192817 -0.002404 1.459646
20.052000 31.718832 21.324594 -0.002354 1.459232
20.072000 31.737574 21.457608 -0.002416 1.458638
20.092000 31.756696 21.591968 -0.002478 1.457769
20.112000 31.776083 21.727347 -0.002399 1.456680
20.132000 31.796042 21.863928 -0.002460 1.455340
20.152000 31.816582 22.001748 -0.002539 1.453648
20.172000 31.837799 22.140754 -0.002583 1.451553
20.192000 31.859650 22.280792 -0.002459 1.449133
20.212000 31.881796 22.421361 -0.002192 1.446729
20.232000 31.903866 22.562402 -0.001938 1.444740
20.252000 31.925059 22.703484 -0.001691 1.443618
20.272000 31.944951 22.844309 -0.001555 1.443427
20.292000 31.963681 22.985071 -0.001645 1.443857
20.312000 31.981426 23.125870 -0.001682 1.445021
20.332000 31.998227 23.266683 -0.001670 1.446941
20.352000 32.014039 23.407473 -0.001658 1.449573
20.372000 32.028848 23.548191 -0.001651 1.452880
20.392000 32.042671 23.688797 -0.001641 1.456848
20.412000 32.055518 23.829259 -0.001629 1.461469
20.432000 32.067407 23.969553 -0.001626 1.466727
20.452000 32.078359 24.109760 -0.001667 1.472477
20.472000 32.088409 24.249928 -0.001712 1.478588
20.492000 32.097841 24.390173 -0.001803 1.485028
20.512000 32.106738 24.530582 -0.001903 1.491535
20.532000 32.115204 24.671261 -0.002001 1.497704
20.552000 32.123388 24.812205 -0.002084 1.503282
20.572000 32.131344 24.953618 -0.002452 1.508170
20.592000 32.138527 25.095165 -0.003295 1.512886
20.612000 32.144688 25.235615 -0.004319 1.517624
20.632000 32.149858 25.374729 -0.005647 1.522534
20.652000 32.153865 25.512748 -0.007343 1.527626
20.672000 32.156724 25.649565 -0.008637 1.532908
20.692000 32.158413 25.785155 -0.009133 1.538457
20.712000 32.158745 25.919764 -0.009200 1.544327
20.732000 32.157808 26.053496 -0.009125 1.550646
20.752000 32.155612 26.186414 -0.009070 1.557448
20.772000 32.152083 26.318067 -0.009053 1.564318
20.792000 32.147222 26.448934 -0.009040 1.571694
20.812000 32.141253 26.578951 -0.009028 1.579836
20.832000 32.134140 26.708090 -0.009018 1.588740
20.852000 32.125862 26.836319 -0.009012 1.598433
20.872000 32.116529 26.963605 -0.009009 1.609095
20.892000 32.106216 27.089909 -0.009008 1.620843
20.912000 32.094935 27.215206 -0.009011 1.633735
20.932000 32.082763 27.339469 -0.009018 1.647925
20.952000 32.069723 27.462657 -0.009032 1.663505
20.972000 32.055845 27.582799 -0.009064 1.678871
20.992000 32.041467 27.700183 -0.009087 1.694638
21.012000 32.026810 27.814812 -0.009100 1.711081
21.032000 32.011764 27.926701 -0.009119 1.728082
21.052000 31.996444 28.035860 -0.009149 1.745793
21.072000 31.980283 28.142306 -0.009196 1.763555
21.092000 31.963294 28.246023 -0.009246 1.781431
21.112000 31.942926 28.346702 -0.008229 1.800928
21.132000 31.913790 28.440683 -0.005816 1.826142
21.152000 31.881296 28.530980 -0.004687 1.851275
21.172000 31.849021 28.619676 -0.005847 1.876982
21.192000 31.816471 28.705354 -0.007495 1.905085
21.212000 31.781353 28.785988 -0.008360 1.936180
21.232000 31.744076 28.861540 -0.008547 1.969971
21.252000 31.705935 28.932869 -0.008796 2.004643
21.272000 31.677862 29.003986 -0.006173 2.029913
21.292000 31.659726 29.071877 -0.002478 2.051646
21.312000 31.644151 29.140120 -0.001109 2.072395
21.332000 31.628270 29.207690 -0.001442 2.093338
21.352000 31.613397 29.275563 -0.001618 2.110834
21.372000 31.597780 29.341280 -0.001591 2.127700
21.392000 31.579824 29.403666 -0.001495 2.145556
21.412000 31.559902 29.462904 -0.001423 2.164035
21.432000 31.538967 29.519482 -0.001494 2.182330
21.452000 31.518756 29.574182 -0.001591 2.199555
21.472000 31.499550 29.626971 -0.001635 2.216156
21.492000 31.480521 29.677331 -0.001649 2.232736
21.512000 31.461627 29.725232 -0.001654 2.249216
21.532000 31.443219 29.770907 -0.001656 2.265225
21.552000 31.425352 29.814367 -0.001656 2.280737
21.572000 31.407957 29.855532 -0.001657 2.295832
21.592000 31.391091 29.894422 -0.001657 2.310459
21.612000 31.374871 29.931090 -0.001657 2.324555
21.632000 31.359334 29.965550 -0.001657 2.338074
21.652000 31.344501 29.997802 -0.001657 2.350993
21.672000 31.330419 30.027862 -0.001657 2.363274
21.692000 31.317134 30.055754 -0.001658 2.374872
21.712000 31.304685 30.081495 -0.001658 2.385752
21.732000 31.293112 30.105103 -0.001658 2.395878
21.752000 31.282442 30.126586 -0.001658 2.405222
21.772000 31.272703 30.145954 -0.001658 2.413758
21.792000 31.263923 30.163220 -0.001658 2.421458
21.812000 31.256130 30.178398 -0.001658 2.428295
21.832000 31.249347 30.191498 -0.001658 2.434247
21.852000 31.243592 30.202529 -0.001658 2.439295
21.872000 31.238881 30.211500 -0.001657 2.443423
21.892000 31.235223 30.218418 -0.001657 2.446611
21.912000 31.232628 30.223285 -0.001657 2.448845
21.932000 31.230896 30.226097 -0.001657 2.449948
21.952000 31.229674 30.227046 -0.001657 2.450024
21.972000 31.229350 30.227041 -0.001657 2.449956
21.992000 31.229323 30.227004 -0.001657 2.449974
22.012000 31.229360 30.226997 -0.001657 2.449953
22.032000 31.229433 30.226995 -0.001656 2.449906
22.052000 31.229503 30.226979 -0.001656 2.449869
22.072000 31.229549 30.226943 -0.001656 2.449867
22.092000 31.229586 30.226906 -0.001656 2.449872
22.112000 31.229626 30.226873 -0.001656 2.449873
22.132000 31.229668 30.226839 -0.001656 2.449872
22.152000 31.229710 30.226805 -0.001656 2.449872
22.172000 31.229751 30.226770 -0.001656 2.449872
22.192000 31.229792 30.226736 -0.001656 2.449872
22.212000 31.229834 30.226702 -0.001656 2.449872
22.232000 31.229875 30.226668 -0.001656 2.449872
22.252000 31.229916 30.226633 -0.001656 2.449872
22.272000 31.229957 30.226599 -0.001656 2.449872
22.292000 31.229999 30.226565 -0.001656 2.449872
22.312000 31.230040 30.226531 -0.001656 2.449872
22.332000 31.230081 30.226497 -0.001656 2.449872
22.352000 31.230122 30.226463 -0.001656 2.449872
22.372000 31.230163 30.226429 -0.001656 2.449872
22.392000 31.230204 30.226395 -0.001656 2.449872
22.412000 31.230245 30.226361 -0.001656 2.449872
22.432000 31.230286 30.226327 -0.001656 2.449872
22.452000 31.230327 30.226293 -0.001656 2.449872
22.472000 31.230368 30.226259 -0.001656 2.449872
22.492000 31.230409 30.226225 -0.001656 2.449872
22.512000 31.230449 30.226191 -0.001656 2.449872
22.532000 31.230490 30.226157 -0.001656 2.449872
22.552000 31.230531 30.226124 -0.001656 2.449872
22.572000 31.230572 30.226090 -0.001656 2.449872
22.592000 31.230612 30.226056 -0.001656 2.449872
22.612000 31.230653 30.226022 -0.001656 2.449873
22.632000 31.230694 30.225989 -0.001656 2.449873
22.652000 31.230734 30.225955 -0.001656 2.449873
22.672000 31.230775 30.225921 -0.001656 2.449873
22.692000 31.230815 30.225888 -0.001656 2.449873
22.712000 31.230856 30.225854 -0.001656 2.449873
22.732000 31.230896 30.225821 -0.001656 2.449873
22.752000 31.230937 30.225787 -0.001656 2.449873
22.772000 31.230977 30.225754 -0.001656 2.449873
22.792000 31.231017 30.225720 -0.001656 2.449873
22.812000 31.231057 30.225687 -0.001656 2.449873
22.832000 31.231098 30.225654 -0.001656 2.449873
22.852000 31.231138 30.225620 -0.001656 2.449873
22.872000 31.231178 30.225587 -0.001656 2.449873
22.892000 31.231218 30.225554 -0.001656 2.449873
22.912000 31.231258 30.225520 -0.001656 2.449873
22.932000 31.231298 30.225487 -0.001656 2.449873
22.952000 31.231339 30.225454 -0.001656 2.449873
22.972000 31.231379 30.225421 -0.001656 2.449873
22.992000 31.231419 30.225388 -0.001656 2.449873
23.012000 31.231458 30.225355 -0.001656 2.449873
23.032000 31.231498 30.225321 -0.001656 2.449873
23.052000 31.231538 30.225288 -0.001656 2.449873
23.072000 31.231578 30.225255 -0.001656 2.449873
23.092000 31.231618 30.225222 -0.001656 2.449873
23.112000 31.231658 30.225189 -0.001656 2.449873
23.132000 31.231697 30.225156 -0.001656 2.449873
23.152000 31.231737 30.225123 -0.001656 2.449873
23.172000 31.231777 30.225091 -0.001656 2.449873
23.192000 31.231816 30.225058 -0.001656 2.449873
23.212000 31.231856 30.225025 -0.001656 2.449873
23.232000 31.231896 30.224992 -0.001656 2.449873
23.252000 31.231935 30.224959 -0.001656 2.449873
23.272000 31.231975 30.224927 -0.001656 2.449873
23.292000 31.232014 30.224894 -0.001656 2.449873
23.312000 31.232053 30.224861 -0.001656 2.449873
23.332000 31.232093 30.224828 -0.001656 2.449873
23.352000 31.232132 30.224796 -0.001656 2.449873
23.372000 31.232172 30.224763 -0.001656 2.449873
23.392000 31.232211 30.224731 -0.001656 2.449873
23.412000 31.232250 30.224698 -0.001656 2.449873
23.432000 31.232289 30.224666 -0.001656 2.449874
23.452000 31.232328 30.224633 -0.001656 2.449874
23.472000 31.232368 30.224601 -0.001656 2.449874
23.492000 31.232407 30.224568 -0.001656 2.449874
23.512000 31.232446 30.224536 -0.001656 2.449874
23.532000 31.232485 30.224503 -0.001656 2.449874
23.552000 31.232524 30.224471 -0.001656 2.449874
23.572000 31.232563 30.224439 -0.001656 2.449874
23.592000 31.232602 30.224406 -0.001656 2.449874
23.612000 31.232641 30.224374 -0.001656 2.449874
23.632000 31.232680 30.224342 -0.001656 2.449874
23.652000 31.232718 30.224310 -0.001656 2.449874
23.672000 31.232757 30.224278 -0.001656 2.449874
23.692000 31.232796 30.224245 -0.001656 2.449874
23.712000 31.232835 30.224213 -0.001656 2.449874
23.732000 31.232873 30.224181 -0.001656 2.449874
23.752000 31.232912 30.224149 -0.001656 2.449874
23.772000 31.232951 30.224117 -0.001656 2.449874
23.792000 31.232989 30.224085 -0.001656 2.449874
23.812000 31.233028 30.224053 -0.001656 2.449874
23.832000 31.233066 30.224021 -0.001656 2.449874
23.852000 31.233105 30.223989 -0.001656 2.449874
23.872000 31.233143 30.223957 -0.001656 2.449874
23.892000 31.233182 30.223925 -0.001656 2.449874
23.912000 31.233220 30.223894 -0.001656 2.449874
23.932000 31.233259 30.223862 -0.001656 2.449874
23.952000 31.233297 30.223830 -0.001656 2.449874
23.972000 31.233335 30.223798 -0.001656 2.449874
23.992000 31.233373 30.223767 -0.001656 2.449874
24.012000 31.233412 30.223735 -0.001656 2.449874
24.032000 31.233450 30.223703 -0.001656 2.449874
24.052000 31.233488 30.223672 -0.001656 2.449874
24.072000 31.233526 30.223640 -0.001656 2.449874
24.092000 31.233564 30.223608 -0.001656 2.449874
24.112000 31.233602 30.223577 -0.001656 2.449874
24.132000 31.233640 30.223545 -0.001656 2.449874
24.152000 31.233678 30.223514 -0.001656 2.449874
24.172000 31.233716 30.223482 -0.001656 2.449874
24.192000 31.233754 30.223451 -0.001656 2.449874
24.212000 31.233792 30.223420 -0.001656 2.449874
24.232000 31.233830 30.223388 -0.001656 2.449875
24.252000 31.233868 30.223357 -0.001656 2.449875
24.272000 31.233905 30.223325 -0.001656 2.449875
24.292000 31.233943 30.223294 -0.001656 2.449875
24.312000 31.233981 30.223263 -0.001656 2.449875
24.332000 31.234018 30.223232 -0.001656 2.449875
24.352000 31.234056 30.223200 -0.001656 2.449875
24.372000 31.234094 30.223169 -0.001656 2.449875
24.392000 31.234131 30.223138 -0.001656 2.449875
24.412000 31.234169 30.223107 -0.001656 2.449875
24.432000 31.234206 30.223076 -0.001656 2.449875
24.452000 31.234244 30.223045 -0.001656 2.449875
24.472000 31.234281 30.223014 -0.001656 2.449875
24.492000 31.234319 30.222983 -0.001656 2.449875
24.512000 31.234356 30.222952 -0.001656 2.449875
24.532000 31.234393 30.222921 -0.001656 2.449875
24.552000 31.234431 30.222890 -0.001656 2.449875
24.572000 31.234468 30.222859 -0.001656 2.449875
24.592000 31.234505 30.222828 -0.001656 2.449875
24.612000 31.234542 30.222797 -0.001656 2.449875
24.632000 31.234579 30.222766 -0.001656 2.449875
24.652000 31.234617 30.222736 -0.001656 2.449875
24.672000 31.234654 30.222705 -0.001656 2.449875
24.692000 31.234691 30.222674 -0.001656 2.449875
24.712000 31.234728 30.222644 -0.001656 2.449875
24.732000 31.234765 30.222613 -0.001656 2.449875
24.752000 31.234802 30.222582 -0.001656 2.449875
24.772000 31.234839 30.222552 -0.001656 2.449875
24.792000 31.234875 30.222521 -0.001656 2.449875
24.812000 31.234912 30.222490 -0.001656 2.449875
24.832000 31.234949 30.222460 -0.001656 2.449875
24.852000 31.234986 30.222429 -0.001656 2.449875
24.872000 31.235023 30.222399 -0.001656 2.449875
24.892000 31.235059 30.222368 -0.001656 2.449875
24.912000 31.235096 30.222338 -0.001656 2.449875
24.932000 31.235133 30.222308 -0.001656 2.449875
24.952000 31.235169 30.222277 -0.001656 2.449875
24.972000 31.235206 30.222247 -0.001656 2.449875
24.992000 31.235242 30.222217 -0.001656 2.449875
25.012000 31.235279 30.222186 -0.001656 2.449876
25.032000 31.235315 30.222156 -0.001656 2.449876
25.052000 31.235352 30.222126 -0.001656 2.449876
25.072000 31.235388 30.222096 -0.001656 2.449876
25.092000 31.235425 30.222066 -0.001656 2.449876
25.112000 31.235461 30.222035 -0.001656 2.449876
25.132000 31.235497 30.222005 -0.001656 2.449876
25.152000 31.235534 30.221975 -0.001656 2.449876
25.172000 31.235570 30.221945 -0.001656 2.449876
25.192000 31.235606 30.221915 -0.001656 2.449876
25.212000 31.235642 30.221885 -0.001656 2.449876
25.232000 31.235678 30.221855 -0.001656 2.449876
25.252000 31.235714 30.221825 -0.001656 2.449876
25.272000 31.235750 30.221795 -0.001656 2.449876
25.292000 31.235787 30.221765 -0.001656 2.449876
25.312000 31.235823 30.221736 -0.001656 2.449876
25.332000 31.235858 30.221706 -0.001656 2.449876
25.352000 31.235894 30.221676 -0.001656 2.449876
25.372000 31.235930 30.221646 -0.001656 2.449876
25.392000 31.235966 30.221616 -0.001656 2.449876
25.412000 31.236002 30.221587 -0.001656 2.449876
25.432000 31.236038 30.221557 -0.001656 2.449876
25.452000 31.236074 30.221527 -0.001656 2.449876
25.472000 31.236109 30.221498 -0.001656 2.449876
25.492000 31.236145 30.221468 -0.001656 2.449876
25.512000 31.236181 30.221439 -0.001656 2.449876
25.532000 31.236216 30.221409 -0.001656 2.449876
25.552000 31.236252 30.221380 -0.001656 2.449876
25.572000 31.236287 30.221350 -0.001656 2.449876
25.592000 31.236323 30.221321 -0.001656 2.449876
25.612000 31.236358 30.221291 -0.001656 2.449876
25.632000 31.236394 30.221262 -0.001656 2.449876
25.652000 31.236429 30.221232 -0.001656 2.449876
25.672000 31.236465 30.221203 -0.001656 2.449876
25.692000 31.236500 30.221174 -0.001656 2.449876
25.712000 31.236535 30.221144 -0.001656 2.449876
25.732000 31.236571 30.221115 -0.001656 2.449876
25.752000 31.236606 30.221086 -0.001656 2.449876
25.772000 31.236641 30.221057 -0.001656 2.449876
25.792000 31.236676 30.221028 -0.001656 2.449877
