# stamp x y z yaw
0.182000 0.000000 0.000000 -0.000709 0.000000
0.202000 0.000001 0.000000 -0.001311 0.000000
0.222000 0.000002 0.000000 -0.001549 0.000000
0.242000 0.000004 0.000000 -0.001626 0.000000
0.262000 0.000006 0.000000 -0.001648 0.000000
0.282000 0.000008 0.000000 -0.001655 0.000000
0.302000 0.000009 0.000000 -0.001657 0.000000
0.322000 0.000011 0.000000 -0.001657 0.000000
0.342000 0.000013 0.000000 -0.001657 0.000000
0.362000 0.000015 0.000000 -0.001657 0.000000
0.382000 0.000016 0.000000 -0.001657 0.000000
0.402000 0.000018 0.000000 -0.001657 0.000000
0.422000 0.000020 0.000000 -0.001657 0.000000
0.442000 0.000022 0.000000 -0.001657 0.000000
0.462000 0.000023 0.000000 -0.001657 0.000000
0.482000 0.000025 0.000000 -0.001657 0.000000
0.502000 0.000027 0.000000 -0.001657 0.000000
0.522000 0.000029 0.000000 -0.001657 0.000000
0.542000 0.000030 0.000000 -0.001657 0.000000
0.562000 0.000032 0.000000 -0.001657 0.000000
0.582000 0.000034 0.000000 -0.001657 0.000000
0.602000 0.000036 0.000000 -0.001657 0.000000
0.622000 0.000037 0.000000 -0.001657 0.000000
0.642000 0.000039 0.000000 -0.001657 0.000000
0.662000 0.000041 0.000000 -0.001657 0.000000
0.682000 0.000043 0.000000 -0.001657 0.000000
0.702000 0.000044 0.000000 -0.001657 0.000000
0.722000 0.000046 0.000000 -0.001657 0.000000
0.742000 0.000048 0.000000 -0.001657 0.000000
0.762000 0.001025 0.000029 -0.001656 0.000030
0.782000 0.004306 0.000386 -0.001655 0.000399
0.802000 0.009454 0.000983 -0.001655 0.000989
0.822000 0.016497 0.001648 -0.001656 0.001617
0.842000 0.025426 0.002478 -0.001656 0.002379
0.862000 0.036244 0.003408 -0.001656 0.003197
0.882000 0.049014 0.003938 -0.001656 0.003559
0.902000 0.063675 0.004741 -0.001656 0.004183
0.922000 0.080257 0.005235 -0.001656 0.004447
0.942000 0.098760 0.005556 -0.001656 0.004525
0.962000 0.119171 0.006049 -0.001656 0.004772
0.982000 0.141501 0.006252 -0.001656 0.004708
1.002000 0.165744 0.006566 -0.001656 0.004763
1.022000 0.191866 0.007471 -0.001656 0.005428
1.042000 0.219881 0.008711 -0.001656 0.006391
1.062000 0.249786 0.010063 -0.001656 0.007422
1.082000 0.281399 0.012889 -0.001656 0.009910
1.102000 0.314943 0.015642 -0.001656 0.012169
1.122000 0.350271 0.019107 -0.001656 0.015047
1.142000 0.387403 0.023229 -0.001656 0.018425
1.162000 0.426408 0.027569 -0.001656 0.021859
1.182000 0.467057 0.033172 -0.001656 0.026396
1.202000 0.509605 0.038938 -0.001656 0.030830
1.222000 0.553922 0.045376 -0.001656 0.035723
1.242000 0.600019 0.052474 -0.001656 0.040998
1.262000 0.648024 0.059726 -0.001656 0.046124
1.282000 0.698049 0.066649 -0.001656 0.050628
1.302000 0.749814 0.074339 -0.001656 0.055656
1.322000 0.803191 0.080457 -0.001636 0.058688
1.342000 0.858221 0.084189 -0.001448 0.059343
1.362000 0.913632 0.086442 -0.001400 0.058033
1.382000 0.969113 0.085935 -0.001355 0.054163
1.402000 1.024689 0.083699 -0.001362 0.048949
1.422000 1.080318 0.080675 -0.001517 0.042944
1.442000 1.135968 0.077873 -0.001607 0.037475
1.462000 1.191602 0.075553 -0.001641 0.032913
1.482000 1.247210 0.074377 -0.001651 0.029678
1.502000 1.302751 0.073092 -0.001654 0.026558
1.522000 1.358265 0.073125 -0.001655 0.025208
1.542000 1.413767 0.074718 -0.001653 0.025135
1.562000 1.469239 0.076319 -0.001655 0.025623
1.582000 1.524581 0.080787 -0.001628 0.028765
1.602000 1.579960 0.086986 -0.001613 0.033310
1.622000 1.635199 0.094139 -0.001635 0.038912
1.642000 1.690417 0.101737 -0.001648 0.044592
1.662000 1.745659 0.108692 -0.001654 0.049178
1.682000 1.801113 0.113011 -0.001628 0.050986
1.702000 1.856616 0.116306 -0.001624 0.051655
1.722000 1.912137 0.118438 -0.001640 0.050660
1.742000 1.967676 0.119242 -0.001648 0.048767
1.762000 2.023217 0.120057 -0.001653 0.046593
1.782000 2.078768 0.118804 -0.001652 0.042680
1.802000 2.134349 0.117061 -0.001653 0.038476
1.822000 2.189919 0.115670 -0.001655 0.034764
1.842000 2.245472 0.114373 -0.001656 0.031382
1.862000 2.301009 0.113381 -0.001656 0.028654
1.882000 2.356527 0.114893 -0.001652 0.028383
1.902000 2.411996 0.116882 -0.001649 0.028716
1.922000 2.467422 0.119971 -0.001651 0.030454
1.942000 2.522900 0.124332 -0.001651 0.033066
1.962000 2.578347 0.128831 -0.001653 0.036040
1.982000 2.633622 0.135675 -0.001651 0.040997
2.002000 2.688914 0.143337 -0.001650 0.046516
2.022000 2.744315 0.149964 -0.001652 0.050776
2.042000 2.799752 0.155906 -0.001652 0.054144
2.062000 2.855125 0.161426 -0.001654 0.056546
2.082000 2.910594 0.163868 -0.001588 0.055922
2.102000 2.966134 0.164507 -0.001520 0.053571
2.122000 3.021654 0.164028 -0.001581 0.049914
2.142000 3.077251 0.163156 -0.001626 0.046109
2.162000 3.132833 0.162506 -0.001646 0.042733
2.182000 3.188400 0.161990 -0.001653 0.039700
2.202000 3.243962 0.161414 -0.001655 0.036789
2.222000 3.299517 0.161449 -0.001655 0.034734
2.242000 3.355052 0.162119 -0.001655 0.033323
2.262000 3.410526 0.163140 -0.001656 0.032626
2.282000 3.465934 0.166795 -0.001648 0.034425
2.302000 3.521362 0.171456 -0.001646 0.037149
2.322000 3.576747 0.176777 -0.001651 0.040703
2.342000 3.632054 0.183189 -0.001653 0.044944
2.362000 3.687395 0.189495 -0.001655 0.048929
2.382000 3.742761 0.195543 -0.001655 0.052436
2.402000 3.798109 0.201628 -0.001656 0.055751
2.422000 3.853531 0.206175 -0.001655 0.057216
2.442000 3.909028 0.209011 -0.001650 0.057049
2.462000 3.964489 0.211859 -0.001652 0.056515
2.482000 4.020005 0.212304 -0.001648 0.053829
2.502000 4.075587 0.212023 -0.001648 0.050490
2.522000 4.131160 0.211994 -0.001652 0.047463
2.542000 4.186716 0.211825 -0.001654 0.044535
2.562000 4.242226 0.211607 -0.001654 0.041820
2.582000 4.297744 0.212661 -0.001654 0.040395
2.602000 4.353280 0.213888 -0.001654 0.039283
2.622000 4.408813 0.216133 -0.001654 0.039437
2.642000 4.464306 0.219301 -0.001653 0.040331
2.662000 4.519769 0.222618 -0.001654 0.041640
2.682000 4.575080 0.228452 -0.001649 0.045178
2.702000 4.630424 0.235154 -0.001648 0.049483
2.722000 4.685691 0.242239 -0.001652 0.054110
2.742000 4.740807 0.250267 -0.001653 0.059313
2.762000 4.795924 0.257776 -0.001655 0.063583
2.782000 4.851239 0.262165 -0.001558 0.064608
2.802000 4.906742 0.264744 -0.001432 0.063721
2.822000 4.962255 0.266107 -0.001501 0.061380
2.842000 5.017802 0.266823 -0.001587 0.058616
2.862000 5.073338 0.267953 -0.001632 0.056318
2.882000 5.128886 0.268778 -0.001648 0.053915
2.902000 5.184429 0.269247 -0.001653 0.051296
2.922000 5.239979 0.269973 -0.001654 0.049095
2.942000 5.295520 0.270962 -0.001655 0.047250
2.962000 5.351042 0.272343 -0.001655 0.046048
2.982000 5.406505 0.275763 -0.001654 0.046792
3.002000 5.461987 0.279161 -0.001654 0.047645
3.022000 5.517399 0.283659 -0.001654 0.049618
3.042000 5.572786 0.289040 -0.001654 0.052303
3.062000 5.628137 0.294681 -0.001655 0.055293
3.082000 5.683306 0.302385 -0.001655 0.060006
3.102000 5.738524 0.310408 -0.001655 0.064908
3.122000 5.793930 0.316585 -0.001654 0.067595
3.142000 5.849358 0.321203 -0.001650 0.068628
3.162000 5.904758 0.325782 -0.001653 0.069247
3.182000 5.960255 0.327929 -0.001651 0.067607
3.202000 6.015766 0.329460 -0.001651 0.065330
3.222000 6.071265 0.331071 -0.001654 0.063160
3.242000 6.126767 0.332301 -0.001656 0.060794
3.262000 6.182281 0.333679 -0.001657 0.058730
3.282000 6.237789 0.335699 -0.001657 0.057386
3.302000 6.293294 0.337487 -0.001657 0.055947
3.322000 6.348757 0.340051 -0.001657 0.055385
3.342000 6.404232 0.343054 -0.001657 0.055272
3.362000 6.459647 0.346289 -0.001657 0.055567
3.382000 6.514972 0.351722 -0.001655 0.057878
3.402000 6.570335 0.357318 -0.001655 0.060384
3.422000 6.625620 0.363685 -0.001656 0.063554
3.442000 6.680820 0.370876 -0.001656 0.067357
3.462000 6.736062 0.377696 -0.001656 0.070535
3.482000 6.791431 0.382985 -0.001655 0.072067
3.502000 6.846770 0.388431 -0.001655 0.073568
3.522000 6.902167 0.392862 -0.001655 0.073895
3.542000 6.957596 0.396395 -0.001655 0.073366
3.562000 7.013024 0.399923 -0.001656 0.072712
3.582000 7.068521 0.402142 -0.001655 0.070889
3.602000 7.124024 0.404369 -0.001656 0.069091
3.622000 7.179517 0.406782 -0.001657 0.067595
3.642000 7.235008 0.409136 -0.001657 0.066135
3.662000 7.290492 0.411637 -0.001657 0.064971
3.682000 7.345918 0.415386 -0.001656 0.065028
3.702000 7.401359 0.419014 -0.001657 0.065069
3.722000 7.456747 0.423584 -0.001656 0.066069
3.742000 7.512115 0.428630 -0.001656 0.067489
3.762000 7.567453 0.433919 -0.001657 0.069202
3.782000 7.622633 0.441169 -0.001655 0.072651
3.802000 7.677846 0.448587 -0.001655 0.076198
3.822000 7.733086 0.455687 -0.001656 0.079218
3.842000 7.788318 0.462768 -0.001656 0.082030
3.862000 7.843542 0.469550 -0.001656 0.084259
3.882000 7.898938 0.473905 -0.001652 0.084058
3.902000 7.954351 0.477814 -0.001652 0.083291
3.922000 8.009782 0.481506 -0.001654 0.082265
3.942000 8.065225 0.484798 -0.001655 0.080950
3.962000 8.120664 0.488140 -0.001656 0.079742
3.982000 8.176105 0.491481 -0.001656 0.078605
4.002000 8.231550 0.494748 -0.001656 0.077465
4.022000 8.286966 0.498480 -0.001657 0.076867
4.042000 8.342379 0.502372 -0.001657 0.076465
4.062000 8.397770 0.506550 -0.001657 0.076463
4.082000 8.453073 0.512214 -0.001656 0.077855
4.102000 8.508391 0.517777 -0.001656 0.079169
4.122000 8.563640 0.524110 -0.001657 0.081208
4.142000 8.618838 0.531106 -0.001656 0.083791
4.162000 8.674037 0.538109 -0.001657 0.086282
4.182000 8.729155 0.545699 -0.001657 0.089195
4.202000 8.784220 0.553547 -0.001657 0.092231
4.222000 8.839412 0.560137 -0.001656 0.093778
4.242000 8.894698 0.565935 -0.001655 0.094449
4.262000 8.949971 0.571725 -0.001656 0.094938
4.282000 9.005353 0.575956 -0.001655 0.093946
4.302000 9.060719 0.580308 -0.001656 0.093028
4.322000 9.116096 0.584603 -0.001656 0.092110
4.342000 9.171481 0.588780 -0.001656 0.091137
4.362000 9.226854 0.593101 -0.001657 0.090397
4.382000 9.282186 0.598032 -0.001657 0.090263
4.402000 9.337529 0.602874 -0.001657 0.090101
4.422000 9.392823 0.608372 -0.001657 0.090617
4.442000 9.448104 0.614100 -0.001657 0.091340
4.462000 9.503355 0.620082 -0.001657 0.092364
4.482000 9.558472 0.627595 -0.001656 0.094780
4.502000 9.613601 0.635120 -0.001656 0.097169
4.522000 9.668647 0.643268 -0.001656 0.100068
4.542000 9.723587 0.652114 -0.001656 0.103505
4.562000 9.778576 0.660531 -0.001657 0.106266
4.582000 9.833783 0.667067 -0.001655 0.107052
4.602000 9.888974 0.673845 -0.001656 0.107901
4.622000 9.944223 0.679960 -0.001656 0.108027
4.642000 9.999476 0.685701 -0.001656 0.107784
4.662000 10.054726 0.691496 -0.001657 0.107559
4.682000 10.110014 0.696862 -0.001657 0.106961
4.702000 10.165297 0.702273 -0.001657 0.106410
4.722000 10.220561 0.707895 -0.001657 0.106113
4.742000 10.275825 0.713547 -0.001657 0.105870
4.762000 10.331072 0.719391 -0.001657 0.105882
4.782000 10.386238 0.726166 -0.001657 0.106767
4.802000 10.441417 0.732839 -0.001657 0.107569
4.822000 10.496526 0.740181 -0.001657 0.109013
4.842000 10.551594 0.747923 -0.001657 0.110782
4.862000 10.606634 0.755867 -0.001657 0.112729
4.882000 10.661495 0.765208 -0.001657 0.115904
4.902000 10.716378 0.774625 -0.001657 0.119056
4.922000 10.771338 0.783360 -0.001657 0.121307
4.942000 10.826297 0.791917 -0.001657 0.123237
4.962000 10.881243 0.800378 -0.001657 0.124888
4.982000 10.936385 0.807222 -0.001656 0.124909
5.002000 10.991502 0.814268 -0.001656 0.125012
5.022000 11.046643 0.821041 -0.001656 0.124843
5.042000 11.101794 0.827705 -0.001657 0.124579
5.062000 11.156932 0.834480 -0.001657 0.124449
5.082000 11.212052 0.841444 -0.001657 0.124507
5.102000 11.267178 0.848360 -0.001657 0.124529
5.122000 11.322257 0.855686 -0.001657 0.124972
5.142000 11.377323 0.863174 -0.001657 0.125556
5.162000 11.432362 0.870872 -0.001657 0.126378
5.182000 11.487279 0.879625 -0.001657 0.128158
5.202000 11.542200 0.888359 -0.001657 0.129885
5.222000 11.597037 0.897654 -0.001657 0.132095
5.242000 11.651799 0.907466 -0.001657 0.134704
5.262000 11.706578 0.917205 -0.001657 0.137107
5.282000 11.761345 0.926934 -0.001657 0.139358
5.302000 11.816061 0.936850 -0.001657 0.141664
5.322000 11.870895 0.946035 -0.001657 0.143088
5.342000 11.925773 0.954926 -0.001657 0.144120
5.362000 11.980641 0.963826 -0.001657 0.145044
5.382000 12.035610 0.971929 -0.001657 0.145175
5.402000 12.090553 0.980200 -0.001657 0.145405
5.422000 12.145497 0.988468 -0.001657 0.145632
5.442000 12.200441 0.996737 -0.001657 0.145849
5.462000 12.255364 1.005163 -0.001657 0.146239
5.482000 12.310221 1.014092 -0.001657 0.147083
5.502000 12.365082 1.022983 -0.001657 0.147880
5.522000 12.419867 1.032388 -0.001657 0.149159
5.542000 12.474627 1.042015 -0.001657 0.150598
5.562000 12.529334 1.051866 -0.001657 0.152235
5.582000 12.583891 1.062732 -0.001657 0.154760
5.602000 12.638465 1.073590 -0.001657 0.157196
5.622000 12.692919 1.085027 -0.001657 0.160081
5.642000 12.747260 1.096960 -0.001657 0.163325
5.662000 12.801661 1.108521 -0.001657 0.165965
5.682000 12.856311 1.118788 -0.001656 0.167194
5.702000 12.910898 1.129365 -0.001657 0.168566
5.722000 12.965558 1.139468 -0.001657 0.169400
5.742000 13.020230 1.149439 -0.001657 0.170041
5.762000 13.074892 1.159492 -0.001657 0.170714
5.782000 13.129568 1.169424 -0.001657 0.171245
5.802000 13.184235 1.179420 -0.001657 0.171800
5.822000 13.238864 1.189647 -0.001657 0.172565
5.842000 13.293482 1.199938 -0.001657 0.173359
5.862000 13.348067 1.210425 -0.001657 0.174338
5.882000 13.402538 1.221589 -0.001657 0.175916
5.902000 13.457017 1.232714 -0.001657 0.177409
5.922000 13.511398 1.244337 -0.001657 0.179330
5.942000 13.565718 1.256304 -0.001657 0.181502
5.962000 13.619996 1.268469 -0.001657 0.183797
5.982000 13.674069 1.281584 -0.001657 0.186896
6.002000 13.728139 1.294744 -0.001657 0.189917
6.022000 13.782292 1.307541 -0.001657 0.192375
6.042000 13.836412 1.320395 -0.001657 0.194740
6.062000 13.890494 1.333220 -0.001657 0.196913
6.082000 13.944813 1.345079 -0.001656 0.198025
6.102000 13.999074 1.357195 -0.001657 0.199262
6.122000 14.053369 1.369118 -0.001657 0.200245
6.142000 14.107665 1.381001 -0.001657 0.201128
6.162000 14.161933 1.393029 -0.001657 0.202115
6.182000 14.216164 1.405242 -0.001657 0.203233
6.202000 14.270388 1.417488 -0.001657 0.204330
6.222000 14.324544 1.430067 -0.001657 0.205715
6.242000 14.378665 1.442812 -0.001657 0.207197
6.262000 14.432738 1.455765 -0.001657 0.208840
6.282000 14.486653 1.469429 -0.001657 0.211093
6.302000 14.540569 1.483103 -0.001657 0.213268
6.322000 14.594363 1.497250 -0.001657 0.215813
6.342000 14.648045 1.511788 -0.001657 0.218627
6.362000 14.701708 1.526350 -0.001657 0.221330
6.382000 14.755248 1.541281 -0.001657 0.224253
6.402000 14.808736 1.556329 -0.001657 0.227149
6.422000 14.862389 1.570995 -0.001657 0.229470
6.442000 14.916044 1.585653 -0.001657 0.231629
6.462000 14.969659 1.600403 -0.001657 0.233742
6.482000 15.023436 1.614545 -0.001657 0.235141
6.502000 15.077148 1.628914 -0.001657 0.236650
6.522000 15.130868 1.643244 -0.001657 0.238049
6.542000 15.184578 1.657612 -0.001657 0.239403
6.562000 15.238240 1.672154 -0.001657 0.240875
6.582000 15.291808 1.687064 -0.001657 0.242636
6.602000 15.345365 1.701997 -0.001657 0.244342
6.622000 15.398819 1.717326 -0.001657 0.246364
6.642000 15.452201 1.732882 -0.001657 0.248519
6.662000 15.505529 1.748628 -0.001657 0.250781
6.682000 15.558657 1.765115 -0.001657 0.253657
6.702000 15.611757 1.781634 -0.001657 0.256452
6.722000 15.664748 1.798619 -0.001657 0.259569
6.742000 15.717565 1.816037 -0.001657 0.262978
6.762000 15.770389 1.833346 -0.001657 0.266093
6.782000 15.823261 1.850498 -0.001657 0.268866
6.802000 15.876027 1.867911 -0.001657 0.271747
6.822000 15.928928 1.885032 -0.001657 0.274155
6.842000 15.981856 1.902130 -0.001657 0.276380
6.862000 16.034719 1.919388 -0.001657 0.278640
6.882000 16.087676 1.936372 -0.001657 0.280500
6.902000 16.140561 1.953541 -0.001657 0.282431
6.922000 16.193388 1.970798 -0.001657 0.284363
6.942000 16.246193 1.988137 -0.001657 0.286272
6.962000 16.298947 2.005677 -0.001657 0.288299
6.982000 16.351553 2.023700 -0.001657 0.290702
7.002000 16.404109 2.041782 -0.001657 0.293064
7.022000 16.456577 2.060249 -0.001657 0.295699
7.042000 16.508893 2.079051 -0.001657 0.298549
7.062000 16.561161 2.097998 -0.001657 0.301432
7.082000 16.613206 2.117669 -0.001657 0.304875
7.102000 16.665155 2.137449 -0.001657 0.308299
7.122000 16.716971 2.157685 -0.001657 0.312014
7.142000 16.768581 2.178326 -0.001657 0.315965
7.162000 16.820210 2.198886 -0.001657 0.319614
7.182000 16.872002 2.219112 -0.001657 0.322704
7.202000 16.923670 2.239651 -0.001657 0.325916
7.222000 16.975459 2.259888 -0.001657 0.328632
7.242000 17.027291 2.280094 -0.001657 0.331138
7.262000 17.078999 2.300524 -0.001657 0.333737
7.282000 17.130735 2.320840 -0.001657 0.336101
7.302000 17.182417 2.341328 -0.001657 0.338493
7.322000 17.234009 2.362018 -0.001657 0.340977
7.342000 17.285535 2.382838 -0.001657 0.343472
7.362000 17.337009 2.403869 -0.001657 0.346067
7.382000 17.388275 2.425438 -0.001657 0.349064
7.402000 17.439449 2.447085 -0.001657 0.352032
7.422000 17.490499 2.469188 -0.001657 0.355316
7.442000 17.541343 2.491635 -0.001657 0.358804
7.462000 17.592139 2.514245 -0.001657 0.362317
7.482000 17.642654 2.537564 -0.001657 0.366346
7.502000 17.693045 2.560986 -0.001657 0.370339
7.522000 17.743291 2.584892 -0.001657 0.374618
7.542000 17.793291 2.609164 -0.001657 0.379085
7.562000 17.843302 2.633435 -0.001657 0.383297
7.582000 17.893442 2.657499 -0.001657 0.387047
7.602000 17.943438 2.681891 -0.001657 0.390910
7.622000 17.993539 2.706017 -0.001657 0.394275
7.642000 18.043686 2.730153 -0.001657 0.397433
7.662000 18.093670 2.754520 -0.001657 0.400668
7.682000 18.143702 2.778785 -0.001657 0.403642
7.702000 18.193654 2.803270 -0.001657 0.406658
7.722000 18.243505 2.827924 -0.001657 0.409709
7.742000 18.293287 2.852722 -0.001657 0.412752
7.762000 18.342973 2.877768 -0.001657 0.415913
7.782000 18.392391 2.903325 -0.001657 0.419440
7.802000 18.441713 2.928967 -0.001657 0.422927
7.822000 18.490864 2.955133 -0.001657 0.426779
7.842000 18.539714 2.981697 -0.001657 0.430889
7.862000 18.588510 3.008427 -0.001657 0.435005
7.882000 18.636948 3.035871 -0.001657 0.439628
7.902000 18.685235 3.063442 -0.001657 0.444229
7.922000 18.733318 3.091561 -0.001657 0.449159
7.942000 18.781095 3.120071 -0.001657 0.454293
7.962000 18.828839 3.148657 -0.001657 0.459236
7.982000 18.876571 3.177314 -0.001657 0.463977
8.002000 18.924135 3.206265 -0.001657 0.468769
8.022000 18.971728 3.235070 -0.001657 0.473152
8.042000 19.019351 3.263956 -0.001657 0.477345
8.062000 19.066795 3.293073 -0.001657 0.481555
8.082000 19.114345 3.322006 -0.001657 0.485365
8.102000 19.161760 3.351226 -0.001657 0.489238
8.122000 19.209101 3.380483 -0.001657 0.492967
8.142000 19.256417 3.409849 -0.001657 0.496600
8.162000 19.303566 3.439497 -0.001657 0.500362
8.182000 19.350468 3.469515 -0.001657 0.504345
8.202000 19.397273 3.499658 -0.001657 0.508285
8.222000 19.443812 3.530307 -0.001657 0.512587
8.242000 19.490062 3.561297 -0.001657 0.517080
8.262000 19.536211 3.592525 -0.001657 0.521634
8.282000 19.581891 3.624455 -0.001657 0.526718
8.302000 19.627449 3.656490 -0.001657 0.531727
8.322000 19.670725 3.689942 -0.001603 0.541037
8.342000 19.712044 3.725171 -0.001499 0.553550
8.362000 19.751634 3.763000 -0.001467 0.567715
8.382000 19.789464 3.803254 -0.001450 0.583758
8.402000 19.825650 3.846143 -0.001444 0.601154
8.422000 19.860757 3.890786 -0.001498 0.619508
8.442000 19.895816 3.936035 -0.001496 0.637914
8.462000 19.930940 3.981808 -0.001405 0.656229
8.482000 19.965559 4.028364 -0.001371 0.673880
8.502000 19.999551 4.075173 -0.001380 0.691438
8.522000 20.032740 4.122662 -0.001378 0.708133
8.542000 20.064998 4.170713 -0.001417 0.724677
8.562000 20.096283 4.219292 -0.001471 0.741208
8.582000 20.126532 4.268399 -0.001484 0.757626
8.602000 20.155948 4.317939 -0.001487 0.774043
8.622000 20.184814 4.367491 -0.001519 0.791818
8.642000 20.213626 4.416974 -0.001539 0.810682
8.662000 20.242452 4.466513 -0.001478 0.830253
8.682000 20.270937 4.516209 -0.001398 0.849713
8.702000 20.298631 4.566025 -0.001381 0.868792
8.722000 20.325116 4.616292 -0.001435 0.886996
8.742000 20.350379 4.666857 -0.001518 0.905033
8.762000 20.374226 4.717734 -0.001552 0.923020
8.782000 20.396444 4.769444 -0.001554 0.941154
8.802000 20.417668 4.821852 -0.001550 0.959393
8.822000 20.438101 4.874308 -0.001550 0.977865
8.842000 20.457479 4.926724 -0.001550 0.996235
8.862000 20.475856 4.979310 -0.001547 1.014332
8.882000 20.493329 5.032261 -0.001547 1.032161
8.902000 20.509815 5.085364 -0.001549 1.049903
8.922000 20.525299 5.138777 -0.001549 1.067406
8.942000 20.539773 5.192381 -0.001549 1.084866
8.962000 20.553067 5.246251 -0.001549 1.102343
8.982000 20.565190 5.300559 -0.001545 1.119878
9.002000 20.576255 5.355080 -0.001543 1.137403
9.022000 20.586344 5.409554 -0.001542 1.154979
9.042000 20.595390 5.463964 -0.001542 1.172481
9.062000 20.603769 5.518197 -0.001540 1.190471
9.082000 20.612119 5.572167 -0.001527 1.209664
9.102000 20.620089 5.626117 -0.001467 1.229043
9.122000 20.626766 5.680227 -0.001398 1.247217
9.142000 20.632471 5.734503 -0.001390 1.264900
9.162000 20.637083 5.788795 -0.001455 1.282441
9.182000 20.640345 5.842956 -0.001520 1.299818
9.202000 20.642431 5.896949 -0.001542 1.317159
9.222000 20.643361 5.950759 -0.001545 1.334524
9.242000 20.643139 6.004398 -0.001544 1.351800
9.262000 20.641864 6.057886 -0.001542 1.368921
9.282000 20.639549 6.111217 -0.001541 1.385885
9.302000 20.636197 6.164384 -0.001540 1.402685
9.322000 20.631575 6.217384 -0.001539 1.419061
9.342000 20.625947 6.270213 -0.001537 1.435331
9.362000 20.619216 6.322970 -0.001535 1.451273
9.382000 20.611393 6.375611 -0.001534 1.467002
9.402000 20.602619 6.428079 -0.001533 1.482692
9.422000 20.592985 6.481376 -0.001520 1.497910
9.442000 20.582123 6.535383 -0.001511 1.513618
9.462000 20.570864 6.589731 -0.001516 1.528165
9.482000 20.562499 6.644019 -0.001567 1.538879
9.502000 20.556805 6.698317 -0.001545 1.546627
9.522000 20.553565 6.752404 -0.001515 1.551278
9.542000 20.552893 6.806288 -0.001493 1.553001
9.562000 20.553347 6.859752 -0.001467 1.554080
9.582000 20.550141 6.912661 -0.001482 1.558332
9.602000 20.544305 6.965833 -0.001406 1.565038
9.622000 20.536146 7.019843 -0.001329 1.573781
9.642000 20.525988 7.074554 -0.001319 1.584045
9.662000 20.515269 7.129612 -0.001473 1.594170
9.682000 20.507197 7.185104 -0.001554 1.601330
9.702000 20.500695 7.240767 -0.001555 1.606511
9.722000 20.495250 7.296390 -0.001606 1.610069
9.742000 20.489789 7.351804 -0.001638 1.613481
9.762000 20.483794 7.407183 -0.001650 1.617129
9.782000 20.478656 7.462626 -0.001654 1.619886
9.802000 20.473619 7.518048 -0.001655 1.622328
9.822000 20.468503 7.573450 -0.001656 1.624627
9.842000 20.463492 7.628847 -0.001656 1.626750
9.862000 20.458497 7.684241 -0.001657 1.628709
9.882000 20.453616 7.739643 -0.001656 1.630462
9.902000 20.448716 7.795036 -0.001657 1.632121
9.922000 20.443748 7.850420 -0.001657 1.633748
9.942000 20.438721 7.905786 -0.001657 1.635350
9.962000 20.433624 7.961149 -0.001657 1.636924
9.982000 20.428541 8.016522 -0.001657 1.638408
10.002000 20.423378 8.071879 -0.001657 1.639879
10.022000 20.418148 8.127234 -0.001657 1.641331
10.042000 20.412900 8.182589 -0.001657 1.642729
10.062000 20.406733 8.237539 -0.001644 1.645206
10.082000 20.398189 8.291761 -0.001521 1.650130
10.102000 20.387844 8.345457 -0.001480 1.657055
10.122000 20.375517 8.398819 -0.001399 1.665252
10.142000 20.361386 8.451888 -0.001364 1.674720
10.162000 20.345532 8.504799 -0.001426 1.685428
10.182000 20.327345 8.557588 -0.001437 1.697978
10.202000 20.306518 8.609826 -0.001384 1.712166
10.222000 20.286244 8.662691 -0.001500 1.724775
10.242000 20.268110 8.716596 -0.001560 1.735006
10.262000 20.251563 8.770443 -0.001604 1.742712
10.282000 20.237325 8.823934 -0.001600 1.746048
10.302000 20.225525 8.877136 -0.001563 1.746122
10.322000 20.216817 8.929975 -0.001533 1.743835
10.342000 20.210998 8.982501 -0.001504 1.738989
10.362000 20.206478 9.034632 -0.001487 1.734205
10.382000 20.198642 9.086206 -0.001491 1.733238
10.402000 20.188223 9.138438 -0.001413 1.735047
10.422000 20.177211 9.189759 -0.001421 1.738981
10.442000 20.165743 9.239797 -0.001704 1.744813
10.462000 20.153906 9.287912 -0.001812 1.753080
10.482000 20.141745 9.333901 -0.001886 1.764011
10.502000 20.129347 9.377544 -0.001985 1.777893
10.522000 20.117306 9.419283 -0.002073 1.794773
10.542000 20.106795 9.460179 -0.002304 1.813829
10.562000 20.097509 9.500161 -0.002593 1.834736
10.582000 20.088398 9.539167 -0.002812 1.856344
10.602000 20.079072 9.577064 -0.002921 1.878327
10.622000 20.069776 9.613657 -0.003001 1.901201
10.642000 20.060456 9.648849 -0.003055 1.924926
10.662000 20.051228 9.682623 -0.002974 1.949442
10.682000 20.042092 9.715133 -0.002839 1.974766
10.702000 20.033355 9.746671 -0.002391 2.000656
10.722000 20.024958 9.778046 -0.001927 2.027137
10.742000 20.016784 9.809474 -0.001761 2.054435
10.762000 20.008887 9.840826 -0.001765 2.082467
10.782000 20.001402 9.872017 -0.001727 2.111150
10.802000 19.994286 9.903114 -0.001654 2.140515
10.822000 19.987125 9.934179 -0.001542 2.170020
10.842000 19.979963 9.965288 -0.001488 2.200020
10.862000 19.972352 9.996333 -0.001504 2.230075
10.882000 19.963577 10.027236 -0.001506 2.259271
10.902000 19.953740 10.057806 -0.001569 2.288152
10.922000 19.942698 10.087981 -0.001578 2.316549
10.942000 19.930613 10.117964 -0.001497 2.344572
10.962000 19.917477 10.147908 -0.001450 2.372400
10.982000 19.902749 10.177382 -0.001532 2.400251
11.002000 19.885929 10.206094 -0.001593 2.427985
11.022000 19.867103 10.233373 -0.001493 2.455535
11.042000 19.846446 10.259376 -0.001454 2.482467
11.062000 19.823891 10.284295 -0.001509 2.509556
11.082000 19.799368 10.309214 -0.001520 2.535810
11.102000 19.772837 10.334075 -0.001460 2.560688
11.122000 19.744267 10.357203 -0.001511 2.584731
11.142000 19.713664 10.378783 -0.001558 2.608501
11.162000 19.680922 10.398577 -0.001623 2.631482
11.182000 19.646233 10.415906 -0.001578 2.652328
11.202000 19.609629 10.432394 -0.001514 2.672426
11.222000 19.571083 10.447634 -0.001496 2.691050
11.242000 19.530580 10.462054 -0.001503 2.708891
11.262000 19.489008 10.476195 -0.001515 2.725552
11.282000 19.448015 10.490542 -0.001515 2.740019
11.302000 19.406969 10.504986 -0.001634 2.752457
11.322000 19.365885 10.519627 -0.001830 2.763159
11.342000 19.324067 10.534618 -0.002147 2.772686
11.362000 19.281281 10.550339 -0.002328 2.781220
11.382000 19.237340 10.566806 -0.002422 2.789019
11.402000 19.191625 10.583791 -0.002616 2.796576
11.422000 19.143886 10.601264 -0.002409 2.803828
11.442000 19.095797 10.618369 -0.001890 2.809863
11.462000 19.047024 10.634873 -0.001709 2.815286
11.482000 18.998216 10.650359 -0.001785 2.819334
11.502000 18.949529 10.664588 -0.001762 2.821965
11.522000 18.900927 10.677737 -0.001775 2.823097
11.542000 18.852415 10.689751 -0.001746 2.822808
11.562000 18.803963 10.700724 -0.001763 2.821055
11.582000 18.755616 10.710594 -0.001770 2.817814
11.602000 18.707371 10.719355 -0.001763 2.813121
11.622000 18.659217 10.727033 -0.001766 2.806944
11.642000 18.611166 10.733625 -0.001777 2.799262
11.662000 18.563237 10.739133 -0.001785 2.790035
11.682000 18.515236 10.744081 -0.001649 2.779157
11.702000 18.467084 10.748267 -0.001698 2.766779
11.722000 18.419032 10.751618 -0.001645 2.752739
11.742000 18.370682 10.754639 -0.001624 2.737225
11.762000 18.322327 10.756997 -0.001666 2.720270
11.782000 18.273828 10.759163 -0.001560 2.701707
11.802000 18.225085 10.761050 -0.001644 2.681977
11.822000 18.176343 10.763104 -0.001553 2.661173
11.842000 18.127353 10.765197 -0.001603 2.639530
11.862000 18.078409 10.767146 -0.001634 2.616982
11.882000 18.029630 10.768852 -0.001652 2.593540
11.902000 17.981072 10.770298 -0.001655 2.569257
11.922000 17.932728 10.771436 -0.001563 2.544165
11.942000 17.884451 10.772380 -0.001490 2.518213
11.962000 17.836209 10.773205 -0.001473 2.491300
11.982000 17.788061 10.773915 -0.001474 2.463360
12.002000 17.740203 10.774528 -0.001448 2.434352
12.022000 17.692752 10.775098 -0.001433 2.404225
12.042000 17.645756 10.775650 -0.001446 2.372971
12.062000 17.599567 10.776621 -0.001533 2.340209
12.082000 17.554780 10.778377 -0.001512 2.305599
12.102000 17.511405 10.780492 -0.001476 2.269314
12.122000 17.469377 10.782902 -0.001475 2.231335
12.142000 17.428381 10.785657 -0.001559 2.191598
12.162000 17.388547 10.788971 -0.001611 2.150019
12.182000 17.350591 10.792721 -0.001595 2.107639
12.202000 17.315321 10.796833 -0.001576 2.065569
12.222000 17.283026 10.802674 -0.001604 2.025654
12.242000 17.253000 10.809380 -0.001543 1.987109
12.262000 17.225025 10.817224 -0.001531 1.950132
12.282000 17.199029 10.827282 -0.001561 1.915972
12.302000 17.174935 10.838960 -0.001545 1.884167
12.322000 17.152772 10.852710 -0.001527 1.855098
12.342000 17.132583 10.868078 -0.001511 1.828300
12.362000 17.114467 10.885142 -0.001493 1.803246
12.382000 17.098399 10.904290 -0.001476 1.780423
12.402000 17.084288 10.925175 -0.001455 1.760016
12.422000 17.072076 10.948026 -0.001476 1.742387
12.442000 17.061807 10.972378 -0.001563 1.726940
12.462000 17.053682 10.998127 -0.001615 1.713277
12.482000 17.047796 11.025635 -0.001632 1.701687
12.502000 17.044061 11.054028 -0.001638 1.691296
12.522000 17.042279 11.083538 -0.001642 1.682109
12.542000 17.041834 11.113814 -0.001645 1.673117
12.562000 17.042511 11.145040 -0.001646 1.664270
12.582000 17.044117 11.177559 -0.001647 1.655653
12.602000 17.046638 11.210858 -0.001647 1.646836
12.622000 17.050016 11.245019 -0.001648 1.637860
12.642000 17.054227 11.279858 -0.001649 1.628558
12.662000 17.059277 11.315336 -0.001649 1.618910
12.682000 17.065254 11.351441 -0.001649 1.609009
12.702000 17.072204 11.388078 -0.001649 1.598839
12.722000 17.080045 11.425326 -0.001649 1.588388
12.742000 17.088726 11.463091 -0.001649 1.577527
12.762000 17.098260 11.501503 -0.001649 1.566372
12.782000 17.108679 11.540570 -0.001649 1.554955
12.802000 17.120040 11.580135 -0.001649 1.543209
12.822000 17.132400 11.620340 -0.001649 1.531293
12.842000 17.145774 11.661033 -0.001649 1.519085
12.862000 17.160127 11.702304 -0.001650 1.506588
12.882000 17.175412 11.744197 -0.001649 1.493767
12.902000 17.191623 11.786515 -0.001649 1.480481
12.922000 17.208747 11.829462 -0.001649 1.466834
12.942000 17.226811 11.872834 -0.001649 1.452718
12.962000 17.245897 11.916808 -0.001649 1.438324
12.982000 17.265997 11.961699 -0.001649 1.423804
13.002000 17.287124 12.007067 -0.001649 1.408884
13.022000 17.309796 12.053205 -0.001639 1.393343
13.042000 17.334334 12.098946 -0.001527 1.376861
13.062000 17.360208 12.143981 -0.001479 1.361028
13.082000 17.386509 12.188340 -0.001702 1.347711
13.102000 17.413142 12.233582 -0.002046 1.337146
13.122000 17.440251 12.279828 -0.002299 1.329473
13.142000 17.468394 12.327363 -0.002605 1.324613
13.162000 17.497657 12.376323 -0.002767 1.322723
13.182000 17.528525 12.426979 -0.002990 1.323762
13.202000 17.560728 12.479341 -0.003000 1.327766
13.222000 17.593847 12.533268 -0.003035 1.333978
13.242000 17.625807 12.589068 -0.003142 1.339558
13.262000 17.656896 12.646824 -0.003242 1.344772
13.282000 17.687508 12.706504 -0.003315 1.349794
13.302000 17.717674 12.768096 -0.003364 1.354516
13.322000 17.747447 12.831587 -0.003376 1.358927
13.342000 17.776572 12.896586 -0.003145 1.363182
13.362000 17.805543 12.963234 -0.003113 1.367102
13.382000 17.834308 13.031648 -0.003132 1.370653
13.402000 17.862912 13.101826 -0.003149 1.373850
13.422000 17.891416 13.173751 -0.003157 1.376687
13.442000 17.919881 13.247407 -0.003159 1.379161
13.462000 17.948365 13.322781 -0.003154 1.381269
13.482000 17.976921 13.399870 -0.003136 1.383018
13.502000 18.005600 13.478678 -0.003106 1.384413
13.522000 18.034450 13.559217 -0.003070 1.385461
13.542000 18.063259 13.641299 -0.002831 1.386290
13.562000 18.092278 13.724829 -0.002726 1.386929
13.582000 18.121420 13.810014 -0.002772 1.387355
13.602000 18.150775 13.896858 -0.002821 1.387530
13.622000 18.180385 13.985385 -0.002826 1.387461
13.642000 18.210246 14.075616 -0.002827 1.387178
13.662000 18.240225 14.167466 -0.002719 1.386764
13.682000 18.270277 14.260662 -0.002640 1.386390
13.702000 18.300546 14.355424 -0.002724 1.385883
13.722000 18.331120 14.451800 -0.002773 1.385184
13.742000 18.362004 14.549830 -0.002772 1.384312
13.762000 18.393193 14.649531 -0.002777 1.383291
13.782000 18.424550 14.750788 -0.002664 1.382202
13.802000 18.456098 14.853405 -0.002619 1.381154
13.822000 18.487942 14.957578 -0.002693 1.379988
13.842000 18.520153 15.063343 -0.002733 1.378666
13.862000 18.552740 15.170732 -0.002733 1.377202
13.882000 18.585705 15.279754 -0.002733 1.375606
13.902000 18.618879 15.390243 -0.002604 1.374002
13.922000 18.652375 15.502149 -0.002612 1.372389
13.942000 18.686258 15.615603 -0.002679 1.370654
13.962000 18.720580 15.730633 -0.002700 1.368780
13.982000 18.755353 15.847266 -0.002689 1.366778
14.002000 18.790236 15.965160 -0.002511 1.364929
14.022000 18.825109 16.084119 -0.002306 1.363344
14.042000 18.859453 16.203558 -0.001950 1.362436
14.062000 18.892834 16.322992 -0.001609 1.362528
14.082000 18.925117 16.442416 -0.001592 1.363576
14.102000 18.956378 16.561882 -0.001643 1.365397
14.122000 18.986549 16.681490 -0.001614 1.367944
14.142000 19.015492 16.801266 -0.001596 1.371214
14.162000 19.043155 16.921161 -0.001599 1.375158
14.182000 19.069604 17.041246 -0.001638 1.379643
14.202000 19.094805 17.161622 -0.001652 1.384611
14.222000 19.118742 17.282344 -0.001667 1.390009
14.242000 19.141441 17.403462 -0.001702 1.395757
14.262000 19.163019 17.525120 -0.001771 1.401709
14.282000 19.183603 17.647471 -0.001841 1.407717
14.302000 19.203291 17.770608 -0.001893 1.413678
14.322000 19.222255 17.894617 -0.001979 1.419452
14.342000 19.240659 18.019570 -0.002226 1.424859
14.362000 19.258316 18.144926 -0.003156 1.430102
14.382000 19.275232 18.269523 -0.004277 1.435338
14.402000 19.291165 18.392807 -0.005594 1.440709
14.422000 19.305983 18.515132 -0.007263 1.446301
14.442000 19.319939 18.636471 -0.008597 1.451878
14.462000 19.332999 18.756828 -0.009055 1.457490
14.482000 19.345018 18.876493 -0.009069 1.463285
14.502000 19.355956 18.995577 -0.008976 1.469233
14.522000 19.365787 19.114130 -0.008918 1.475336
14.542000 19.374488 19.232130 -0.008896 1.481597
14.562000 19.382031 19.349549 -0.008881 1.488015
14.582000 19.388390 19.466365 -0.008863 1.494594
14.602000 19.393535 19.582565 -0.008843 1.501337
14.622000 19.397437 19.698131 -0.008824 1.508249
14.642000 19.400067 19.813043 -0.008806 1.515334
14.662000 19.401394 19.927285 -0.008789 1.522595
14.682000 19.401387 20.040834 -0.008773 1.530035
14.702000 19.400015 20.153671 -0.008758 1.537660
14.722000 19.397250 20.265776 -0.008745 1.545479
14.742000 19.393047 20.377132 -0.008733 1.553500
14.762000 19.387360 20.487726 -0.008721 1.561740
14.782000 19.380143 20.597539 -0.008712 1.570219
14.802000 19.371430 20.706554 -0.008704 1.579047
14.822000 19.361590 20.814737 -0.008700 1.588685
14.842000 19.351579 20.922031 -0.008695 1.600150
14.862000 19.341298 21.028399 -0.008693 1.613339
14.882000 19.330049 21.133837 -0.008696 1.627562
14.902000 19.318035 21.238333 -0.008706 1.643154
14.922000 19.305260 21.341851 -0.008722 1.660196
14.942000 19.291708 21.444361 -0.008746 1.678741
14.962000 19.277361 21.545835 -0.008781 1.698842
14.982000 19.262197 21.646241 -0.008829 1.720551
15.002000 19.246200 21.745545 -0.008893 1.743920
15.022000 19.229351 21.843710 -0.008975 1.769005
15.042000 19.211636 21.940697 -0.009078 1.795854
15.062000 19.193038 22.036460 -0.009204 1.824516
15.082000 19.173537 22.130944 -0.009362 1.855043
15.102000 19.153110 22.224068 -0.009552 1.887497
15.122000 19.131726 22.315729 -0.009768 1.921949
15.142000 19.110942 22.406088 -0.008234 1.957214
15.162000 19.093258 22.499794 -0.003782 1.990892
15.182000 19.074435 22.597336 -0.001027 2.025850
15.202000 19.054643 22.695509 -0.001232 2.061477
15.222000 19.035723 22.794970 -0.001826 2.097678
15.242000 19.017575 22.892981 -0.001637 2.135485
15.262000 18.999637 22.988656 -0.001498 2.173781
15.282000 18.982030 23.081184 -0.001419 2.211820
15.302000 18.965276 23.170609 -0.001416 2.249872
15.322000 18.947667 23.256990 -0.001384 2.285542
15.342000 18.929872 23.340397 -0.001599 2.319948
15.362000 18.911886 23.421317 -0.001820 2.352320
15.382000 18.893266 23.500025 -0.002050 2.381216
15.402000 18.874669 23.575583 -0.001710 2.407808
15.422000 18.854851 23.647795 -0.001405 2.431427
15.442000 18.834518 23.717407 -0.001480 2.453311
15.462000 18.813274 23.783790 -0.001561 2.475084
15.482000 18.789905 23.845898 -0.001547 2.496577
15.502000 18.765106 23.904130 -0.001575 2.517772
15.522000 18.738501 23.958396 -0.001563 2.538416
15.542000 18.710441 24.008718 -0.001527 2.558797
15.562000 18.681074 24.055129 -0.001496 2.578854
15.582000 18.649972 24.097623 -0.001472 2.597987
15.602000 18.617545 24.136282 -0.001515 2.616714
15.622000 18.583582 24.171027 -0.001562 2.634547
15.642000 18.548440 24.202030 -0.001619 2.651803
15.662000 18.512024 24.229646 -0.001583 2.668362
15.682000 18.473849 24.254285 -0.001653 2.683739
15.702000 18.434544 24.276279 -0.001618 2.698546
15.722000 18.393955 24.295834 -0.001607 2.712644
15.742000 18.352304 24.313474 -0.001653 2.726867
15.762000 18.309518 24.329255 -0.001732 2.741193
15.782000 18.265218 24.343351 -0.001660 2.754906
15.802000 18.219757 24.355831 -0.001719 2.768890
15.822000 18.172869 24.366792 -0.001631 2.782447
15.842000 18.124740 24.376102 -0.001686 2.796067
15.862000 18.075547 24.384091 -0.001580 2.809212
15.882000 18.024717 24.390854 -0.001542 2.822348
15.902000 17.972627 24.396371 -0.001536 2.836326
15.922000 17.918733 24.400365 -0.001513 2.850530
15.942000 17.863474 24.402744 -0.001487 2.865247
15.962000 17.807176 24.404139 -0.001492 2.879710
15.982000 17.750647 24.407485 -0.001547 2.891273
16.002000 17.694265 24.412526 -0.001532 2.900899
16.022000 17.638256 24.418999 -0.001558 2.908113
16.042000 17.582762 24.426971 -0.001555 2.913559
16.062000 17.527393 24.435026 -0.001605 2.918298
16.082000 17.472471 24.444477 -0.001626 2.921214
16.102000 17.417884 24.454397 -0.001636 2.923574
16.122000 17.363374 24.464554 -0.001645 2.925469
16.142000 17.308942 24.474967 -0.001648 2.927063
16.162000 17.254528 24.485431 -0.001650 2.928443
16.182000 17.200197 24.496251 -0.001650 2.929420
16.202000 17.145861 24.507077 -0.001650 2.930342
16.222000 17.091536 24.517915 -0.001650 2.931143
16.242000 17.037218 24.528777 -0.001650 2.931910
16.262000 16.982893 24.539610 -0.001650 2.932638
16.282000 16.928587 24.550500 -0.001650 2.933280
16.302000 16.874270 24.561365 -0.001650 2.933916
16.322000 16.819953 24.572216 -0.001651 2.934512
16.342000 16.765630 24.583032 -0.001651 2.935116
16.362000 16.711302 24.593817 -0.001652 2.935713
16.382000 16.656981 24.604627 -0.001652 2.936262
16.402000 16.602650 24.615398 -0.001653 2.936814
16.422000 16.548319 24.626160 -0.001653 2.937343
16.442000 16.493984 24.636905 -0.001653 2.937862
16.462000 16.439644 24.647624 -0.001654 2.938375
16.482000 16.385305 24.658346 -0.001654 2.938861
16.502000 16.330958 24.669038 -0.001654 2.939348
16.522000 16.276609 24.679711 -0.001654 2.939826
16.542000 16.222255 24.690364 -0.001655 2.940300
16.562000 16.167896 24.700993 -0.001655 2.940770
16.582000 16.113534 24.711612 -0.001655 2.941227
16.602000 16.059167 24.722203 -0.001655 2.941685
16.622000 16.004796 24.732774 -0.001655 2.942137
16.642000 15.950421 24.743325 -0.001656 2.942587
16.662000 15.896040 24.753851 -0.001656 2.943034
16.682000 15.841657 24.764364 -0.001656 2.943472
16.702000 15.787268 24.774852 -0.001656 2.943911
16.722000 15.732875 24.785320 -0.001656 2.944345
16.742000 15.678478 24.795767 -0.001656 2.944778
16.762000 15.624076 24.806191 -0.001656 2.945208
16.782000 15.569670 24.816601 -0.001656 2.945630
16.802000 15.515260 24.826986 -0.001656 2.946054
16.822000 15.460846 24.837352 -0.001656 2.946473
16.842000 15.406427 24.847698 -0.001656 2.946891
16.862000 15.352004 24.858021 -0.001656 2.947306
16.882000 15.297578 24.868330 -0.001657 2.947715
16.902000 15.243146 24.878616 -0.001657 2.948125
16.922000 15.188711 24.888883 -0.001657 2.948530
16.942000 15.134272 24.899130 -0.001657 2.948934
16.962000 15.079828 24.909356 -0.001657 2.949336
16.982000 15.025381 24.919567 -0.001657 2.949732
17.002000 14.970930 24.929756 -0.001657 2.950128
17.022000 14.916475 24.939927 -0.001657 2.950520
17.042000 14.862016 24.950078 -0.001657 2.950911
17.062000 14.807552 24.960209 -0.001657 2.951300
17.082000 14.753086 24.970325 -0.001657 2.951683
17.102000 14.698615 24.980420 -0.001657 2.952066
17.122000 14.644141 24.990498 -0.001657 2.952446
17.142000 14.589662 25.000556 -0.001657 2.952825
17.162000 14.535180 25.010595 -0.001657 2.953201
17.182000 14.480695 25.020619 -0.001657 2.953573
17.202000 14.426205 25.030623 -0.001657 2.953944
17.222000 14.371712 25.040609 -0.001657 2.954312
17.242000 14.317215 25.050577 -0.001657 2.954679
17.262000 14.262715 25.060526 -0.001657 2.955044
17.282000 14.208211 25.070462 -0.001657 2.955404
17.302000 14.153704 25.080378 -0.001657 2.955763
17.322000 14.099193 25.090278 -0.001657 2.956118
17.342000 14.044678 25.100159 -0.001657 2.956473
17.362000 13.990160 25.110023 -0.001657 2.956826
17.382000 13.935639 25.119872 -0.001657 2.957175
17.402000 13.881114 25.129701 -0.001657 2.957524
17.422000 13.826585 25.139515 -0.001657 2.957870
17.442000 13.772053 25.149310 -0.001657 2.958215
17.462000 13.717517 25.159088 -0.001657 2.958558
17.482000 13.662979 25.168853 -0.001657 2.958897
17.502000 13.608437 25.178597 -0.001657 2.959236
17.522000 13.553891 25.188327 -0.001657 2.959572
17.542000 13.499342 25.198039 -0.001657 2.959908
17.562000 13.444790 25.207734 -0.001657 2.960241
17.582000 13.390235 25.217417 -0.001657 2.960570
17.602000 13.335677 25.227080 -0.001657 2.960900
17.622000 13.281115 25.236728 -0.001657 2.961226
17.642000 13.226550 25.246360 -0.001657 2.961552
17.662000 13.171981 25.255974 -0.001657 2.961876
17.682000 13.117411 25.265577 -0.001657 2.962195
17.702000 13.062836 25.275160 -0.001657 2.962515
17.722000 13.008259 25.284730 -0.001657 2.962832
17.742000 12.953678 25.294282 -0.001657 2.963149
17.762000 12.899094 25.303819 -0.001657 2.963463
17.782000 12.844508 25.313344 -0.001657 2.963774
17.802000 12.789918 25.322850 -0.001657 2.964085
17.822000 12.735325 25.332343 -0.001657 2.964393
17.842000 12.680729 25.341819 -0.001657 2.964700
17.862000 12.626131 25.351280 -0.001657 2.965006
17.882000 12.571529 25.360729 -0.001657 2.965308
17.902000 12.516925 25.370160 -0.001657 2.965610
17.922000 12.462318 25.379578 -0.001657 2.965910
17.942000 12.407707 25.388980 -0.001657 2.966209
17.962000 12.353094 25.398367 -0.001657 2.966506
17.982000 12.298478 25.407742 -0.001657 2.966799
18.002000 12.243860 25.417100 -0.001657 2.967093
18.022000 12.189238 25.426445 -0.001657 2.967384
18.042000 12.134614 25.435775 -0.001657 2.967675
18.062000 12.079986 25.445090 -0.001657 2.967964
18.082000 12.025357 25.454393 -0.001657 2.968249
18.102000 11.970724 25.463680 -0.001657 2.968535
18.122000 11.916089 25.472954 -0.001657 2.968818
18.142000 11.861451 25.482213 -0.001657 2.969101
18.162000 11.806810 25.491457 -0.001657 2.969383
18.182000 11.752167 25.500691 -0.001657 2.969660
18.202000 11.697521 25.509908 -0.001657 2.969938
18.222000 11.642872 25.519113 -0.001657 2.970214
18.242000 11.588221 25.528303 -0.001657 2.970489
18.262000 11.533567 25.537479 -0.001657 2.970763
18.282000 11.478911 25.546644 -0.001657 2.971033
18.302000 11.424252 25.555794 -0.001657 2.971304
18.322000 11.369590 25.564931 -0.001657 2.971572
18.342000 11.314926 25.574054 -0.001657 2.971840
18.362000 11.260260 25.583163 -0.001657 2.972107
18.382000 11.205591 25.592262 -0.001657 2.972370
18.402000 11.150919 25.601346 -0.001657 2.972634
18.422000 11.096245 25.610417 -0.001657 2.972895
18.442000 11.041569 25.619475 -0.001657 2.973156
18.462000 10.986890 25.628519 -0.001657 2.973416
18.482000 10.932209 25.637553 -0.001657 2.973672
18.502000 10.877525 25.646572 -0.001657 2.973929
18.522000 10.822839 25.655579 -0.001657 2.974183
18.542000 10.768150 25.664573 -0.001657 2.974438
18.562000 10.713459 25.673554 -0.001657 2.974691
18.582000 10.658766 25.682525 -0.001657 2.974940
18.602000 10.604070 25.691481 -0.001657 2.975191
18.622000 10.549373 25.700426 -0.001657 2.975438
18.642000 10.494672 25.709357 -0.001657 2.975686
18.662000 10.439970 25.718276 -0.001657 2.975933
18.682000 10.385265 25.727185 -0.001657 2.976176
18.702000 10.330558 25.736080 -0.001657 2.976420
18.722000 10.275849 25.744964 -0.001657 2.976662
18.742000 10.221138 25.753835 -0.001657 2.976903
18.762000 10.166424 25.762693 -0.001657 2.977143
18.782000 10.111708 25.771542 -0.001657 2.977381
18.802000 10.056990 25.780377 -0.001657 2.977619
18.822000 10.002270 25.789201 -0.001657 2.977854
18.842000 9.947547 25.798012 -0.001657 2.978090
18.862000 9.892823 25.806811 -0.001657 2.978324
18.882000 9.838096 25.815601 -0.001657 2.978556
18.902000 9.783367 25.824378 -0.001657 2.978788
18.922000 9.728636 25.833143 -0.001657 2.979018
18.942000 9.673903 25.841897 -0.001657 2.979247
18.962000 9.619168 25.850639 -0.001657 2.979476
18.982000 9.564430 25.859371 -0.001657 2.979702
19.002000 9.509691 25.868091 -0.001657 2.979928
19.022000 9.454950 25.876800 -0.001657 2.980152
19.042000 9.400206 25.885497 -0.001657 2.980376
19.062000 9.345460 25.894182 -0.001657 2.980599
19.082000 9.290713 25.902858 -0.001657 2.980820
19.102000 9.235963 25.911522 -0.001657 2.981040
19.122000 9.181212 25.920175 -0.001657 2.981259
19.142000 9.126458 25.928817 -0.001657 2.981478
19.162000 9.071702 25.937447 -0.001657 2.981696
19.182000 9.016945 25.946069 -0.001657 2.981911
19.202000 8.962185 25.954678 -0.001657 2.982126
19.222000 8.907424 25.963277 -0.001657 2.982340
19.242000 8.852661 25.971865 -0.001657 2.982554
19.262000 8.797895 25.980441 -0.001657 2.982766
19.282000 8.743128 25.989009 -0.001657 2.982976
19.302000 8.688359 25.997565 -0.001657 2.983187
19.322000 8.633588 26.006111 -0.001657 2.983395
19.342000 8.578815 26.014646 -0.001657 2.983604
19.362000 8.524040 26.023170 -0.001657 2.983811
19.382000 8.469264 26.031685 -0.001657 2.984016
19.402000 8.414485 26.040189 -0.001657 2.984222
19.422000 8.359705 26.048683 -0.001657 2.984425
19.442000 8.304923 26.057166 -0.001657 2.984629
19.462000 8.250139 26.065639 -0.001657 2.984832
19.482000 8.195353 26.074103 -0.001657 2.985032
19.502000 8.140566 26.082556 -0.001657 2.985233
19.522000 8.085776 26.090999 -0.001657 2.985432
19.542000 8.030985 26.099432 -0.001657 2.985631
19.562000 7.976192 26.107854 -0.001657 2.985829
19.582000 7.921398 26.116268 -0.001657 2.986025
19.602000 7.866601 26.124671 -0.001657 2.986221
19.622000 7.811803 26.133065 -0.001657 2.986416
19.642000 7.757003 26.141448 -0.001657 2.986610
19.662000 7.702201 26.149821 -0.001657 2.986804
19.682000 7.647398 26.158186 -0.001657 2.986995
19.702000 7.592593 26.166540 -0.001657 2.987187
19.722000 7.537786 26.174885 -0.001657 2.987377
19.742000 7.482978 26.183220 -0.001657 2.987567
19.762000 7.428167 26.191545 -0.001657 2.987756
19.782000 7.373356 26.199862 -0.001657 2.987943
19.802000 7.318542 26.208169 -0.001657 2.988131
19.822000 7.263727 26.216466 -0.001657 2.988317
19.842000 7.208910 26.224754 -0.001657 2.988503
19.862000 7.154092 26.233032 -0.001657 2.988688
19.882000 7.099272 26.241302 -0.001657 2.988871
19.902000 7.044450 26.249561 -0.001657 2.989054
19.922000 6.989627 26.257812 -0.001657 2.989236
19.942000 6.934802 26.266054 -0.001657 2.989418
19.962000 6.879975 26.274285 -0.001657 2.989599
19.982000 6.825147 26.282509 -0.001657 2.989778
20.002000 6.770318 26.290723 -0.001657 2.989957
20.022000 6.715487 26.298929 -0.001657 2.990135
20.042000 6.660654 26.307124 -0.001657 2.990313
20.062000 6.605819 26.315311 -0.001657 2.990490
20.082000 6.550984 26.323490 -0.001657 2.990665
20.102000 6.496146 26.331659 -0.001657 2.990840
20.122000 6.441307 26.339820 -0.001657 2.991014
20.142000 6.386467 26.347972 -0.001657 2.991188
20.162000 6.331625 26.356114 -0.001657 2.991361
20.182000 6.276781 26.364249 -0.001657 2.991533
20.202000 6.221936 26.372374 -0.001657 2.991704
20.222000 6.167090 26.380491 -0.001657 2.991875
20.242000 6.112242 26.388599 -0.001657 2.992045
20.262000 6.057392 26.396699 -0.001657 2.992215
20.282000 6.002541 26.404790 -0.001657 2.992382
20.302000 5.947689 26.412873 -0.001657 2.992550
20.322000 5.892835 26.420947 -0.001657 2.992717
20.342000 5.837980 26.429012 -0.001657 2.992884
20.362000 5.783123 26.437069 -0.001657 2.993050
20.382000 5.728265 26.445118 -0.001657 2.993214
20.402000 5.673405 26.453158 -0.001657 2.993378
20.422000 5.618544 26.461191 -0.001657 2.993542
20.442000 5.563681 26.469214 -0.001657 2.993705
20.462000 5.508817 26.477229 -0.001657 2.993867
20.482000 5.453952 26.485238 -0.001657 2.994028
20.502000 5.399085 26.493236 -0.001657 2.994189
20.522000 5.344217 26.501227 -0.001657 2.994349
20.542000 5.289348 26.509210 -0.001657 2.994509
20.562000 5.234477 26.517184 -0.001657 2.994668
20.582000 5.179605 26.525152 -0.001657 2.994826
20.602000 5.124731 26.533110 -0.001657 2.994983
20.622000 5.069856 26.541061 -0.001657 2.995140
20.642000 5.014980 26.549004 -0.001657 2.995296
20.662000 4.960103 26.556938 -0.001657 2.995452
20.682000 4.905224 26.564866 -0.001657 2.995606
20.702000 4.850343 26.572785 -0.001657 2.995760
20.722000 4.795462 26.580697 -0.001657 2.995913
20.742000 4.740579 26.588600 -0.001657 2.996066
20.762000 4.685695 26.596496 -0.001657 2.996219
20.782000 4.630809 26.604385 -0.001657 2.996369
20.802000 4.575923 26.612265 -0.001657 2.996520
20.822000 4.521035 26.620138 -0.001657 2.996670
20.842000 4.466145 26.628003 -0.001657 2.996820
20.862000 4.411255 26.635861 -0.001657 2.996970
20.882000 4.356363 26.643711 -0.001657 2.997118
20.902000 4.301470 26.651554 -0.001657 2.997266
20.922000 4.246575 26.659389 -0.001657 2.997413
20.942000 4.191679 26.667216 -0.001657 2.997560
20.962000 4.136872 26.674690 -0.001652 2.996775
20.982000 4.082049 26.681603 -0.001752 2.994551
21.002000 4.027594 26.687930 -0.001851 2.990632
21.022000 3.973553 26.693680 -0.002100 2.984711
21.042000 3.920072 26.699280 -0.002950 2.976897
21.062000 3.867656 26.705036 -0.004050 2.967052
21.082000 3.816324 26.710847 -0.005506 2.955350
21.102000 3.765969 26.716516 -0.007230 2.942093
21.122000 3.717457 26.722580 -0.008506 2.926508
21.142000 3.671953 26.729713 -0.008797 2.908072
21.162000 3.629646 26.738848 -0.008485 2.887783
21.182000 3.590134 26.749481 -0.008176 2.865380
21.202000 3.552979 26.761280 -0.008140 2.841009
21.222000 3.517843 26.774010 -0.008346 2.814877
21.242000 3.484445 26.787448 -0.008684 2.787099
21.262000 3.452551 26.801437 -0.009048 2.757770
21.282000 3.421960 26.815868 -0.009380 2.726936
21.302000 3.392511 26.830667 -0.009666 2.694616
21.322000 3.364086 26.845769 -0.009912 2.660813
21.342000 3.336600 26.861119 -0.010127 2.625521
21.362000 3.309999 26.876659 -0.010320 2.588731
21.382000 3.284252 26.892333 -0.010494 2.550431
21.402000 3.259342 26.908080 -0.010654 2.510622
21.422000 3.235106 26.923747 -0.010799 2.469302
21.442000 3.211525 26.939263 -0.010900 2.426459
21.462000 3.188657 26.954617 -0.010941 2.382125
21.482000 3.166542 26.969747 -0.010920 2.336250
21.502000 3.145199 26.984572 -0.010833 2.288744
21.522000 3.124631 26.999047 -0.010682 2.239520
21.542000 3.104825 27.013097 -0.010506 2.188414
21.562000 3.086268 27.027355 -0.010377 2.136595
21.582000 3.070134 27.042581 -0.010297 2.086397
21.602000 3.056755 27.058182 -0.010261 2.037721
21.622000 3.046425 27.074553 -0.010318 1.991771
21.642000 3.038406 27.091303 -0.010403 1.947488
21.662000 3.033222 27.110412 -0.009118 1.904461
21.682000 3.025353 27.134840 -0.005856 1.870228
21.702000 3.018269 27.161821 -0.004757 1.838959
21.722000 3.011739 27.190253 -0.005498 1.809496
21.742000 3.005889 27.220425 -0.007380 1.782419
21.762000 3.001969 27.253134 -0.009163 1.759514
21.782000 3.000168 27.288050 -0.010467 1.740534
21.802000 3.000356 27.324650 -0.010863 1.725130
21.822000 3.002246 27.363223 -0.010639 1.712799
21.842000 3.004656 27.403096 -0.010255 1.701141
21.862000 3.007507 27.444176 -0.009981 1.689976
21.882000 3.010913 27.486770 -0.009838 1.679682
21.902000 3.014844 27.530296 -0.009759 1.669779
21.922000 3.019305 27.574927 -0.009699 1.660420
21.942000 3.024307 27.620115 -0.009645 1.651088
21.962000 3.029830 27.665777 -0.009589 1.641723
21.982000 3.035761 27.712498 -0.009539 1.632676
22.002000 3.042169 27.759537 -0.009516 1.623333
22.022000 3.049000 27.806434 -0.009659 1.614397
22.042000 3.055702 27.853975 -0.009940 1.604902
22.062000 3.062808 27.902551 -0.010226 1.595387
22.082000 3.070375 27.952634 -0.010510 1.585942
22.102000 3.078742 28.003349 -0.010768 1.576185
22.122000 3.087459 28.055696 -0.010348 1.566680
22.142000 3.096331 28.109425 -0.009717 1.557382
22.162000 3.102167 28.167049 -0.007538 1.551960
22.182000 3.102759 28.230203 -0.002700 1.552443
22.202000 3.105841 28.292950 -0.000529 1.550455
22.222000 3.108657 28.353802 -0.000943 1.548638
22.242000 3.113748 28.412394 -0.001449 1.544562
22.262000 3.121157 28.469491 -0.001478 1.539013
22.282000 3.129012 28.525749 -0.001567 1.535252
22.302000 3.137622 28.581703 -0.001943 1.532622
22.322000 3.146055 28.637250 -0.002046 1.530002
22.342000 3.154957 28.692709 -0.002316 1.527109
22.362000 3.164312 28.748184 -0.002292 1.524041
22.382000 3.174520 28.803671 -0.002416 1.520716
22.402000 3.184194 28.860405 -0.002105 1.517993
22.422000 3.193204 28.917744 -0.002051 1.516653
22.442000 3.202040 28.976647 -0.002359 1.515672
22.462000 3.209834 29.036130 -0.002013 1.515161
22.482000 3.216612 29.096623 -0.002113 1.514649
22.502000 3.222900 29.157929 -0.002239 1.514935
22.522000 3.229092 29.220704 -0.002519 1.515334
22.542000 3.234847 29.284997 -0.002374 1.515902
22.562000 3.240209 29.350343 -0.002266 1.516929
22.582000 3.245416 29.417342 -0.002491 1.518002
22.602000 3.250750 29.486197 -0.002691 1.518872
22.622000 3.255571 29.556515 -0.002306 1.519900
22.642000 3.260029 29.628008 -0.002233 1.521356
22.662000 3.264365 29.701176 -0.002507 1.522774
22.682000 3.268878 29.776226 -0.002668 1.523902
22.702000 3.272702 29.852521 -0.002201 1.525334
22.722000 3.276243 29.930163 -0.002237 1.527071
22.742000 3.279736 30.009525 -0.002536 1.528681
22.762000 3.283084 30.090368 -0.002510 1.529725
22.782000 3.285910 30.172153 -0.002398 1.530035
22.802000 3.288847 30.254356 -0.002232 1.530359
22.822000 3.291957 30.336462 -0.002291 1.530661
22.842000 3.294997 30.418479 -0.002184 1.530826
22.862000 3.298326 30.500680 -0.002306 1.530855
22.882000 3.301688 30.582985 -0.002158 1.530669
22.902000 3.304947 30.664945 -0.002056 1.530757
22.922000 3.308493 30.747349 -0.002358 1.530540
22.942000 3.312021 30.829510 -0.002209 1.530259
22.962000 3.315419 30.911287 -0.002319 1.528816
22.982000 3.317277 30.991190 -0.001883 1.526492
23.002000 3.318754 31.069216 -0.001458 1.524973
23.022000 3.319989 31.145383 -0.001366 1.523668
23.042000 3.321392 31.219691 -0.001389 1.522175
23.062000 3.323172 31.292127 -0.001416 1.520327
23.082000 3.325208 31.362693 -0.001432 1.518210
23.102000 3.327317 31.431396 -0.001450 1.516024
23.122000 3.329349 31.498243 -0.001470 1.513922
23.142000 3.331252 31.563235 -0.001489 1.511954
23.162000 3.333071 31.626367 -0.001505 1.510070
23.182000 3.334893 31.687636 -0.001517 1.508184
23.202000 3.336777 31.747039 -0.001525 1.506248
23.222000 3.338728 31.804577 -0.001531 1.504266
23.242000 3.340701 31.860251 -0.001537 1.502262
23.262000 3.342661 31.914064 -0.001545 1.500273
23.282000 3.344582 31.966017 -0.001554 1.498323
23.302000 3.346463 32.016108 -0.001562 1.496417
23.322000 3.348310 32.064338 -0.001569 1.494547
23.342000 3.350130 32.110706 -0.001572 1.492708
23.362000 3.351922 32.155211 -0.001573 1.490898
23.382000 3.353684 32.197853 -0.001572 1.489119
23.402000 3.355412 32.238633 -0.001572 1.487376
23.422000 3.357100 32.277550 -0.001573 1.485676
23.442000 3.358741 32.314606 -0.001575 1.484024
23.462000 3.360327 32.349799 -0.001577 1.482428
23.482000 3.361855 32.383130 -0.001579 1.480891
23.502000 3.363320 32.414600 -0.001581 1.479419
23.522000 3.364719 32.444208 -0.001583 1.478014
23.542000 3.366048 32.471954 -0.001584 1.476680
23.562000 3.367306 32.497838 -0.001585 1.475417
23.582000 3.368489 32.521860 -0.001586 1.474231
23.602000 3.369593 32.544020 -0.001587 1.473123
23.622000 3.370616 32.564319 -0.001589 1.472097
23.642000 3.371555 32.582756 -0.001590 1.471156
23.662000 3.372406 32.599332 -0.001592 1.470302
23.682000 3.373167 32.614047 -0.001593 1.469539
23.702000 3.373835 32.626902 -0.001595 1.468868
23.722000 3.374407 32.637896 -0.001597 1.468294
23.742000 3.374884 32.647029 -0.001598 1.467816
23.762000 3.375262 32.654301 -0.001599 1.467438
23.782000 3.375544 32.659714 -0.001601 1.467160
23.802000 3.375729 32.663270 -0.001602 1.466983
23.822000 3.375900 32.665103 -0.001604 1.466949
23.842000 3.376000 32.665717 -0.001608 1.466936
23.862000 3.376169 32.665792 -0.001617 1.466655
23.882000 3.376361 32.665811 -0.001629 1.466390
23.902000 3.376494 32.665826 -0.001629 1.466213
23.922000 3.376547 32.665834 -0.001613 1.466103
23.942000 3.376532 32.665827 -0.001597 1.466048
23.962000 3.376466 32.665800 -0.001589 1.466041
23.982000 3.376371 32.665754 -0.001591 1.466069
24.002000 3.376270 32.665691 -0.001599 1.466117
24.022000 3.376176 32.665615 -0.001611 1.466168
24.042000 3.376097 32.665532 -0.001624 1.466215
24.062000 3.376039 32.665447 -0.001633 1.466256
24.082000 3.375997 32.665359 -0.001637 1.466290
24.102000 3.375965 32.665271 -0.001639 1.466315
24.122000 3.375940 32.665182 -0.001639 1.466334
24.142000 3.375920 32.665094 -0.001639 1.466347
24.162000 3.375905 32.665006 -0.001639 1.466356
24.182000 3.375893 32.664919 -0.001639 1.466361
24.202000 3.375883 32.664833 -0.001639 1.466364
24.222000 3.375875 32.664747 -0.001639 1.466366
24.242000 3.375869 32.664662 -0.001639 1.466366
24.262000 3.375863 32.664578 -0.001639 1.466365
24.282000 3.375858 32.664494 -0.001639 1.466363
24.302000 3.375853 32.664411 -0.001639 1.466361
24.322000 3.375848 32.664328 -0.001639 1.466358
24.342000 3.375843 32.664246 -0.001639 1.466356
24.362000 3.375838 32.664165 -0.001639 1.466353
24.382000 3.375834 32.664084 -0.001639 1.466351
24.402000 3.375829 32.664003 -0.001639 1.466348
24.422000 3.375823 32.663923 -0.001639 1.466346
24.442000 3.375818 32.663844 -0.001639 1.466344
24.462000 3.375812 32.663764 -0.001639 1.466342
24.482000 3.375806 32.663685 -0.001639 1.466340
24.502000 3.375800 32.663606 -0.001640 1.466338
24.522000 3.375794 32.663528 -0.001640 1.466336
24.542000 3.375788 32.663450 -0.001640 1.466335
24.562000 3.375781 32.663372 -0.001640 1.466333
24.582000 3.375775 32.663294 -0.001640 1.466332
24.602000 3.375768 32.663216 -0.001640 1.466331
24.622000 3.375761 32.663139 -0.001640 1.466330
24.642000 3.375754 32.663061 -0.001640 1.466329
24.662000 3.375746 32.662984 -0.001640 1.466329
24.682000 3.375739 32.662907 -0.001640 1.466328
24.702000 3.375732 32.662830 -0.001640 1.466327
24.722000 3.375724 32.662753 -0.001640 1.466327
24.742000 3.375717 32.662676 -0.001640 1.466327
24.762000 3.375709 32.662600 -0.001640 1.466326
24.782000 3.375701 32.662523 -0.001640 1.466326
24.802000 3.375694 32.662447 -0.001640 1.466326
24.822000 3.375686 32.662371 -0.001640 1.466325
