# stamp x y z yaw
0.239000 0.000004 0.000000 -0.001624 0.000000
0.259000 0.000006 0.000000 -0.001648 0.000000
0.279000 0.000007 0.000000 -0.001655 0.000000
0.299000 0.000009 0.000000 -0.001656 0.000000
0.319000 0.000011 0.000000 -0.001657 0.000000
0.339000 0.000013 0.000000 -0.001657 0.000000
0.359000 0.000014 0.000000 -0.001657 0.000000
0.379000 0.000016 0.000000 -0.001657 0.000000
0.399000 0.000018 0.000000 -0.001657 0.000000
0.419000 0.000020 0.000000 -0.001657 0.000000
0.439000 0.000021 0.000000 -0.001657 0.000000
0.459000 0.000023 0.000000 -0.001657 0.000000
0.479000 0.000025 0.000000 -0.001657 0.000000
0.499000 0.000027 0.000000 -0.001657 0.000000
0.519000 0.000028 0.000000 -0.001657 0.000000
0.539000 0.000030 0.000000 -0.001657 0.000000
0.559000 0.000032 0.000000 -0.001657 0.000000
0.579000 0.000034 0.000000 -0.001657 0.000000
0.599000 0.000035 0.000000 -0.001657 0.000000
0.619000 0.000037 0.000000 -0.001657 0.000000
0.639000 0.000039 0.000000 -0.001657 0.000000
0.659000 0.000687 -0.000012 -0.001657 -0.000013
0.679000 0.003687 -0.000310 -0.001655 -0.000322
0.699000 0.008553 -0.000885 -0.001655 -0.000895
0.719000 0.015197 -0.000811 -0.001656 -0.000756
0.739000 0.023603 0.000191 -0.001656 0.000316
0.759000 0.033960 0.000779 -0.001656 0.000897
0.779000 0.046077 -0.000078 -0.001656 -0.000045
0.799000 0.060105 -0.000993 -0.001656 -0.000977
0.819000 0.076060 -0.001056 -0.001656 -0.000976
0.839000 0.093911 -0.000517 -0.001656 -0.000368
0.859000 0.113688 -0.000315 -0.001656 -0.000141
0.879000 0.135378 -0.000007 -0.001656 0.000184
0.899000 0.158981 0.000338 -0.001656 0.000529
0.919000 0.184406 -0.000164 -0.001656 -0.000032
0.939000 0.211561 -0.002345 -0.001654 -0.002278
0.959000 0.240634 -0.003800 -0.001656 -0.003627
0.979000 0.271217 -0.002542 -0.001571 -0.002098
0.999000 0.303328 0.001076 -0.001393 0.001754
1.019000 0.336867 0.004289 -0.001451 0.004923
1.039000 0.371707 0.005162 -0.001487 0.005515
1.059000 0.407888 0.003851 -0.001423 0.003833
1.079000 0.445295 0.000431 -0.001393 0.000081
1.099000 0.483910 -0.005198 -0.001354 -0.005722
1.119000 0.523376 -0.010355 -0.001412 -0.010660
1.139000 0.563816 -0.013403 -0.001539 -0.013088
1.159000 0.605199 -0.014290 -0.001542 -0.013112
1.179000 0.647343 -0.012965 -0.001501 -0.010917
1.199000 0.690303 -0.009446 -0.001473 -0.006617
1.219000 0.734297 -0.003665 -0.001419 -0.000273
1.239000 0.779394 0.004424 -0.001337 0.008070
1.259000 0.825104 0.013902 -0.001316 0.017160
1.279000 0.870609 0.021055 -0.001485 0.023220
1.299000 0.917107 0.026042 -0.001562 0.026727
1.319000 0.965041 0.029019 -0.001526 0.027896
1.339000 1.014370 0.029963 -0.001478 0.026928
1.359000 1.065119 0.028719 -0.001441 0.024039
1.379000 1.117477 0.025316 -0.001358 0.019138
1.399000 1.171165 0.019800 -0.001310 0.012461
1.419000 1.225712 0.013832 -0.001435 0.005822
1.439000 1.280979 0.009906 -0.001568 0.001562
1.459000 1.336485 0.006707 -0.001625 -0.002045
1.479000 1.391894 0.002033 -0.001646 -0.006781
1.499000 1.447266 -0.003308 -0.001652 -0.011790
1.519000 1.501900 -0.006274 -0.001622 -0.013426
1.539000 1.556027 -0.005989 -0.001524 -0.012226
1.559000 1.609657 -0.002948 -0.001468 -0.008330
1.579000 1.662737 0.002889 -0.001455 -0.001855
1.599000 1.715839 0.011416 -0.001410 0.006975
1.619000 1.768391 0.019114 -0.001435 0.013879
1.639000 1.820325 0.023850 -0.001549 0.017556
1.659000 1.871889 0.025710 -0.001545 0.018351
1.679000 1.923419 0.024880 -0.001477 0.016434
1.699000 1.975603 0.021694 -0.001418 0.012212
1.719000 2.029224 0.016877 -0.001422 0.006691
1.739000 2.083835 0.011887 -0.001546 0.001290
1.759000 2.139104 0.008292 -0.001618 -0.002260
1.779000 2.194575 0.007261 -0.001633 -0.002914
1.799000 2.250080 0.007710 -0.001632 -0.002586
1.819000 2.305425 0.006927 -0.001643 -0.003812
1.839000 2.360789 0.003256 -0.001611 -0.007282
1.859000 2.416020 -0.000934 -0.001613 -0.010747
1.879000 2.470649 -0.001922 -0.001542 -0.010584
1.899000 2.525115 0.000075 -0.001446 -0.007930
1.919000 2.579109 0.004785 -0.001419 -0.002588
1.939000 2.632922 0.012243 -0.001414 0.005179
1.959000 2.686735 0.021145 -0.001361 0.013675
1.979000 2.739527 0.027307 -0.001499 0.018590
1.999000 2.791801 0.030573 -0.001567 0.020690
2.019000 2.843571 0.031036 -0.001530 0.019831
2.039000 2.895113 0.028765 -0.001472 0.016337
2.059000 2.947315 0.024120 -0.001419 0.010691
2.079000 3.001018 0.017499 -0.001363 0.003364
2.099000 3.055517 0.009650 -0.001467 -0.004848
2.119000 3.110095 0.003599 -0.001549 -0.010288
2.139000 3.165035 0.000563 -0.001423 -0.012449
2.159000 3.220252 0.000162 -0.001323 -0.012164
2.179000 3.275571 0.002299 -0.001346 -0.009314
2.199000 3.331109 0.006405 -0.001350 -0.004676
2.219000 3.386389 0.009269 -0.001468 -0.001975
2.239000 3.441468 0.008927 -0.001473 -0.002438
2.259000 3.496529 0.005715 -0.001378 -0.005574
2.279000 3.551379 -0.000166 -0.001360 -0.011219
2.299000 3.606330 -0.008317 -0.001321 -0.018918
2.319000 3.660257 -0.015231 -0.001421 -0.024507
2.339000 3.713350 -0.019422 -0.001551 -0.026816
2.359000 3.765751 -0.020630 -0.001564 -0.026294
2.379000 3.817564 -0.018995 -0.001512 -0.022961
2.399000 3.869175 -0.014632 -0.001461 -0.017150
2.419000 3.922092 -0.008193 -0.001413 -0.009644
2.439000 3.976263 -0.000229 -0.001479 -0.000919
2.459000 4.030989 0.007428 -0.001584 0.006760
2.479000 4.086073 0.011934 -0.001479 0.010595
2.499000 4.141602 0.014100 -0.001302 0.012358
2.519000 4.197097 0.014527 -0.001357 0.011777
2.539000 4.252566 0.012141 -0.001359 0.008751
2.559000 4.308022 0.007983 -0.001354 0.004065
2.579000 4.363365 0.002410 -0.001467 -0.001923
2.599000 4.418787 -0.003868 -0.001578 -0.008173
2.619000 4.473760 -0.007723 -0.001609 -0.011143
2.639000 4.528293 -0.008399 -0.001535 -0.011077
2.659000 4.582399 -0.006329 -0.001473 -0.008243
2.679000 4.635946 -0.001488 -0.001461 -0.002774
2.699000 4.689348 0.006115 -0.001419 0.005151
2.719000 4.742004 0.012531 -0.001449 0.010738
2.739000 4.794094 0.015929 -0.001550 0.013327
2.759000 4.845829 0.016462 -0.001531 0.013050
2.779000 4.897694 0.014353 -0.001453 0.010164
2.799000 4.950396 0.009972 -0.001395 0.005065
2.819000 5.004273 0.004302 -0.001421 -0.000786
2.839000 5.059099 0.000093 -0.001554 -0.004954
2.859000 5.114585 -0.002744 -0.001621 -0.007477
2.879000 5.170122 -0.002903 -0.001614 -0.006958
2.899000 5.225686 -0.001102 -0.001576 -0.004986
2.919000 5.281154 0.002122 -0.001613 -0.001349
2.939000 5.336686 0.006864 -0.001636 0.003529
2.959000 5.392199 0.010834 -0.001650 0.007079
2.979000 5.447297 0.011163 -0.001517 0.006782
2.999000 5.502310 0.008692 -0.001400 0.003905
3.019000 5.556940 0.003540 -0.001382 -0.001643
3.039000 5.611404 -0.004365 -0.001382 -0.009560
3.059000 5.665792 -0.013635 -0.001332 -0.018274
3.079000 5.719241 -0.020329 -0.001488 -0.023518
3.099000 5.772094 -0.024195 -0.001574 -0.025858
3.119000 5.824398 -0.025235 -0.001550 -0.025239
3.139000 5.876315 -0.023487 -0.001492 -0.021918
3.159000 5.928574 -0.019183 -0.001435 -0.016293
3.179000 5.982262 -0.012691 -0.001331 -0.008694
3.199000 6.036877 -0.004315 -0.001313 0.000405
3.219000 6.091467 0.003053 -0.001458 0.007572
3.239000 6.146388 0.007550 -0.001451 0.011269
3.259000 6.201595 0.009223 -0.001350 0.012307
3.279000 6.256824 0.008264 -0.001361 0.010708
3.299000 6.312202 0.005080 -0.001330 0.006961
3.319000 6.367612 0.000143 -0.001378 0.001328
3.339000 6.422875 -0.006607 -0.001419 -0.005705
3.359000 6.478032 -0.013609 -0.001541 -0.012381
3.379000 6.532596 -0.017792 -0.001584 -0.015395
3.399000 6.586827 -0.019028 -0.001534 -0.015652
3.419000 6.640439 -0.017531 -0.001493 -0.013094
3.439000 6.693345 -0.013225 -0.001489 -0.007856
3.459000 6.746072 -0.006138 -0.001446 -0.000212
3.479000 6.799904 0.003284 -0.001325 0.009446
3.499000 6.854397 0.014457 -0.001318 0.020415
3.519000 6.908207 0.024434 -0.001487 0.029120
3.539000 6.961533 0.031838 -0.001577 0.034193
3.559000 7.014541 0.036298 -0.001556 0.036455
3.579000 7.067258 0.037989 -0.001500 0.035909
3.599000 7.119961 0.036992 -0.001449 0.032775
3.619000 7.173640 0.033622 -0.001377 0.027508
3.639000 7.228454 0.028188 -0.001309 0.020416
3.659000 7.283660 0.021323 -0.001366 0.012272
3.679000 7.339166 0.014294 -0.001527 0.004421
3.699000 7.394827 0.008081 -0.001612 -0.002260
3.719000 7.450382 0.001612 -0.001643 -0.008726
3.739000 7.505752 -0.005343 -0.001652 -0.015305
3.759000 7.560643 -0.011934 -0.001656 -0.020985
3.779000 7.614502 -0.015309 -0.001593 -0.022999
3.799000 7.667818 -0.015970 -0.001531 -0.022173
3.819000 7.720498 -0.013871 -0.001500 -0.018604
3.839000 7.772747 -0.008962 -0.001468 -0.012475
3.859000 7.825492 -0.001577 -0.001412 -0.004243
3.879000 7.879558 0.007613 -0.001408 0.005418
3.899000 7.934189 0.017724 -0.001532 0.015483
3.919000 7.988560 0.025694 -0.001597 0.022261
3.939000 8.042695 0.030801 -0.001548 0.025661
3.959000 8.096731 0.033042 -0.001480 0.026401
3.979000 8.150862 0.032635 -0.001420 0.024460
3.999000 8.205474 0.029710 -0.001353 0.020193
4.019000 8.260664 0.024729 -0.001307 0.013935
4.039000 8.315954 0.018322 -0.001384 0.006588
4.059000 8.371437 0.011516 -0.001538 -0.000721
4.079000 8.427022 0.005438 -0.001616 -0.006964
4.099000 8.482511 -0.000939 -0.001644 -0.013082
4.119000 8.537178 -0.005589 -0.001632 -0.016631
4.139000 8.591227 -0.007094 -0.001554 -0.017102
4.159000 8.644712 -0.005899 -0.001506 -0.014766
4.179000 8.697467 -0.001896 -0.001489 -0.009727
4.199000 8.749811 0.004934 -0.001453 -0.002178
4.219000 8.801575 0.010954 -0.001469 0.003436
4.239000 8.852972 0.013842 -0.001537 0.005945
4.259000 8.904521 0.013961 -0.001492 0.005789
4.279000 8.957268 0.011891 -0.001407 0.003327
4.299000 9.011272 0.007676 -0.001356 -0.001181
4.319000 9.065812 0.002898 -0.001406 -0.005588
4.339000 9.120846 0.000672 -0.001548 -0.007422
4.359000 9.176378 0.000258 -0.001610 -0.007525
4.379000 9.231942 0.002076 -0.001625 -0.005163
4.399000 9.287472 0.005116 -0.001635 -0.002012
4.419000 9.342717 0.005927 -0.001603 -0.001466
4.439000 9.397918 0.003343 -0.001380 -0.003923
4.459000 9.453109 -0.000726 -0.001293 -0.007592
4.479000 9.507767 -0.002180 -0.001464 -0.008163
4.499000 9.562131 -0.000579 -0.001506 -0.006031
4.519000 9.616064 0.003897 -0.001434 -0.001047
4.539000 9.669624 0.011135 -0.001421 0.006406
4.559000 9.723144 0.020026 -0.001372 0.014842
4.579000 9.775688 0.026179 -0.001499 0.019669
4.599000 9.827762 0.029441 -0.001564 0.021706
4.619000 9.879509 0.029911 -0.001519 0.020840
4.639000 9.931336 0.027741 -0.001450 0.017420
4.659000 9.984123 0.023357 -0.001398 0.011959
4.679000 10.038283 0.017177 -0.001392 0.004998
4.699000 10.093057 0.010101 -0.001518 -0.002466
4.719000 10.148095 0.005129 -0.001567 -0.006921
4.739000 10.203392 0.003264 -0.001386 -0.008225
4.759000 10.258852 0.003705 -0.001296 -0.007306
4.779000 10.314311 0.006551 -0.001342 -0.003955
4.799000 10.369859 0.011216 -0.001377 0.000946
4.819000 10.424979 0.014495 -0.001506 0.003734
4.839000 10.479763 0.014598 -0.001509 0.003374
4.859000 10.534328 0.011781 -0.001424 0.000281
4.879000 10.588573 0.006246 -0.001404 -0.005387
4.899000 10.642952 -0.001903 -0.001359 -0.013357
4.919000 10.696671 -0.009233 -0.001401 -0.019574
4.939000 10.749649 -0.013673 -0.001542 -0.022621
4.959000 10.802042 -0.015236 -0.001566 -0.022734
4.979000 10.853986 -0.013970 -0.001510 -0.020036
4.999000 10.905923 -0.010053 -0.001450 -0.014867
5.019000 10.959284 -0.004224 -0.001417 -0.008124
5.039000 11.013763 0.002734 -0.001518 -0.000545
5.059000 11.068676 0.008756 -0.001605 0.005369
5.079000 11.123667 0.011391 -0.001481 0.007264
5.099000 11.178883 0.011259 -0.001326 0.006854
5.119000 11.234377 0.008923 -0.001303 0.004045
5.139000 11.289848 0.004953 -0.001378 -0.000111
5.159000 11.345241 0.000339 -0.001531 -0.004653
5.179000 11.400528 -0.004652 -0.001613 -0.009452
5.199000 11.455830 -0.009646 -0.001643 -0.014077
5.219000 11.510571 -0.012970 -0.001634 -0.016381
5.239000 11.564654 -0.013059 -0.001540 -0.015427
5.259000 11.618195 -0.010412 -0.001480 -0.011726
5.279000 11.671090 -0.004953 -0.001466 -0.005420
5.299000 11.723830 0.003255 -0.001427 0.003284
5.319000 11.775974 0.010573 -0.001448 0.009975
5.339000 11.827587 0.014889 -0.001549 0.013491
5.359000 11.878952 0.016350 -0.001533 0.014170
5.379000 11.930537 0.015221 -0.001459 0.012220
5.399000 11.983138 0.011894 -0.001403 0.008073
5.419000 12.037073 0.007103 -0.001421 0.002904
5.439000 12.091886 0.003077 -0.001551 -0.001256
5.459000 12.147358 0.000368 -0.001620 -0.003875
5.479000 12.202906 -0.000181 -0.001642 -0.004027
5.499000 12.258405 0.000471 -0.001648 -0.003459
5.519000 12.313791 0.002223 -0.001652 -0.001220
5.539000 12.369207 0.006606 -0.001589 0.003559
5.559000 12.424512 0.011631 -0.001583 0.008272
5.579000 12.479249 0.013638 -0.001541 0.009208
5.599000 12.533791 0.012653 -0.001458 0.007567
5.619000 12.587853 0.008906 -0.001431 0.003241
5.639000 12.641498 0.002368 -0.001434 -0.003638
5.659000 12.694999 -0.005919 -0.001374 -0.011554
5.679000 12.747579 -0.011395 -0.001500 -0.015893
5.699000 12.799668 -0.013961 -0.001567 -0.017472
5.719000 12.851494 -0.013745 -0.001522 -0.016196
5.739000 12.903509 -0.010939 -0.001446 -0.012397
5.759000 12.956567 -0.005971 -0.001392 -0.006625
5.779000 13.010964 0.000513 -0.001438 0.000389
5.799000 13.065934 0.007317 -0.001561 0.007281
5.819000 13.121082 0.011654 -0.001574 0.010726
5.839000 13.176379 0.012731 -0.001389 0.011134
5.859000 13.231810 0.011406 -0.001300 0.009149
5.879000 13.287280 0.007818 -0.001322 0.005022
5.899000 13.342720 0.003001 -0.001439 -0.000067
5.919000 13.398019 -0.002671 -0.001569 -0.005854
5.939000 13.453181 -0.008930 -0.001627 -0.011931
5.959000 13.508104 -0.014459 -0.001648 -0.016693
5.979000 13.562242 -0.016701 -0.001582 -0.017824
5.999000 13.615940 -0.016191 -0.001508 -0.016160
6.019000 13.669007 -0.012920 -0.001478 -0.011777
6.039000 13.721629 -0.006839 -0.001457 -0.004864
6.059000 13.774694 0.001699 -0.001402 0.004094
6.079000 13.828924 0.011644 -0.001459 0.014085
6.099000 13.883705 0.021689 -0.001574 0.023564
6.119000 13.938044 0.029475 -0.001615 0.029643
6.139000 13.991939 0.034306 -0.001562 0.032373
6.159000 14.045569 0.036310 -0.001504 0.032408
6.179000 14.099098 0.035603 -0.001448 0.029761
6.199000 14.153026 0.032320 -0.001386 0.024728
6.219000 14.207893 0.027083 -0.001348 0.018126
6.239000 14.263193 0.020864 -0.001471 0.010818
6.259000 14.318779 0.015007 -0.001585 0.004217
6.279000 14.374391 0.009825 -0.001633 -0.001368
6.299000 14.429795 0.004074 -0.001649 -0.007140
6.319000 14.484380 0.000222 -0.001627 -0.010342
6.339000 14.538514 -0.000533 -0.001531 -0.010457
6.359000 14.592218 0.001402 -0.001473 -0.007799
6.379000 14.645363 0.006104 -0.001464 -0.002504
6.399000 14.698408 0.013541 -0.001425 0.005235
6.419000 14.750989 0.020683 -0.001426 0.011687
6.439000 14.802884 0.024766 -0.001542 0.014804
6.459000 14.854419 0.025943 -0.001540 0.015093
6.479000 14.906019 0.024454 -0.001467 0.012712
6.499000 14.958407 0.020673 -0.001407 0.008086
6.519000 15.012143 0.015393 -0.001422 0.002382
6.539000 15.066836 0.010734 -0.001551 -0.002415
6.559000 15.122249 0.007407 -0.001620 -0.005556
6.579000 15.177794 0.006594 -0.001634 -0.005804
6.599000 15.233313 0.007427 -0.001630 -0.004939
6.619000 15.288709 0.007167 -0.001642 -0.005454
6.639000 15.344108 0.004080 -0.001633 -0.008195
6.659000 15.399368 0.000444 -0.001638 -0.011006
6.679000 15.454011 0.000139 -0.001536 -0.010234
6.699000 15.508586 0.002751 -0.001422 -0.006982
6.719000 15.562796 0.008044 -0.001396 -0.001097
6.739000 15.616978 0.016044 -0.001391 0.007131
6.759000 15.671172 0.025422 -0.001341 0.016081
6.779000 15.724344 0.032211 -0.001491 0.021487
6.799000 15.776951 0.036155 -0.001570 0.024008
6.819000 15.829037 0.037263 -0.001540 0.023585
6.839000 15.880777 0.035600 -0.001482 0.020457
6.859000 15.932902 0.031414 -0.001429 0.015039
6.879000 15.986473 0.025037 -0.001330 0.007681
6.899000 16.040955 0.016823 -0.001316 -0.001159
6.919000 16.095446 0.009641 -0.001465 -0.008040
6.939000 16.150308 0.005353 -0.001456 -0.011508
6.959000 16.205476 0.003857 -0.001350 -0.012360
6.979000 16.260719 0.004964 -0.001359 -0.010554
6.999000 16.316190 0.008272 -0.001334 -0.006676
7.019000 16.371533 0.010485 -0.001433 -0.004545
7.039000 16.426746 0.009488 -0.001447 -0.005506
7.059000 16.481910 0.005714 -0.001348 -0.009066
7.079000 16.536988 -0.000629 -0.001328 -0.015045
7.099000 16.592031 -0.008769 -0.001341 -0.022546
7.119000 16.646163 -0.015655 -0.001487 -0.027916
7.139000 16.699401 -0.019786 -0.001566 -0.029790
7.159000 16.751914 -0.020875 -0.001556 -0.028956
7.179000 16.803773 -0.019136 -0.001511 -0.025326
7.199000 16.855298 -0.014619 -0.001467 -0.019202
7.219000 16.908092 -0.007941 -0.001412 -0.011341
7.239000 16.962136 0.000451 -0.001443 -0.002082
7.259000 17.016759 0.008931 -0.001562 0.006552
7.279000 17.071757 0.014315 -0.001479 0.011289
7.299000 17.127250 0.017309 -0.001298 0.013742
7.319000 17.182792 0.018427 -0.001350 0.013805
7.339000 17.238283 0.016696 -0.001378 0.011347
7.359000 17.293755 0.012881 -0.001328 0.006854
7.379000 17.349102 0.007438 -0.001353 0.000808
7.399000 17.404488 0.001001 -0.001494 -0.005783
7.419000 17.459454 -0.003425 -0.001586 -0.009491
7.439000 17.514019 -0.004717 -0.001546 -0.010106
7.459000 17.568210 -0.003222 -0.001477 -0.007921
7.479000 17.621861 0.001023 -0.001462 -0.003078
7.499000 17.675329 0.008034 -0.001425 0.004258
7.519000 17.728157 0.014178 -0.001443 0.009625
7.539000 17.780341 0.017235 -0.001547 0.011917
7.559000 17.832160 0.017409 -0.001530 0.011364
7.579000 17.884118 0.014939 -0.001450 0.008210
7.599000 17.936904 0.010193 -0.001390 0.002852
7.619000 17.990803 0.004258 -0.001420 -0.003132
7.639000 18.045652 0.000018 -0.001554 -0.007198
7.659000 18.101136 -0.002728 -0.001621 -0.009562
7.679000 18.156634 -0.002583 -0.001554 -0.008596
7.699000 18.212210 -0.000169 -0.001399 -0.005874
7.719000 18.267707 0.003435 -0.001480 -0.001914
7.739000 18.323254 0.008131 -0.001580 0.002900
7.759000 18.378729 0.011933 -0.001629 0.006334
7.779000 18.433803 0.012156 -0.001509 0.006129
7.799000 18.488832 0.009658 -0.001392 0.003276
7.819000 18.543488 0.004496 -0.001378 -0.002259
7.839000 18.598037 -0.003400 -0.001374 -0.010128
7.859000 18.652460 -0.012603 -0.001328 -0.018768
7.879000 18.705862 -0.019238 -0.001488 -0.023935
7.899000 18.758641 -0.023043 -0.001574 -0.026188
7.919000 18.810844 -0.024020 -0.001551 -0.025478
7.939000 18.862629 -0.022203 -0.001495 -0.022066
7.959000 18.914692 -0.017815 -0.001441 -0.016341
7.979000 18.968186 -0.011224 -0.001338 -0.008635
7.999000 19.022671 -0.002655 -0.001306 0.000657
8.019000 19.077172 0.005004 -0.001441 0.008114
8.039000 19.132025 0.009817 -0.001451 0.012093
8.059000 19.187203 0.011802 -0.001351 0.013388
8.079000 19.242425 0.011149 -0.001364 0.012041
8.099000 19.297798 0.008237 -0.001331 0.008500
8.119000 19.353208 0.003439 -0.001349 0.002925
8.139000 19.408483 -0.003223 -0.001353 -0.004100
8.159000 19.463655 -0.010186 -0.001496 -0.010834
8.179000 19.518290 -0.014372 -0.001574 -0.013964
8.199000 19.572622 -0.015598 -0.001534 -0.014300
8.219000 19.626336 -0.014076 -0.001490 -0.011803
8.239000 19.679352 -0.009757 -0.001489 -0.006630
8.259000 19.731601 -0.002555 -0.001453 0.001174
8.279000 19.782445 0.007589 -0.001446 0.011528
8.299000 19.832092 0.020785 -0.001427 0.024347
8.319000 19.882772 0.034243 -0.001441 0.036463
8.339000 19.935715 0.045012 -0.001429 0.045337
8.359000 19.990403 0.053802 -0.001332 0.051763
8.379000 20.045739 0.061077 -0.001352 0.056540
8.399000 20.101059 0.068434 -0.001514 0.061303
8.419000 20.156188 0.076903 -0.001607 0.066514
8.439000 20.211421 0.085013 -0.001641 0.071032
8.459000 20.266582 0.093222 -0.001653 0.075183
8.479000 20.321968 0.098923 -0.001651 0.076693
8.499000 20.377422 0.103107 -0.001646 0.076988
8.519000 20.432944 0.106008 -0.001650 0.075338
8.539000 20.488551 0.106658 -0.001635 0.071596
8.559000 20.544131 0.106256 -0.001641 0.067226
8.579000 20.599671 0.105246 -0.001650 0.062332
8.599000 20.655192 0.104250 -0.001655 0.057694
8.619000 20.709438 0.105527 -0.001611 0.055937
8.639000 20.762613 0.109991 -0.001513 0.057394
8.659000 20.814833 0.117051 -0.001489 0.061851
8.679000 20.865951 0.127112 -0.001473 0.068977
8.699000 20.916423 0.140051 -0.001435 0.078638
8.719000 20.966804 0.155718 -0.001386 0.090598
8.739000 21.017578 0.174086 -0.001336 0.104558
8.759000 21.069205 0.194241 -0.001364 0.119388
8.779000 21.121777 0.214681 -0.001497 0.133679
8.799000 21.174649 0.235070 -0.001594 0.147301
8.819000 21.227965 0.253724 -0.001593 0.157887
8.839000 21.282142 0.269288 -0.001423 0.164970
8.859000 21.336762 0.282588 -0.001329 0.169256
8.879000 21.391685 0.293390 -0.001381 0.170779
8.899000 21.446824 0.301852 -0.001343 0.169836
8.919000 21.501859 0.308171 -0.001356 0.166523
8.939000 21.557217 0.312141 -0.001333 0.161165
8.959000 21.612376 0.315745 -0.001447 0.155963
8.979000 21.666086 0.322019 -0.001521 0.155008
8.999000 21.718817 0.331317 -0.001517 0.157047
9.019000 21.770177 0.343725 -0.001473 0.162028
9.039000 21.820249 0.359391 -0.001437 0.169658
9.059000 21.869554 0.378023 -0.001412 0.179906
9.079000 21.918582 0.399628 -0.001362 0.192555
9.099000 21.967769 0.424144 -0.001346 0.207286
9.119000 22.017630 0.449711 -0.001419 0.221688
9.139000 22.069471 0.472846 -0.001525 0.233364
9.159000 22.122176 0.494482 -0.001568 0.242583
9.179000 22.175291 0.513506 -0.001551 0.248606
9.199000 22.228422 0.531137 -0.001544 0.252951
9.219000 22.281773 0.547347 -0.001601 0.255147
9.239000 22.335727 0.560754 -0.001541 0.254641
9.259000 22.389842 0.573166 -0.001561 0.252961
9.279000 22.444212 0.584436 -0.001614 0.250171
9.299000 22.498561 0.595864 -0.001642 0.247633
9.319000 22.551133 0.609769 -0.001565 0.249270
9.339000 22.601971 0.626735 -0.001417 0.254783
9.359000 22.651487 0.647339 -0.001394 0.262448
9.379000 22.700027 0.671012 -0.001423 0.272872
9.399000 22.748138 0.696884 -0.001769 0.285275
9.419000 22.795481 0.725680 -0.001535 0.299384
9.439000 22.843814 0.754125 -0.001535 0.312448
9.459000 22.893536 0.780583 -0.001604 0.322855
9.479000 22.944363 0.804929 -0.001633 0.330144
9.499000 22.995166 0.828547 -0.001644 0.336475
9.519000 23.046001 0.851636 -0.001651 0.341294
9.539000 23.097952 0.872027 -0.001610 0.343424
9.559000 23.150123 0.891473 -0.001618 0.344340
9.579000 23.202417 0.910076 -0.001640 0.344292
9.599000 23.254679 0.928807 -0.001650 0.344289
9.619000 23.307201 0.946631 -0.001654 0.343016
9.639000 23.360516 0.962583 -0.001651 0.340105
9.659000 23.413358 0.979019 -0.001652 0.338302
9.679000 23.463656 0.998601 -0.001444 0.341935
9.699000 23.512285 1.021388 -0.001310 0.348271
9.719000 23.559463 1.047328 -0.001405 0.356666
9.739000 23.605398 1.076146 -0.001439 0.367894
9.759000 23.650544 1.107952 -0.001399 0.381263
9.779000 23.695988 1.141119 -0.001488 0.394980
9.799000 23.742334 1.173396 -0.001590 0.407501
9.819000 23.789683 1.203912 -0.001617 0.416713
9.839000 23.838726 1.231335 -0.001455 0.422469
9.859000 23.888140 1.257531 -0.001462 0.426345
9.879000 23.937905 1.282694 -0.001572 0.428797
9.899000 23.987252 1.308496 -0.001628 0.431831
9.919000 24.036998 1.333392 -0.001648 0.433427
9.939000 24.087900 1.355997 -0.001647 0.432829
9.959000 24.138856 1.378461 -0.001650 0.431795
9.979000 24.189803 1.400562 -0.001654 0.430457
9.999000 24.240827 1.422291 -0.001655 0.428937
10.019000 24.289984 1.445804 -0.001583 0.431362
10.039000 24.336871 1.471936 -0.001418 0.437805
10.059000 24.382095 1.501167 -0.001457 0.445809
10.079000 24.425811 1.533375 -0.001481 0.456004
10.099000 24.468473 1.568171 -0.001424 0.468733
10.119000 24.510890 1.604751 -0.001429 0.481762
10.139000 24.555307 1.639618 -0.001554 0.492555
10.159000 24.600355 1.673621 -0.001619 0.501569
10.179000 24.646326 1.705953 -0.001643 0.508198
10.199000 24.691911 1.738348 -0.001652 0.514520
10.219000 24.738006 1.769686 -0.001654 0.519051
10.239000 24.785642 1.798453 -0.001632 0.520786
10.259000 24.833561 1.826941 -0.001638 0.521681
10.279000 24.881471 1.855100 -0.001649 0.522216
10.299000 24.929339 1.883338 -0.001655 0.522824
10.319000 24.977838 1.910451 -0.001656 0.521980
10.339000 25.027197 1.936009 -0.001655 0.519568
10.359000 25.075769 1.962430 -0.001656 0.518812
10.379000 25.121781 1.990960 -0.001549 0.523397
10.399000 25.165977 2.021704 -0.001497 0.530713
10.419000 25.208394 2.055537 -0.001496 0.539592
10.439000 25.249113 2.092298 -0.001473 0.550331
10.459000 25.288505 2.131450 -0.001421 0.563033
10.479000 25.327689 2.171932 -0.001499 0.576221
10.499000 25.367486 2.211960 -0.001594 0.588653
10.519000 25.408768 2.250347 -0.001607 0.597502
10.539000 25.452390 2.285936 -0.001681 0.602775
10.559000 25.497156 2.319606 -0.001507 0.605477
10.579000 25.542235 2.352806 -0.001562 0.607180
10.599000 25.586525 2.386821 -0.001620 0.609830
10.619000 25.631202 2.420120 -0.001644 0.611422
10.639000 25.677221 2.451553 -0.001649 0.610984
10.659000 25.723123 2.483200 -0.001653 0.610477
10.679000 25.769123 2.514478 -0.001655 0.609663
10.699000 25.815317 2.545384 -0.001655 0.608573
10.719000 25.860394 2.576980 -0.001639 0.610520
10.739000 25.903606 2.609715 -0.001591 0.616197
10.759000 25.945032 2.644370 -0.001570 0.624033
10.779000 25.985072 2.681324 -0.001565 0.632945
10.799000 26.023890 2.720279 -0.001558 0.642956
10.819000 26.061572 2.761557 -0.001532 0.653790
10.839000 26.097558 2.804962 -0.001433 0.666616
10.859000 26.132793 2.849197 -0.001461 0.679714
10.879000 26.170579 2.891463 -0.001515 0.688969
10.899000 26.209992 2.931852 -0.001437 0.695621
10.919000 26.250628 2.970483 -0.001510 0.699135
10.939000 26.292993 3.006789 -0.001523 0.699988
10.959000 26.335294 3.043360 -0.001594 0.700667
10.979000 26.377159 3.080098 -0.001635 0.701708
10.999000 26.419166 3.116626 -0.001650 0.702562
11.019000 26.462026 3.152126 -0.001655 0.701793
11.039000 26.506339 3.185816 -0.001653 0.699033
11.059000 26.550098 3.220076 -0.001656 0.697611
11.079000 26.591709 3.255441 -0.001693 0.700999
11.099000 26.631173 3.291672 -0.001928 0.707329
11.119000 26.667941 3.329713 -0.002096 0.715340
11.139000 26.701942 3.369893 -0.002199 0.724229
11.159000 26.733338 3.411656 -0.002275 0.734459
11.179000 26.763271 3.456249 -0.001399 0.747688
11.199000 26.793394 3.503018 -0.001219 0.762104
11.219000 26.824429 3.549670 -0.001408 0.773838
11.239000 26.858539 3.594387 -0.001454 0.781898
11.259000 26.895050 3.637182 -0.001344 0.786971
11.279000 26.933206 3.678073 -0.001326 0.789023
11.299000 26.971836 3.718343 -0.001474 0.790197
11.319000 27.010276 3.758613 -0.001589 0.791042
11.339000 27.049272 3.798262 -0.001636 0.791235
11.359000 27.088156 3.837977 -0.001651 0.791412
11.379000 27.128335 3.876426 -0.001655 0.789907
11.399000 27.168318 3.915012 -0.001657 0.788579
11.419000 27.206797 3.954048 -0.001635 0.790911
11.439000 27.243136 3.993651 -0.001606 0.797221
11.459000 27.277421 4.034631 -0.001473 0.806220
11.479000 27.309785 4.077663 -0.001398 0.816833
11.499000 27.340249 4.122773 -0.001435 0.828614
11.519000 27.369259 4.170162 -0.001494 0.840205
11.539000 27.396712 4.219311 -0.001500 0.852810
11.559000 27.423967 4.269088 -0.001550 0.865152
11.579000 27.454099 4.317165 -0.001517 0.873549
11.599000 27.486124 4.363535 -0.001362 0.879278
11.619000 27.519571 4.408384 -0.001395 0.882067
11.639000 27.554759 4.451575 -0.001422 0.882609
11.659000 27.589830 4.494696 -0.001547 0.882898
11.679000 27.624398 4.538221 -0.001619 0.883743
11.699000 27.659065 4.581658 -0.001645 0.884525
11.719000 27.691890 4.625612 -0.001625 0.888973
11.739000 27.722551 4.670643 -0.001524 0.897218
11.759000 27.751151 4.717627 -0.001470 0.907211
11.779000 27.777220 4.766926 -0.001421 0.917987
11.799000 27.801155 4.818015 -0.001371 0.930250
11.819000 27.825016 4.869132 -0.001411 0.941511
11.839000 27.851815 4.918705 -0.001453 0.949437
11.859000 27.880170 4.967178 -0.001402 0.954967
11.879000 27.909114 5.014938 -0.001517 0.959155
11.899000 27.936992 5.063177 -0.001605 0.964094
11.919000 27.965599 5.111018 -0.001640 0.967911
11.939000 27.995895 5.157653 -0.001649 0.969666
11.959000 28.025466 5.204696 -0.001654 0.971853
11.979000 28.055517 5.251501 -0.001656 0.973515
11.999000 28.085408 5.298397 -0.001657 0.975227
12.019000 28.116677 5.344342 -0.001656 0.974960
12.039000 28.149962 5.388795 -0.001652 0.972513
12.059000 28.182180 5.433683 -0.001655 0.971594
12.079000 28.211634 5.479235 -0.001549 0.975889
12.099000 28.239158 5.525478 -0.001469 0.983502
12.119000 28.264671 5.572801 -0.001462 0.992973
12.139000 28.288035 5.622079 -0.001484 1.003689
12.159000 28.309062 5.673337 -0.001451 1.015427
12.179000 28.327653 5.726299 -0.001380 1.027775
12.199000 28.345051 5.779898 -0.001441 1.041145
12.219000 28.363814 5.832791 -0.001544 1.051517
12.239000 28.385417 5.884514 -0.001486 1.057809
12.259000 28.409766 5.934846 -0.001381 1.061533
12.279000 28.436167 5.983691 -0.001327 1.062647
12.299000 28.463634 6.031785 -0.001402 1.062294
12.319000 28.490141 6.080085 -0.001549 1.062604
12.339000 28.515204 6.129438 -0.001620 1.064552
12.359000 28.541061 6.178455 -0.001645 1.065678
12.379000 28.569387 6.225986 -0.001648 1.063966
12.399000 28.598701 6.272905 -0.001649 1.061216
12.419000 28.625584 6.320240 -0.001616 1.062700
12.439000 28.650254 6.367819 -0.001589 1.068243
12.459000 28.672777 6.415859 -0.001649 1.076613
12.479000 28.692708 6.464964 -0.001557 1.086557
12.499000 28.710797 6.515400 -0.001432 1.097629
12.519000 28.726828 6.567565 -0.001362 1.108725
12.539000 28.740562 6.621399 -0.001325 1.120708
12.559000 28.753647 6.675830 -0.001439 1.132970
12.579000 28.769489 6.729423 -0.001491 1.141279
12.599000 28.788024 6.782170 -0.001365 1.146848
12.619000 28.808571 6.833930 -0.001309 1.149575
12.639000 28.830735 6.884869 -0.001364 1.150491
12.659000 28.852898 6.935589 -0.001520 1.150982
12.679000 28.873542 6.987044 -0.001608 1.153004
12.699000 28.894114 7.038615 -0.001641 1.155145
12.719000 28.916533 7.089280 -0.001648 1.154815
12.739000 28.941925 7.138579 -0.001557 1.151691
12.759000 28.967887 7.187148 -0.001575 1.148456
12.779000 28.991387 7.235511 -0.001689 1.149701
12.799000 29.012573 7.283813 -0.001755 1.154337
12.819000 29.031444 7.332103 -0.001706 1.162192
12.839000 29.047993 7.380709 -0.001539 1.171699
12.859000 29.062474 7.430165 -0.001490 1.182086
12.879000 29.075275 7.481116 -0.001455 1.192791
12.899000 29.086852 7.533287 -0.001382 1.204275
12.919000 29.097034 7.586920 -0.001396 1.215478
12.939000 29.106320 7.641635 -0.001533 1.226059
12.959000 29.117002 7.696497 -0.001614 1.234714
12.979000 29.131063 7.750519 -0.001484 1.239333
12.999000 29.147549 7.803897 -0.001295 1.241410
13.019000 29.164915 7.856699 -0.001361 1.242134
13.039000 29.182469 7.909263 -0.001527 1.242542
13.059000 29.199213 7.962209 -0.001612 1.243604
13.079000 29.218027 8.014545 -0.001642 1.242692
13.099000 29.237069 8.066674 -0.001652 1.241415
13.119000 29.254240 8.118676 -0.001625 1.243294
13.139000 29.269538 8.170736 -0.001719 1.248606
13.159000 29.282588 8.222563 -0.001622 1.256425
13.179000 29.293212 8.274502 -0.001582 1.265867
13.199000 29.301667 8.326683 -0.001470 1.276485
13.219000 29.308076 8.379971 -0.001404 1.287723
13.239000 29.312024 8.434831 -0.001345 1.299995
13.259000 29.314327 8.490597 -0.001317 1.312996
13.279000 29.319198 8.546075 -0.001449 1.322619
13.299000 29.326784 8.601474 -0.001403 1.329175
13.319000 29.336811 8.656369 -0.001349 1.332553
13.339000 29.349287 8.710651 -0.001350 1.333491
13.359000 29.363116 8.764358 -0.001374 1.333092
13.379000 29.375577 8.818211 -0.001525 1.333613
13.399000 29.386386 8.872729 -0.001610 1.335776
13.419000 29.399346 8.926494 -0.001588 1.335108
13.439000 29.415837 8.979388 -0.001376 1.331508
13.459000 29.433966 9.031790 -0.001299 1.326598
13.479000 29.449317 9.084753 -0.001434 1.324812
13.499000 29.461813 9.138508 -0.001377 1.325622
13.519000 29.471948 9.193027 -0.001339 1.329291
13.539000 29.479540 9.248080 -0.001342 1.335120
13.559000 29.485832 9.303533 -0.001401 1.342074
13.579000 29.493650 9.358849 -0.001545 1.347280
13.599000 29.502707 9.413875 -0.001617 1.350875
13.619000 29.510631 9.469027 -0.001644 1.355316
13.639000 29.517530 9.524333 -0.001653 1.360582
13.659000 29.524820 9.579584 -0.001656 1.365034
13.679000 29.534997 9.634361 -0.001626 1.366415
13.699000 29.546825 9.688651 -0.001578 1.365968
13.719000 29.558816 9.742771 -0.001613 1.365162
13.739000 29.570543 9.797052 -0.001640 1.364709
13.759000 29.582569 9.851267 -0.001651 1.363874
13.779000 29.597275 9.904855 -0.001649 1.360473
13.799000 29.613326 9.958111 -0.001646 1.355789
13.819000 29.627716 10.011762 -0.001650 1.353180
13.839000 29.639393 10.066028 -0.001603 1.353285
13.859000 29.650199 10.120548 -0.001614 1.354573
13.879000 29.659890 10.175319 -0.001638 1.356929
13.899000 29.669757 10.230069 -0.001651 1.359021
13.919000 29.678034 10.284943 -0.001648 1.362865
13.939000 29.682984 10.340288 -0.001459 1.369488
13.959000 29.686480 10.396012 -0.001356 1.377354
13.979000 29.691678 10.451636 -0.001505 1.383214
13.999000 29.698626 10.507015 -0.001597 1.386994
14.019000 29.706615 10.562102 -0.001636 1.389230
14.039000 29.715675 10.616943 -0.001649 1.390320
14.059000 29.724450 10.671842 -0.001655 1.391458
14.079000 29.735508 10.726323 -0.001654 1.390371
14.099000 29.747033 10.780595 -0.001654 1.388723
14.119000 29.759638 10.834605 -0.001655 1.385813
14.139000 29.775161 10.887982 -0.001608 1.380321
14.159000 29.791804 10.941138 -0.001616 1.373878
14.179000 29.807112 10.994693 -0.001640 1.369041
14.199000 29.822194 11.048264 -0.001651 1.364830
14.219000 29.835808 11.101775 -0.001609 1.363075
14.239000 29.846160 11.155868 -0.001427 1.364417
14.259000 29.853953 11.210508 -0.001344 1.368073
14.279000 29.859347 11.265749 -0.001354 1.374027
14.299000 29.862734 11.321541 -0.001328 1.381730
14.319000 29.864824 11.377623 -0.001433 1.390524
14.339000 29.866497 11.433902 -0.001566 1.399270
14.359000 29.869041 11.490154 -0.001626 1.406543
14.379000 29.874159 11.546052 -0.001599 1.410720
14.399000 29.880931 11.601376 -0.001553 1.413231
14.419000 29.889411 11.656349 -0.001575 1.413156
14.439000 29.900873 11.710726 -0.001409 1.410362
14.459000 29.913638 11.764834 -0.001411 1.406484
14.479000 29.927204 11.818745 -0.001544 1.401793
14.499000 29.940525 11.872694 -0.001617 1.397523
14.519000 29.955220 11.926143 -0.001643 1.391709
14.539000 29.972591 11.979014 -0.001633 1.383836
14.559000 29.990621 12.031547 -0.001639 1.375900
14.579000 30.005732 12.084649 -0.001521 1.372246
14.599000 30.017922 12.138502 -0.001391 1.370931
14.619000 30.027796 12.192375 -0.001402 1.372849
14.639000 30.034949 12.246400 -0.001465 1.377328
14.659000 30.039325 12.301030 -0.001399 1.384123
14.679000 30.041230 12.356151 -0.001387 1.393137
14.699000 30.040695 12.412058 -0.001355 1.403876
14.719000 30.038432 12.468319 -0.001352 1.415648
14.739000 30.036841 12.524923 -0.001514 1.426232
14.759000 30.037031 12.581523 -0.001604 1.434370
14.779000 30.040373 12.637795 -0.001531 1.438389
14.799000 30.046400 12.693677 -0.001428 1.439519
14.819000 30.055000 12.748941 -0.001408 1.437458
14.839000 30.066423 12.803365 -0.001474 1.432582
14.859000 30.081067 12.856796 -0.001443 1.425036
14.879000 30.098697 12.909427 -0.001365 1.415036
14.899000 30.118855 12.961545 -0.001302 1.402976
14.919000 30.138347 13.013671 -0.001407 1.392893
14.939000 30.155089 13.066427 -0.001510 1.386346
14.959000 30.169222 13.119843 -0.001462 1.382809
14.979000 30.181936 13.173598 -0.002088 1.382323
14.999000 30.192540 13.227919 -0.002224 1.384254
15.019000 30.201623 13.283323 -0.002764 1.388540
15.039000 30.208493 13.339025 -0.003969 1.394990
15.059000 30.212495 13.393978 -0.005312 1.403792
15.079000 30.210581 13.446230 -0.003965 1.415161
15.099000 30.205564 13.496615 -0.002294 1.427213
15.119000 30.201668 13.548110 -0.001443 1.439189
15.139000 30.199305 13.599933 -0.001468 1.449363
15.159000 30.198782 13.652036 -0.001480 1.456027
15.179000 30.200720 13.703076 -0.001533 1.459322
15.199000 30.205678 13.753347 -0.001540 1.459840
15.219000 30.213384 13.802227 -0.001483 1.457092
15.239000 30.224051 13.849832 -0.001457 1.451575
15.259000 30.237621 13.896709 -0.001443 1.443553
15.279000 30.253880 13.943817 -0.001404 1.433227
15.299000 30.272863 13.991277 -0.001366 1.420708
15.319000 30.291714 14.038269 -0.001492 1.410080
15.339000 30.308859 14.085491 -0.002402 1.402795
15.359000 30.323480 14.132485 -0.003253 1.398896
15.379000 30.335745 14.178857 -0.004539 1.397423
15.399000 30.345573 14.224553 -0.006120 1.398469
15.419000 30.351695 14.268346 -0.006409 1.401866
15.439000 30.351793 14.309173 -0.003068 1.407177
15.459000 30.352981 14.350418 -0.001471 1.413046
15.479000 30.353703 14.392422 -0.001308 1.419161
15.499000 30.353236 14.434633 -0.001356 1.426417
15.519000 30.351823 14.477377 -0.001393 1.434899
15.539000 30.349442 14.521173 -0.001404 1.444177
15.559000 30.345945 14.565940 -0.001405 1.454081
15.579000 30.341127 14.610939 -0.001408 1.464821
15.599000 30.334970 14.656022 -0.001411 1.476450
15.619000 30.327220 14.700480 -0.001412 1.489175
15.639000 30.317735 14.744395 -0.001410 1.502651
15.659000 30.308391 14.788019 -0.001038 1.515408
15.679000 30.302420 14.831785 -0.000843 1.524495
15.699000 30.297696 14.876018 -0.002176 1.531849
15.719000 30.294238 14.919113 -0.001529 1.536842
15.739000 30.291397 14.962303 -0.001715 1.540680
15.759000 30.289630 15.005580 -0.001655 1.543214
15.779000 30.289254 15.048859 -0.001703 1.544229
15.799000 30.290352 15.091989 -0.001619 1.543773
15.819000 30.292691 15.135334 -0.001638 1.542076
15.839000 30.296190 15.178890 -0.001555 1.539352
15.859000 30.300954 15.222902 -0.001497 1.535618
15.879000 30.307438 15.267335 -0.001401 1.531116
15.899000 30.315120 15.311796 -0.001392 1.525364
15.919000 30.324147 15.357628 -0.001465 1.518447
15.939000 30.335689 15.404419 -0.001353 1.509188
15.959000 30.349224 15.452326 -0.001298 1.498466
15.979000 30.361367 15.502686 -0.001444 1.490177
15.999000 30.371430 15.555493 -0.001368 1.484318
16.019000 30.381161 15.609368 -0.001409 1.478882
16.039000 30.393488 15.663145 -0.001544 1.471398
16.059000 30.407922 15.716813 -0.001600 1.462077
16.079000 30.424490 15.770059 -0.001630 1.451072
16.099000 30.441786 15.823533 -0.001645 1.439924
16.119000 30.457501 15.877250 -0.001673 1.431667
16.139000 30.471300 15.931189 -0.002383 1.426428
16.159000 30.482670 15.984852 -0.003300 1.424176
16.179000 30.491643 16.037793 -0.004574 1.424479
16.199000 30.498170 16.089970 -0.006140 1.427285
16.219000 30.501369 16.140045 -0.006840 1.432394
16.239000 30.497922 16.185555 -0.003399 1.440607
16.259000 30.494682 16.229862 -0.001422 1.450105
16.279000 30.490711 16.274284 -0.001209 1.459760
16.299000 30.485192 16.318516 -0.001235 1.470468
16.319000 30.477929 16.362737 -0.000363 1.483890
16.339000 30.470828 16.407610 -0.001392 1.497020
16.359000 30.465989 16.455233 -0.001947 1.506046
16.379000 30.464429 16.504215 -0.001637 1.511247
16.399000 30.464860 16.554658 -0.001491 1.514237
16.419000 30.467421 16.604508 -0.001470 1.514130
16.439000 30.472582 16.653068 -0.001496 1.510904
16.459000 30.480932 16.700467 -0.001490 1.505214
16.479000 30.492107 16.746909 -0.001453 1.496882
16.499000 30.505916 16.793130 -0.001410 1.486233
16.519000 30.519530 16.838424 -0.001465 1.477412
16.539000 30.530962 16.882756 -0.001882 1.471472
16.559000 30.539829 16.925989 -0.002088 1.467973
16.579000 30.546942 16.968330 -0.002234 1.466258
16.599000 30.551833 17.009375 -0.002358 1.465546
16.619000 30.554944 17.049283 -0.002475 1.465549
16.639000 30.557108 17.088248 -0.002610 1.467091
16.659000 30.558802 17.127654 -0.002847 1.469470
16.679000 30.559419 17.167976 -0.002969 1.472726
16.699000 30.559071 17.208980 -0.002784 1.477514
16.719000 30.557584 17.250923 -0.002252 1.484082
16.739000 30.553493 17.293875 -0.001224 1.493526
16.759000 30.548256 17.338355 -0.001249 1.503435
16.779000 30.544592 17.384953 -0.001452 1.510952
16.799000 30.543105 17.433822 -0.001384 1.515806
16.819000 30.543990 17.482900 -0.001422 1.517948
16.839000 30.547387 17.531975 -0.001515 1.517411
16.859000 30.553168 17.581608 -0.001479 1.514244
16.879000 30.561574 17.630450 -0.001457 1.508204
16.899000 30.572674 17.679322 -0.001439 1.499956
16.919000 30.583315 17.727529 -0.001469 1.493564
16.939000 30.591669 17.775071 -0.001828 1.489851
16.959000 30.597474 17.821615 -0.001981 1.488898
16.979000 30.600690 17.866686 -0.002152 1.490285
16.999000 30.601084 17.910153 -0.002352 1.493529
17.019000 30.598511 17.951321 -0.002486 1.498985
17.039000 30.593432 17.990473 -0.002610 1.506394
17.059000 30.587910 18.028729 -0.002555 1.514313
17.079000 30.585393 18.067231 -0.001972 1.519888
17.099000 30.583797 18.105354 -0.001724 1.523830
17.119000 30.583334 18.143679 -0.001606 1.526178
17.139000 30.584306 18.182668 -0.001543 1.527200
17.159000 30.586933 18.222388 -0.001580 1.526440
17.179000 30.590990 18.263625 -0.001533 1.524574
17.199000 30.596509 18.306032 -0.001490 1.521338
17.219000 30.603780 18.349737 -0.001439 1.516511
17.239000 30.613239 18.394727 -0.001399 1.509670
17.259000 30.623356 18.441478 -0.001522 1.502558
17.279000 30.631342 18.490671 -0.001566 1.498051
17.299000 30.637695 18.542166 -0.001535 1.495556
17.319000 30.641742 18.593403 -0.001578 1.496262
17.339000 30.642628 18.643976 -0.001536 1.499725
17.359000 30.640948 18.694214 -0.001474 1.505881
17.379000 30.636554 18.743329 -0.001471 1.514780
17.399000 30.629232 18.791945 -0.001451 1.525845
17.419000 30.622056 18.840101 -0.001493 1.535296
17.439000 30.616616 18.888230 -0.002204 1.542026
17.459000 30.613613 18.935618 -0.002914 1.545764
17.479000 30.613281 18.981472 -0.003831 1.546612
17.499000 30.615211 19.026155 -0.005256 1.545167
17.519000 30.619365 19.069948 -0.007068 1.541509
17.539000 30.626620 19.112327 -0.008359 1.534853
17.559000 30.637340 19.153416 -0.008917 1.525232
17.579000 30.651011 19.194283 -0.009093 1.513303
17.599000 30.667514 19.234682 -0.009124 1.499017
17.619000 30.689606 19.276107 -0.005076 1.479996
17.639000 30.715700 19.317899 -0.000163 1.457164
17.659000 30.740830 19.359986 0.001213 1.436136
17.679000 30.765724 19.401839 0.000373 1.416615
17.699000 30.789748 19.443691 -0.001627 1.399895
17.719000 30.810309 19.484990 -0.001831 1.388740
17.739000 30.828478 19.525627 -0.002007 1.380420
17.759000 30.844075 19.565157 -0.002226 1.374457
17.779000 30.857625 19.603903 -0.002406 1.370979
17.799000 30.869045 19.641671 -0.002501 1.369019
17.819000 30.878386 19.677858 -0.002527 1.367738
17.839000 30.885554 19.712513 -0.002516 1.367198
17.859000 30.890825 19.745798 -0.002634 1.367511
17.879000 30.894402 19.777638 -0.002847 1.369044
17.899000 30.896951 19.808218 -0.002937 1.372433
17.919000 30.897988 19.837270 -0.003092 1.376972
17.939000 30.897179 19.864840 -0.003245 1.382234
17.959000 30.895126 19.890733 -0.003353 1.388884
17.979000 30.891680 19.914670 -0.003394 1.396868
17.999000 30.886920 19.937046 -0.003376 1.405856
18.019000 30.881750 19.960154 -0.003320 1.414361
18.039000 30.876930 19.984153 -0.003234 1.423085
18.059000 30.872205 20.008922 -0.003154 1.431925
18.079000 30.867828 20.035306 -0.003087 1.440574
18.099000 30.863557 20.063078 -0.003031 1.448998
18.119000 30.859656 20.092391 -0.002986 1.457280
18.139000 30.856355 20.123448 -0.002940 1.465490
18.159000 30.853070 20.156279 -0.002894 1.472977
18.179000 30.850313 20.190982 -0.002849 1.480154
18.199000 30.847864 20.227618 -0.002800 1.486714
18.219000 30.845007 20.265545 -0.002536 1.493905
18.239000 30.838608 20.303285 -0.001321 1.505327
18.259000 30.831551 20.343282 -0.001235 1.516344
18.279000 30.826198 20.385499 -0.001433 1.524973
18.299000 30.823005 20.430030 -0.001393 1.530849
18.319000 30.821806 20.476728 -0.001327 1.534346
18.339000 30.822219 20.525445 -0.001377 1.535976
18.359000 30.822311 20.575797 -0.001531 1.537942
18.379000 30.819494 20.627243 -0.001479 1.542730
18.399000 30.814445 20.680038 -0.001368 1.549584
18.419000 30.809431 20.732708 -0.001435 1.555187
18.439000 30.806224 20.785141 -0.001967 1.558372
18.459000 30.805271 20.837371 -0.002678 1.558982
18.479000 30.807116 20.888253 -0.003530 1.556752
18.499000 30.811731 20.937726 -0.004739 1.552214
18.519000 30.818633 20.986265 -0.006457 1.545638
18.539000 30.828298 21.033621 -0.008018 1.536477
18.559000 30.841522 21.079338 -0.008762 1.524095
18.579000 30.858091 21.123965 -0.009026 1.509093
18.599000 30.877656 21.167590 -0.009157 1.491710
18.619000 30.894974 21.211990 -0.005802 1.479152
18.639000 30.904186 21.256065 -0.002376 1.476112
18.659000 30.912136 21.301651 -0.000999 1.474128
18.679000 30.919551 21.348523 -0.001252 1.472841
18.699000 30.924873 21.396700 -0.001499 1.473636
18.719000 30.927865 21.445813 -0.001544 1.476782
18.739000 30.928545 21.496028 -0.001490 1.481939
18.759000 30.927023 21.547139 -0.001448 1.489151
18.779000 30.922809 21.597967 -0.001456 1.498615
18.799000 30.916047 21.649221 -0.001433 1.510023
18.819000 30.906580 21.700002 -0.001392 1.523725
18.839000 30.895066 21.750784 -0.001421 1.538522
18.859000 30.881543 21.801347 -0.001483 1.554203
18.879000 30.866228 21.851587 -0.001507 1.570824
18.899000 30.849213 21.901642 -0.001509 1.588315
18.919000 30.832990 21.951417 -0.001596 1.603113
18.939000 30.818824 22.001410 -0.002441 1.615125
18.959000 30.807429 22.050694 -0.003229 1.623968
18.979000 30.798149 22.099008 -0.004450 1.630193
18.999000 30.791000 22.146377 -0.006051 1.633759
19.019000 30.786281 22.192839 -0.007796 1.634529
19.039000 30.784731 22.238274 -0.008844 1.631881
19.059000 30.786347 22.282625 -0.009175 1.625713
19.079000 30.790919 22.325922 -0.009198 1.616490
19.099000 30.798539 22.368154 -0.009190 1.604841
19.119000 30.809161 22.409826 -0.009222 1.591352
19.139000 30.822752 22.450798 -0.009271 1.575907
19.159000 30.839217 22.491014 -0.009324 1.558856
19.179000 30.858029 22.531610 -0.009544 1.540396
19.199000 30.878812 22.572947 -0.010030 1.520583
19.219000 30.906028 22.612934 -0.005642 1.495411
19.239000 30.938654 22.651818 -0.000302 1.464888
19.259000 30.970252 22.692119 0.000908 1.436813
19.279000 31.001909 22.732233 -0.000109 1.410459
19.299000 31.032022 22.771994 -0.001673 1.387556
19.319000 31.058941 22.811309 -0.001823 1.370373
19.339000 31.084233 22.851160 -0.002475 1.356885
19.359000 31.107803 22.890843 -0.003574 1.346774
19.379000 31.129720 22.930126 -0.004966 1.340250
19.399000 31.149746 22.968787 -0.006580 1.337076
19.419000 31.167506 23.006949 -0.008402 1.336800
19.439000 31.182457 23.044666 -0.009943 1.339437
19.459000 31.193952 23.081766 -0.010688 1.345215
19.479000 31.202084 23.118297 -0.010827 1.353869
19.499000 31.207164 23.154452 -0.010678 1.365034
19.519000 31.209453 23.190728 -0.010494 1.378088
19.539000 31.208987 23.226835 -0.010356 1.393156
19.559000 31.205642 23.262940 -0.010247 1.409875
19.579000 31.199432 23.299129 -0.010167 1.427978
19.599000 31.190634 23.335472 -0.010219 1.447055
19.619000 31.178459 23.371814 -0.009422 1.468143
19.639000 31.161418 23.408090 -0.006920 1.493867
19.659000 31.141600 23.446305 -0.003921 1.519674
19.679000 31.121560 23.487094 -0.001868 1.542309
19.699000 31.098920 23.527819 0.000276 1.566713
19.719000 31.075065 23.567876 -0.000044 1.591759
19.739000 31.051720 23.610323 -0.001452 1.614332
19.759000 31.030643 23.654541 -0.001632 1.632790
19.779000 31.011292 23.698713 -0.002252 1.647721
19.799000 30.994515 23.742671 -0.002997 1.659624
19.819000 30.979743 23.785745 -0.004147 1.668624
19.839000 30.966761 23.827935 -0.005667 1.674517
19.859000 30.955929 23.869308 -0.007451 1.677499
19.879000 30.947771 23.909839 -0.008819 1.676993
19.899000 30.942932 23.949446 -0.009343 1.672959
19.919000 30.941215 23.988189 -0.009413 1.665847
19.939000 30.942321 24.026067 -0.009384 1.655975
19.959000 30.946326 24.062992 -0.009392 1.643699
19.979000 30.953361 24.098837 -0.009440 1.629202
19.999000 30.963535 24.133452 -0.009499 1.612577
20.019000 30.976903 24.168597 -0.009568 1.595504
20.039000 30.993097 24.203802 -0.009703 1.577601
20.059000 31.011424 24.238957 -0.009956 1.559000
20.079000 31.033649 24.273369 -0.008440 1.535882
20.099000 31.062385 24.306368 -0.003823 1.507290
20.119000 31.089421 24.341023 -0.001357 1.483068
20.139000 31.115188 24.377689 -0.001214 1.460443
20.159000 31.139361 24.415655 -0.001457 1.440487
20.179000 31.161521 24.453222 -0.001581 1.424572
20.199000 31.181756 24.491245 -0.001618 1.412046
20.219000 31.200215 24.528835 -0.001662 1.403039
20.239000 31.216478 24.565724 -0.001922 1.396506
20.259000 31.230340 24.601847 -0.002074 1.392512
20.279000 31.242485 24.637213 -0.002203 1.390624
20.299000 31.252527 24.672016 -0.002340 1.389911
20.319000 31.260616 24.704996 -0.002393 1.390407
20.339000 31.266597 24.736696 -0.002537 1.391348
20.359000 31.270596 24.767151 -0.002776 1.393014
20.379000 31.272727 24.796043 -0.002904 1.395876
20.399000 31.273388 24.823954 -0.002986 1.399747
20.419000 31.272334 24.849767 -0.003120 1.405057
20.439000 31.269603 24.873980 -0.003238 1.411229
20.459000 31.266058 24.896889 -0.003297 1.418692
20.479000 31.261890 24.919485 -0.003292 1.426628
20.499000 31.257277 24.942018 -0.003253 1.434835
20.519000 31.252997 24.965765 -0.003201 1.442982
20.539000 31.249043 24.990977 -0.003148 1.451071
20.559000 31.245165 25.017772 -0.003106 1.458721
20.579000 31.241780 25.046296 -0.003073 1.466195
20.599000 31.238511 25.076369 -0.003044 1.473206
20.619000 31.235873 25.108529 -0.003015 1.479814
20.639000 31.233617 25.142557 -0.002982 1.485916
20.659000 31.231531 25.178502 -0.002947 1.491554
20.679000 31.228628 25.215652 -0.002789 1.498179
20.699000 31.224884 25.253758 -0.002577 1.505713
20.719000 31.220454 25.292861 -0.002386 1.514233
20.739000 31.213912 25.333140 -0.002044 1.524418
20.759000 31.207210 25.375653 -0.001696 1.534012
20.779000 31.202794 25.420285 -0.001508 1.540701
20.799000 31.200387 25.466923 -0.001385 1.544901
20.819000 31.199465 25.515603 -0.001388 1.547296
20.839000 31.197961 25.566109 -0.001534 1.550185
20.859000 31.194172 25.617891 -0.001612 1.555356
20.879000 31.187153 25.670255 -0.001465 1.563457
20.899000 31.177866 25.723720 -0.001322 1.573490
20.919000 31.169147 25.776893 -0.001417 1.582235
20.939000 31.162266 25.829976 -0.002191 1.588534
20.959000 31.157566 25.882649 -0.002964 1.591560
20.979000 31.155561 25.933958 -0.003899 1.591524
20.999000 31.155983 25.984224 -0.005295 1.589193
21.019000 31.158771 26.033691 -0.007091 1.584810
21.039000 31.164653 26.081943 -0.008485 1.577663
21.059000 31.174138 26.128644 -0.009111 1.567402
21.079000 31.187076 26.173738 -0.009259 1.554236
21.099000 31.203208 26.217282 -0.009262 1.538517
21.119000 31.220887 26.261706 -0.009640 1.522290
21.139000 31.247080 26.302498 -0.003361 1.496669
21.159000 31.271142 26.344020 -0.001484 1.474798
21.179000 31.292138 26.385896 -0.001442 1.457007
21.199000 31.311320 26.427986 -0.001557 1.442910
21.219000 31.328738 26.469879 -0.001634 1.432583
21.239000 31.344018 26.511293 -0.001895 1.424938
21.259000 31.356665 26.551757 -0.002121 1.419882
21.279000 31.366518 26.590662 -0.002372 1.417046
21.299000 31.373177 26.627803 -0.002577 1.416019
21.319000 31.376600 26.662795 -0.002606 1.417078
21.339000 31.377638 26.695796 -0.002737 1.420217
21.359000 31.377978 26.727688 -0.002485 1.425156
21.379000 31.377175 26.758254 -0.002687 1.430669
21.399000 31.374848 26.787829 -0.002833 1.437036
21.419000 31.370916 26.815802 -0.002982 1.444820
21.439000 31.365572 26.842207 -0.003079 1.453808
21.459000 31.359030 26.867315 -0.003126 1.463718
21.479000 31.351533 26.891256 -0.003159 1.474175
21.499000 31.343724 26.914882 -0.003180 1.484736
21.519000 31.336264 26.939732 -0.003171 1.494854
21.539000 31.329068 26.966047 -0.003115 1.504567
21.559000 31.321856 26.993384 -0.003033 1.514044
21.579000 31.314926 27.022191 -0.002977 1.523118
21.599000 31.308159 27.052124 -0.002956 1.531758
21.619000 31.301166 27.083253 -0.002950 1.540118
21.639000 31.293456 27.115298 -0.002986 1.549312
21.659000 31.284874 27.148118 -0.003111 1.559133
21.679000 31.277043 27.182529 -0.003003 1.568292
21.699000 31.268152 27.218658 -0.002000 1.577506
21.719000 31.262358 27.255196 -0.001762 1.583086
21.739000 31.259075 27.290373 -0.001754 1.586045
21.759000 31.257542 27.324792 -0.001528 1.587023
21.779000 31.257845 27.358744 -0.001526 1.585895
21.799000 31.259764 27.392429 -0.001417 1.583124
21.819000 31.263137 27.426122 -0.001362 1.579053
21.839000 31.267849 27.460059 -0.001390 1.573870
21.859000 31.273868 27.494217 -0.001461 1.567552
21.879000 31.281241 27.528655 -0.001501 1.560103
21.899000 31.289893 27.563649 -0.001508 1.551522
21.919000 31.299998 27.599098 -0.001505 1.541760
21.939000 31.311637 27.634992 -0.001497 1.530832
21.959000 31.323596 27.671078 -0.001496 1.520323
21.979000 31.332499 27.706548 -0.001556 1.513715
21.999000 31.338709 27.741555 -0.001559 1.510086
22.019000 31.342368 27.775614 -0.001523 1.509501
22.039000 31.343335 27.808633 -0.001499 1.511669
22.059000 31.341608 27.840765 -0.001467 1.516520
22.079000 31.337066 27.871743 -0.001417 1.524126
22.099000 31.329798 27.902225 -0.001358 1.533944
22.119000 31.320748 27.933621 -0.001402 1.544882
22.139000 31.311322 27.966431 -0.001462 1.555568
22.159000 31.302164 28.000068 -0.001499 1.565216
22.179000 31.294450 28.033552 -0.001671 1.572528
22.199000 31.288178 28.066519 -0.001806 1.578022
22.219000 31.283608 28.099036 -0.002019 1.581503
22.239000 31.280507 28.130582 -0.002182 1.584056
22.259000 31.278702 28.160741 -0.002270 1.585797
22.279000 31.278072 28.189448 -0.002519 1.586132
22.299000 31.278748 28.216626 -0.002757 1.585112
22.319000 31.280582 28.242246 -0.002933 1.582857
22.339000 31.283539 28.266482 -0.003049 1.579536
22.359000 31.287655 28.289460 -0.003121 1.575291
22.379000 31.293702 28.311491 -0.003136 1.569784
22.399000 31.300804 28.333628 -0.002939 1.562439
22.419000 31.309206 28.356108 -0.002363 1.553272
22.439000 31.319770 28.379202 -0.001850 1.542692
22.459000 31.330342 28.404123 -0.001488 1.532522
22.479000 31.338785 28.430631 -0.001429 1.524895
22.499000 31.344963 28.458405 -0.001379 1.519614
22.519000 31.350556 28.486361 -0.001472 1.515061
22.539000 31.357734 28.513942 -0.001584 1.509272
22.559000 31.365140 28.541050 -0.001633 1.503594
22.579000 31.369324 28.567412 -0.001543 1.501576
22.599000 31.370807 28.593707 -0.001434 1.502203
22.619000 31.369749 28.619299 -0.001403 1.505654
22.639000 31.366117 28.644639 -0.001393 1.511450
22.659000 31.360561 28.670586 -0.001344 1.519102
22.679000 31.353582 28.696733 -0.001416 1.527706
22.699000 31.345435 28.723233 -0.001456 1.537388
22.719000 31.337890 28.749669 -0.001525 1.545235
22.739000 31.331862 28.776041 -0.001655 1.551343
22.759000 31.327145 28.801885 -0.001573 1.555862
22.779000 31.323421 28.827413 -0.001576 1.559293
22.799000 31.320758 28.852983 -0.001515 1.561367
22.819000 31.319014 28.878936 -0.001504 1.562391
22.839000 31.318083 28.905313 -0.001467 1.562545
22.859000 31.317881 28.931748 -0.001454 1.562240
22.879000 31.318834 28.956497 -0.001528 1.561434
22.899000 31.319763 28.979400 -0.001604 1.560450
22.919000 31.319796 29.000443 -0.001638 1.560408
22.939000 31.319600 29.019626 -0.001650 1.560613
22.959000 31.319525 29.036951 -0.001655 1.560694
22.979000 31.319587 29.052420 -0.001656 1.560630
22.999000 31.319711 29.066032 -0.001656 1.560499
23.019000 31.319791 29.077791 -0.001656 1.560414
23.039000 31.319839 29.087696 -0.001657 1.560364
23.059000 31.319864 29.095747 -0.001657 1.560337
23.079000 31.319884 29.101944 -0.001656 1.560316
23.099000 31.319912 29.106287 -0.001656 1.560288
23.119000 31.319934 29.108794 -0.001656 1.560271
23.139000 31.319947 29.109852 -0.001656 1.560269
23.159000 31.319953 29.109915 -0.001656 1.560266
23.179000 31.319973 29.109911 -0.001656 1.560246
23.199000 31.319990 29.109913 -0.001656 1.560228
23.219000 31.320005 29.109914 -0.001656 1.560213
23.239000 31.320017 29.109915 -0.001656 1.560201
23.259000 31.320027 29.109917 -0.001656 1.560190
23.279000 31.320036 29.109919 -0.001656 1.560180
23.299000 31.320043 29.109920 -0.001656 1.560173
23.319000 31.320049 29.109922 -0.001655 1.560166
23.339000 31.320054 29.109923 -0.001655 1.560161
23.359000 31.320059 29.109925 -0.001655 1.560156
23.379000 31.320062 29.109927 -0.001655 1.560153
23.399000 31.320065 29.109928 -0.001655 1.560149
23.419000 31.320068 29.109930 -0.001655 1.560147
23.439000 31.320070 29.109931 -0.001655 1.560145
23.459000 31.320072 29.109933 -0.001655 1.560143
23.479000 31.320073 29.109935 -0.001655 1.560141
23.499000 31.320075 29.109936 -0.001655 1.560140
23.519000 31.320076 29.109938 -0.001655 1.560139
23.539000 31.320076 29.109940 -0.001655 1.560138
23.559000 31.320077 29.109941 -0.001655 1.560137
23.579000 31.320078 29.109943 -0.001655 1.560136
23.599000 31.320078 29.109945 -0.001655 1.560136
23.619000 31.320079 29.109946 -0.001655 1.560135
23.639000 31.320079 29.109948 -0.001655 1.560135
23.659000 31.320080 29.109950 -0.001655 1.560135
23.679000 31.320080 29.109952 -0.001655 1.560134
23.699000 31.320080 29.109953 -0.001655 1.560134
23.719000 31.320080 29.109955 -0.001655 1.560134
23.739000 31.320080 29.109957 -0.001655 1.560134
23.759000 31.320081 29.109958 -0.001655 1.560134
23.779000 31.320081 29.109960 -0.001655 1.560134
23.799000 31.320081 29.109962 -0.001655 1.560134
23.819000 31.320081 29.109963 -0.001655 1.560134
23.839000 31.320081 29.109965 -0.001655 1.560133
23.859000 31.320081 29.109967 -0.001655 1.560133
23.879000 31.320081 29.109968 -0.001655 1.560133
23.899000 31.320081 29.109970 -0.001655 1.560133
23.919000 31.320081 29.109972 -0.001655 1.560133
23.939000 31.320081 29.109973 -0.001655 1.560133
23.959000 31.320081 29.109975 -0.001655 1.560133
23.979000 31.320081 29.109977 -0.001655 1.560133
23.999000 31.320081 29.109978 -0.001655 1.560133
24.019000 31.320081 29.109980 -0.001655 1.560133
24.039000 31.320081 29.109982 -0.001655 1.560133
24.059000 31.320081 29.109983 -0.001655 1.560133
24.079000 31.320081 29.109985 -0.001655 1.560133
24.099000 31.320081 29.109987 -0.001655 1.560133
24.119000 31.320081 29.109989 -0.001655 1.560133
24.139000 31.320082 29.109990 -0.001655 1.560133
24.159000 31.320082 29.109992 -0.001655 1.560133
24.179000 31.320082 29.109994 -0.001655 1.560133
24.199000 31.320082 29.109995 -0.001655 1.560133
24.219000 31.320082 29.109997 -0.001655 1.560133
24.239000 31.320082 29.109999 -0.001655 1.560133
24.259000 31.320082 29.110000 -0.001655 1.560133
24.279000 31.320082 29.110002 -0.001655 1.560133
24.299000 31.320082 29.110004 -0.001655 1.560133
24.319000 31.320082 29.110005 -0.001655 1.560133
24.339000 31.320082 29.110007 -0.001655 1.560133
24.359000 31.320082 29.110009 -0.001655 1.560133
24.379000 31.320082 29.110010 -0.001655 1.560133
24.399000 31.320082 29.110012 -0.001655 1.560133
24.419000 31.320082 29.110014 -0.001655 1.560133
24.439000 31.320082 29.110015 -0.001655 1.560133
24.459000 31.320082 29.110017 -0.001655 1.560133
24.479000 31.320082 29.110019 -0.001655 1.560133
24.499000 31.320082 29.110021 -0.001655 1.560133
24.519000 31.320082 29.110022 -0.001655 1.560133
24.539000 31.320082 29.110024 -0.001655 1.560133
24.559000 31.320082 29.110026 -0.001655 1.560133
24.579000 31.320082 29.110027 -0.001655 1.560133
24.599000 31.320082 29.110029 -0.001655 1.560133
24.619000 31.320082 29.110031 -0.001655 1.560133
24.639000 31.320082 29.110032 -0.001655 1.560133
24.659000 31.320082 29.110034 -0.001655 1.560133
24.679000 31.320082 29.110036 -0.001655 1.560133
24.699000 31.320082 29.110037 -0.001655 1.560133
24.719000 31.320082 29.110039 -0.001655 1.560133
24.739000 31.320082 29.110041 -0.001655 1.560133
24.759000 31.320082 29.110042 -0.001655 1.560133
24.779000 31.320082 29.110044 -0.001655 1.560133
24.799000 31.320082 29.110046 -0.001655 1.560133
24.819000 31.320082 29.110047 -0.001655 1.560133
24.839000 31.320082 29.110049 -0.001655 1.560133
24.859000 31.320082 29.110051 -0.001655 1.560133
24.879000 31.320082 29.110053 -0.001655 1.560133
24.899000 31.320082 29.110054 -0.001655 1.560133
24.919000 31.320082 29.110056 -0.001655 1.560133
24.939000 31.320082 29.110058 -0.001655 1.560133
24.959000 31.320082 29.110059 -0.001655 1.560133
24.979000 31.320082 29.110061 -0.001655 1.560133
24.999000 31.320082 29.110063 -0.001655 1.560133
25.019000 31.320082 29.110064 -0.001655 1.560133
25.039000 31.320082 29.110066 -0.001655 1.560133
25.059000 31.320082 29.110068 -0.001655 1.560133
25.079000 31.320082 29.110069 -0.001655 1.560133
25.099000 31.320082 29.110071 -0.001655 1.560133
25.119000 31.320082 29.110073 -0.001656 1.560133
25.139000 31.320082 29.110074 -0.001656 1.560133
25.159000 31.320082 29.110076 -0.001656 1.560133
25.179000 31.320082 29.110078 -0.001656 1.560133
25.199000 31.320083 29.110079 -0.001656 1.560133
25.219000 31.320083 29.110081 -0.001656 1.560133
25.239000 31.320083 29.110083 -0.001656 1.560133
25.259000 31.320083 29.110085 -0.001656 1.560133
25.279000 31.320083 29.110086 -0.001656 1.560133
25.299000 31.320083 29.110088 -0.001656 1.560133
25.319000 31.320083 29.110090 -0.001656 1.560133
25.339000 31.320083 29.110091 -0.001656 1.560133
25.359000 31.320083 29.110093 -0.001656 1.560133
25.379000 31.320083 29.110095 -0.001656 1.560133
25.399000 31.320083 29.110096 -0.001656 1.560133
25.419000 31.320083 29.110098 -0.001656 1.560133
25.439000 31.320083 29.110100 -0.001656 1.560133
25.459000 31.320083 29.110101 -0.001656 1.560133
25.479000 31.320083 29.110103 -0.001656 1.560133
25.499000 31.320083 29.110105 -0.001656 1.560133
25.519000 31.320083 29.110106 -0.001656 1.560133
25.539000 31.320083 29.110108 -0.001656 1.560133
25.559000 31.320083 29.110110 -0.001656 1.560133
25.579000 31.320083 29.110112 -0.001656 1.560133
25.599000 31.320083 29.110113 -0.001656 1.560133
25.619000 31.320083 29.110115 -0.001656 1.560133
25.639000 31.320083 29.110117 -0.001656 1.560133
25.659000 31.320083 29.110118 -0.001656 1.560133
25.679000 31.320083 29.110120 -0.001656 1.560133
25.699000 31.320083 29.110122 -0.001656 1.560133
25.719000 31.320083 29.110123 -0.001656 1.560133
25.739000 31.320083 29.110125 -0.001656 1.560133
25.759000 31.320083 29.110127 -0.001656 1.560133
25.779000 31.320083 29.110128 -0.001656 1.560133
25.799000 31.320083 29.110130 -0.001656 1.560133
25.819000 31.320083 29.110132 -0.001656 1.560133
25.839000 31.320083 29.110133 -0.001656 1.560133
25.859000 31.320083 29.110135 -0.001656 1.560133
25.879000 31.320083 29.110137 -0.001656 1.560133
25.899000 31.320083 29.110138 -0.001656 1.560133
25.919000 31.320083 29.110140 -0.001656 1.560133
25.939000 31.320083 29.110142 -0.001656 1.560133
25.959000 31.320083 29.110144 -0.001656 1.560133
25.979000 31.320083 29.110145 -0.001656 1.560133
25.999000 31.320083 29.110147 -0.001656 1.560133
26.019000 31.320083 29.110149 -0.001656 1.560133
26.039000 31.320083 29.110150 -0.001656 1.560133
26.059000 31.320083 29.110152 -0.001656 1.560133
26.079000 31.320083 29.110154 -0.001656 1.560133
26.099000 31.320083 29.110155 -0.001656 1.560133
26.119000 31.320083 29.110157 -0.001656 1.560133
26.139000 31.320083 29.110159 -0.001656 1.560133
26.159000 31.320083 29.110160 -0.001656 1.560133
26.179000 31.320083 29.110162 -0.001656 1.560133
26.199000 31.320083 29.110164 -0.001656 1.560133
26.219000 31.320083 29.110165 -0.001656 1.560133
26.239000 31.320083 29.110167 -0.001656 1.560133
26.259000 31.320083 29.110169 -0.001656 1.560133
26.279000 31.320083 29.110170 -0.001656 1.560133
26.299000 31.320083 29.110172 -0.001656 1.560133
26.319000 31.320083 29.110174 -0.001656 1.560133
26.339000 31.320083 29.110176 -0.001656 1.560133
26.359000 31.320084 29.110177 -0.001656 1.560133
26.379000 31.320084 29.110179 -0.001656 1.560133
26.399000 31.320084 29.110181 -0.001656 1.560133
26.419000 31.320084 29.110182 -0.001656 1.560133
26.439000 31.320084 29.110184 -0.001656 1.560133
26.459000 31.320084 29.110186 -0.001656 1.560133
26.479000 31.320084 29.110187 -0.001656 1.560133
26.499000 31.320084 29.110189 -0.001656 1.560133
26.519000 31.320084 29.110191 -0.001656 1.560133
26.539000 31.320084 29.110192 -0.001656 1.560133
26.559000 31.320084 29.110194 -0.001656 1.560133
26.579000 31.320084 29.110196 -0.001656 1.560133
26.599000 31.320084 29.110197 -0.001656 1.560133
26.619000 31.320084 29.110199 -0.001656 1.560133
26.639000 31.320084 29.110201 -0.001656 1.560133
26.659000 31.320084 29.110203 -0.001656 1.560133
26.679000 31.320084 29.110204 -0.001656 1.560133
26.699000 31.320084 29.110206 -0.001656 1.560133
26.719000 31.320084 29.110208 -0.001656 1.560133
26.739000 31.320084 29.110209 -0.001656 1.560133
26.759000 31.320084 29.110211 -0.001656 1.560133
26.779000 31.320084 29.110213 -0.001656 1.560133
26.799000 31.320084 29.110214 -0.001656 1.560133
26.819000 31.320084 29.110216 -0.001656 1.560133
26.839000 31.320084 29.110218 -0.001656 1.560133
26.859000 31.320084 29.110219 -0.001656 1.560133
26.879000 31.320084 29.110221 -0.001656 1.560133
26.899000 31.320084 29.110223 -0.001656 1.560133
26.919000 31.320084 29.110224 -0.001656 1.560133
26.939000 31.320084 29.110226 -0.001656 1.560133
26.959000 31.320084 29.110228 -0.001656 1.560133
26.979000 31.320084 29.110230 -0.001656 1.560133
26.999000 31.320084 29.110231 -0.001656 1.560133
27.019000 31.320084 29.110233 -0.001656 1.560133
27.039000 31.320084 29.110235 -0.001656 1.560133
27.059000 31.320084 29.110236 -0.001656 1.560133
27.079000 31.320084 29.110238 -0.001656 1.560133
27.099000 31.320084 29.110240 -0.001656 1.560133
27.119000 31.320084 29.110241 -0.001656 1.560133
27.139000 31.320084 29.110243 -0.001656 1.560133
27.159000 31.320084 29.110245 -0.001656 1.560133
27.179000 31.320084 29.110246 -0.001656 1.560133
27.199000 31.320084 29.110248 -0.001656 1.560133
27.219000 31.320084 29.110250 -0.001656 1.560133
27.239000 31.320084 29.110251 -0.001656 1.560133
27.259000 31.320084 29.110253 -0.001656 1.560133
27.279000 31.320084 29.110255 -0.001656 1.560133
27.299000 31.320084 29.110256 -0.001656 1.560133
27.319000 31.320084 29.110258 -0.001656 1.560133
27.339000 31.320084 29.110260 -0.001656 1.560133
27.359000 31.320084 29.110262 -0.001656 1.560133
27.379000 31.320084 29.110263 -0.001656 1.560133
27.399000 31.320084 29.110265 -0.001656 1.560133
27.419000 31.320084 29.110267 -0.001656 1.560133
27.439000 31.320085 29.110268 -0.001656 1.560133
27.459000 31.320085 29.110270 -0.001656 1.560133
27.479000 31.320085 29.110272 -0.001656 1.560133
27.499000 31.320085 29.110273 -0.001656 1.560133
27.519000 31.320085 29.110275 -0.001656 1.560133
27.539000 31.320085 29.110277 -0.001656 1.560133
27.559000 31.320085 29.110278 -0.001656 1.560133
27.579000 31.320085 29.110280 -0.001656 1.560133
27.599000 31.320085 29.110282 -0.001656 1.560133
27.619000 31.320085 29.110283 -0.001656 1.560133
27.639000 31.320085 29.110285 -0.001656 1.560133
27.659000 31.320085 29.110287 -0.001656 1.560133
27.679000 31.320085 29.110289 -0.001656 1.560133
27.699000 31.320085 29.110290 -0.001656 1.560133
27.719000 31.320085 29.110292 -0.001656 1.560133
27.739000 31.320085 29.110294 -0.001656 1.560133
27.759000 31.320085 29.110295 -0.001656 1.560133
27.779000 31.320085 29.110297 -0.001656 1.560133
27.799000 31.320085 29.110299 -0.001656 1.560133
27.819000 31.320085 29.110300 -0.001656 1.560133
27.839000 31.320085 29.110302 -0.001656 1.560133
27.859000 31.320085 29.110304 -0.001656 1.560133
27.879000 31.320085 29.110305 -0.001656 1.560133
27.899000 31.320085 29.110307 -0.001656 1.560133
27.919000 31.320085 29.110309 -0.001656 1.560133
27.939000 31.320085 29.110310 -0.001656 1.560133
27.959000 31.320085 29.110312 -0.001656 1.560133
27.979000 31.320085 29.110314 -0.001656 1.560133
27.999000 31.320085 29.110316 -0.001656 1.560133
28.019000 31.320085 29.110317 -0.001656 1.560133
28.039000 31.320085 29.110319 -0.001656 1.560133
28.059000 31.320085 29.110321 -0.001656 1.560133
28.079000 31.320085 29.110322 -0.001656 1.560133
28.099000 31.320085 29.110324 -0.001656 1.560133
28.119000 31.320085 29.110326 -0.001656 1.560133
28.139000 31.320085 29.110327 -0.001656 1.560133
28.159000 31.320085 29.110329 -0.001656 1.560133
28.179000 31.320085 29.110331 -0.001656 1.560133
