# stamp x y z yaw vx vy vz angular_v
0.177000 0.000000 0.000000 -0.000709 0.000000 0.000001 -0.000016 -0.088711 -0.000009
0.197000 0.000001 0.000000 -0.001311 0.000000 -0.000010 -0.000010 -0.110497 -0.000003
0.217000 0.000002 0.000000 -0.001549 0.000000 -0.000020 -0.000014 -0.115420 -0.000004
0.237000 0.000004 0.000000 -0.001626 0.000000 -0.000025 -0.000014 -0.116533 -0.000004
0.257000 0.000006 0.000000 -0.001648 0.000000 -0.000027 -0.000014 -0.116785 -0.000004
0.277000 0.000008 0.000000 -0.001655 0.000000 -0.000028 -0.000014 -0.116842 -0.000004
0.297000 0.000009 0.000000 -0.001657 0.000000 -0.000028 -0.000015 -0.116855 -0.000004
0.317000 0.000011 0.000000 -0.001657 0.000000 -0.000028 -0.000015 -0.116858 -0.000004
0.337000 0.000013 0.000000 -0.001657 0.000000 -0.000028 -0.000015 -0.116859 -0.000004
0.357000 0.000015 0.000000 -0.001657 0.000000 -0.000028 -0.000015 -0.116859 -0.000004
0.377000 0.000016 0.000000 -0.001657 0.000000 -0.000028 -0.000015 -0.116859 -0.000004
0.397000 0.000018 0.000000 -0.001657 0.000000 -0.000028 -0.000015 -0.116859 -0.000004
0.417000 0.000020 0.000000 -0.001657 0.000000 -0.000028 -0.000015 -0.116859 -0.000004
0.437000 0.000022 0.000000 -0.001657 0.000000 -0.000028 -0.000015 -0.116859 -0.000004
0.457000 0.000023 0.000000 -0.001657 0.000000 -0.000028 -0.000015 -0.116859 -0.000004
0.477000 0.000025 0.000000 -0.001657 0.000000 -0.000028 -0.000015 -0.116859 -0.000004
0.497000 0.000027 0.000000 -0.001657 0.000000 -0.000028 -0.000015 -0.116859 -0.000004
0.517000 0.000547 0.000155 -0.001655 0.000271 0.009396 0.008502 -0.116738 -0.007940
0.537000 0.001193 0.000150 -0.001654 0.000243 0.008888 -0.008401 -0.116765 -0.027916
0.557000 0.001802 0.000111 -0.001655 0.000180 0.008730 -0.000710 -0.116819 -0.018392
0.577000 0.002421 0.000151 -0.001656 0.000207 0.008737 -0.002035 -0.116840 -0.018979
0.597000 0.003033 0.000143 -0.001657 0.000190 0.008639 -0.003790 -0.116839 -0.019209
0.617000 0.004865 -0.000004 -0.001655 -0.000101 0.089474 -0.009545 -0.116726 -0.008957
0.637000 0.008884 0.000022 -0.001654 -0.000051 0.187858 0.005249 -0.116753 0.006178
0.657000 0.014811 0.000040 -0.001655 -0.000028 0.284112 -0.002506 -0.116798 -0.002337
0.677000 0.022644 0.000009 -0.001655 -0.000053 0.379982 0.000052 -0.116816 0.000684
0.697000 0.032388 0.000021 -0.001656 -0.000033 0.475775 0.000166 -0.116822 0.000580
0.717000 0.044048 0.000014 -0.001656 -0.000034 0.571550 -0.000497 -0.116824 -0.000102
0.737000 0.057622 0.000011 -0.001656 -0.000031 0.667319 -0.000035 -0.116824 0.000365
0.757000 0.073112 0.000011 -0.001656 -0.000027 0.763083 -0.000175 -0.116824 0.000173
0.777000 0.090517 0.000008 -0.001656 -0.000025 0.858843 -0.000124 -0.116823 0.000208
0.797000 0.109837 0.000008 -0.001656 -0.000021 0.954600 -0.000088 -0.116823 0.000215
0.817000 0.131073 0.000007 -0.001656 -0.000019 1.050352 -0.000116 -0.116823 0.000160
0.837000 0.154223 0.000006 -0.001656 -0.000017 1.146100 -0.000090 -0.116823 0.000168
0.857000 0.179288 0.000005 -0.001656 -0.000015 1.241844 -0.000079 -0.116822 0.000158
0.877000 0.206268 0.000004 -0.001656 -0.000013 1.337583 -0.000082 -0.116822 0.000137
0.897000 0.235163 0.000004 -0.001656 -0.000011 1.433319 -0.000062 -0.116822 0.000140
0.917000 0.265972 0.000004 -0.001656 -0.000009 1.529049 -0.000010 -0.116823 0.000175
0.937000 0.298696 0.000005 -0.001656 -0.000007 1.624776 0.000004 -0.116824 0.000164
0.957000 0.333335 0.000006 -0.001656 -0.000005 1.720499 -0.000005 -0.116824 0.000134
0.977000 0.369888 0.000006 -0.001656 -0.000004 1.816218 -0.000042 -0.116825 0.000082
0.997000 0.408355 0.000006 -0.001656 -0.000003 1.911932 -0.000009 -0.116826 0.000106
1.017000 0.448736 0.000007 -0.001656 -0.000002 2.007643 -0.000072 -0.116827 0.000029
1.037000 0.491032 0.000006 -0.001656 -0.000003 2.103349 -0.000068 -0.116828 0.000036
1.057000 0.535242 0.000005 -0.001656 -0.000003 2.199052 -0.000053 -0.116828 0.000047
1.077000 0.581366 0.000005 -0.001656 -0.000003 2.294750 -0.000060 -0.116829 0.000035
1.097000 0.629404 0.000004 -0.001656 -0.000003 2.390444 -0.000056 -0.116830 0.000037
1.117000 0.679355 0.000004 -0.001656 -0.000003 2.486134 -0.000045 -0.116831 0.000044
1.137000 0.731221 0.000004 -0.001656 -0.000003 2.581821 -0.000045 -0.116831 0.000040
1.157000 0.785000 0.000003 -0.001656 -0.000003 2.677503 -0.000043 -0.116832 0.000037
1.177000 0.840692 0.000003 -0.001656 -0.000002 2.773181 -0.000040 -0.116833 0.000041
1.197000 0.898299 0.000003 -0.001656 -0.000002 2.868856 -0.000042 -0.116833 0.000039
1.217000 0.957818 0.000002 -0.001656 -0.000002 2.964526 -0.000039 -0.116833 0.000042
1.237000 1.019251 0.000002 -0.001656 -0.000002 3.060193 -0.000039 -0.116833 0.000041
1.257000 1.082598 0.000002 -0.001656 -0.000002 3.155855 -0.000039 -0.116833 0.000040
1.277000 1.147857 0.000002 -0.001656 -0.000002 3.251514 -0.000038 -0.116833 0.000040
1.297000 1.215030 0.000001 -0.001656 -0.000002 3.347168 -0.000038 -0.116833 0.000039
1.317000 1.284116 0.000001 -0.001656 -0.000001 3.442819 -0.000015 -0.116833 0.000061
1.337000 1.355114 0.000002 -0.001656 -0.000001 3.538465 -0.000014 -0.116833 0.000057
1.357000 1.428026 0.000002 -0.001656 -0.000000 3.634107 -0.000024 -0.116833 0.000044
1.377000 1.502850 0.000002 -0.001656 -0.000001 3.729745 -0.000043 -0.116833 0.000025
1.397000 1.579588 0.000002 -0.001656 -0.000001 3.825380 -0.000035 -0.116833 0.000035
1.417000 1.658237 0.000001 -0.001656 -0.000001 3.921010 -0.000045 -0.116833 0.000025
1.437000 1.738800 0.000001 -0.001656 -0.000001 4.016636 -0.000046 -0.116833 0.000026
1.457000 1.821274 0.000001 -0.001656 -0.000001 4.112258 -0.000043 -0.116833 0.000031
1.477000 1.905662 0.000001 -0.001656 -0.000001 4.207876 -0.000036 -0.116833 0.000038
1.497000 1.991961 0.000001 -0.001656 -0.000001 4.303489 -0.000039 -0.116833 0.000033
1.517000 2.080173 0.000001 -0.001656 -0.000001 4.399099 -0.000034 -0.116833 0.000038
1.537000 2.170297 0.000001 -0.001656 -0.000001 4.494705 -0.000033 -0.116833 0.000038
1.557000 2.262333 0.000000 -0.001656 -0.000001 4.590307 -0.000033 -0.116833 0.000036
1.577000 2.356281 0.000000 -0.001656 -0.000000 4.685904 -0.000033 -0.116833 0.000036
1.597000 2.452140 0.000000 -0.001656 -0.000000 4.781498 -0.000031 -0.116833 0.000037
1.617000 2.549912 0.000000 -0.001656 -0.000000 4.877088 -0.000025 -0.116833 0.000044
1.637000 2.649596 0.000000 -0.001656 -0.000000 4.972673 -0.000024 -0.116833 0.000044
1.657000 2.751191 0.000001 -0.001656 -0.000000 5.068255 -0.000027 -0.116833 0.000040
1.677000 2.854697 0.000000 -0.001656 -0.000000 5.163832 -0.000035 -0.116833 0.000033
1.697000 2.960115 0.000000 -0.001656 -0.000000 5.259405 -0.000031 -0.116833 0.000038
1.717000 3.067445 0.000000 -0.001656 -0.000000 5.354975 -0.000040 -0.116833 0.000030
1.737000 3.176686 0.000000 -0.001656 -0.000000 5.450540 -0.000041 -0.116833 0.000030
1.757000 3.287838 -0.000000 -0.001656 -0.000000 5.546101 -0.000036 -0.116833 0.000036
1.777000 3.400902 -0.000000 -0.001656 -0.000000 5.641658 -0.000022 -0.116833 0.000048
1.797000 3.515876 0.000000 -0.001656 -0.000000 5.737211 -0.000028 -0.116833 0.000040
1.817000 3.632762 0.000000 -0.001656 -0.000000 5.832760 -0.000031 -0.116833 0.000036
1.837000 3.751558 0.000000 -0.001656 0.000000 5.928305 -0.000031 -0.116833 0.000037
1.857000 3.872265 0.000000 -0.001656 0.000000 6.023846 -0.000032 -0.116833 0.000036
1.877000 3.994883 0.000000 -0.001656 0.000000 6.119383 -0.000037 -0.116833 0.000032
1.897000 4.119412 0.000000 -0.001656 0.000000 6.214916 -0.000035 -0.116833 0.000036
1.917000 4.245852 0.000000 -0.001656 0.000000 6.310445 -0.000033 -0.116833 0.000037
1.937000 4.374202 0.000000 -0.001656 0.000000 6.405969 -0.000032 -0.116833 0.000039
1.957000 4.504462 0.000000 -0.001656 0.000000 6.501490 -0.000031 -0.116833 0.000040
1.977000 4.636633 0.000000 -0.001656 0.000000 6.597007 -0.000029 -0.116833 0.000043
1.997000 4.770714 0.000000 -0.001656 0.000000 6.692519 -0.000030 -0.116833 0.000044
2.017000 4.906705 0.000000 -0.001656 0.000000 6.788028 -0.000033 -0.116833 0.000041
2.037000 5.044606 0.000000 -0.001656 0.000000 6.883532 -0.000034 -0.116833 0.000041
2.057000 5.184418 0.000000 -0.001656 0.000000 6.979033 -0.000035 -0.116833 0.000043
2.077000 5.326139 0.000000 -0.001656 0.000000 7.074529 -0.000035 -0.116833 0.000044
2.097000 5.469770 0.000000 -0.001656 0.000000 7.170022 -0.000038 -0.116833 0.000044
2.117000 5.615311 0.000000 -0.001656 0.000000 7.265510 -0.000043 -0.116833 0.000041
2.137000 5.762762 0.000000 -0.001656 0.000000 7.360994 -0.000045 -0.116833 0.000043
2.157000 5.912123 -0.000000 -0.001656 -0.000000 7.456474 -0.000043 -0.116833 0.000049
2.177000 6.063393 0.000000 -0.001656 0.000000 7.551950 -0.000038 -0.116833 0.000058
2.197000 6.216572 0.000000 -0.001656 0.000000 7.647422 -0.000040 -0.116833 0.000062
2.217000 6.371661 0.000000 -0.001656 0.000000 7.742890 -0.000039 -0.116833 0.000069
2.237000 6.528659 0.000000 -0.001656 0.000000 7.838354 -0.000040 -0.116833 0.000079
2.257000 6.687567 0.000001 -0.001656 0.000000 7.933814 -0.000052 -0.116834 0.000085
2.277000 6.848383 0.000001 -0.001656 0.000000 8.029265 -0.000083 -0.116836 0.000090
2.297000 7.011107 -0.000001 -0.001656 0.000002 8.125037 -0.000697 -0.116842 0.000814
2.317000 7.175660 -0.000041 -0.001656 0.000050 8.221432 -0.001069 -0.116817 0.001732
2.337000 7.341548 -0.000031 -0.001656 0.000059 8.316075 0.000680 -0.116808 -0.000129
2.357000 7.508245 -0.000023 -0.001656 0.000054 8.333786 -0.000498 -0.116822 -0.001194
2.377000 7.674913 -0.000055 -0.001657 0.000015 8.333242 -0.001770 -0.116843 -0.001923
2.397000 7.841580 -0.000088 -0.001657 -0.000021 8.333245 -0.001812 -0.116850 -0.001715
2.417000 8.008248 -0.000085 -0.001657 -0.000014 8.333315 0.002304 -0.116853 0.002298
2.437000 8.174917 -0.000042 -0.001657 0.000030 8.333327 0.001834 -0.116851 0.001952
2.457000 8.341586 -0.000003 -0.001657 0.000064 8.333316 0.001476 -0.116851 0.000960
2.477000 8.508254 0.000013 -0.001657 0.000071 8.333292 0.000753 -0.116852 0.000337
2.497000 8.674922 0.000033 -0.001657 0.000079 8.333293 0.001034 -0.116852 0.000499
2.517000 8.841590 0.000008 -0.001657 0.000039 8.333212 -0.003985 -0.116853 -0.004092
2.537000 9.008256 -0.000068 -0.001657 -0.000042 8.333199 -0.003680 -0.116853 -0.003689
2.557000 9.174922 -0.000138 -0.001657 -0.000101 8.333241 -0.001094 -0.116853 0.000769
2.577000 9.341591 -0.000082 -0.001657 -0.000036 8.333356 0.003103 -0.116853 0.003638
2.597000 9.508260 -0.000028 -0.001657 0.000026 8.333348 0.002692 -0.116850 0.002923
2.617000 9.674929 -0.000002 -0.001657 0.000047 8.333286 -0.000524 -0.116851 -0.000508
2.637000 9.841597 -0.000007 -0.001657 0.000036 8.333275 -0.000001 -0.116852 -0.000303
2.657000 10.008265 -0.000007 -0.001657 0.000029 8.333273 -0.000375 -0.116851 -0.000686
2.677000 10.174932 -0.000022 -0.001657 0.000010 8.333262 -0.000890 -0.116850 -0.000974
2.697000 10.341600 -0.000039 -0.001657 -0.000010 8.333263 -0.000955 -0.116850 -0.000901
2.717000 10.508268 -0.000032 -0.001657 0.000000 8.333310 0.001833 -0.116851 0.001775
2.737000 10.674937 0.000003 -0.001657 0.000034 8.333318 0.001553 -0.116848 0.001541
2.757000 10.841605 0.000034 -0.001657 0.000058 8.333299 0.000448 -0.116850 -0.000323
2.777000 11.008273 0.000011 -0.001657 0.000029 8.333251 -0.001299 -0.116851 -0.001542
2.797000 11.174940 -0.000010 -0.001657 0.000002 8.333254 -0.001143 -0.116850 -0.001242
2.817000 11.341608 -0.000017 -0.001657 -0.000005 8.333286 0.000552 -0.116851 0.000515
2.837000 11.508276 -0.000007 -0.001657 0.000005 8.333291 0.000280 -0.116848 0.000375
2.857000 11.674944 -0.000001 -0.001657 0.000010 8.333288 0.000194 -0.116848 0.000146
2.877000 11.841612 0.000000 -0.001657 0.000010 8.333283 0.000023 -0.116847 0.000006
2.897000 12.008280 0.000002 -0.001657 0.000010 8.333284 0.000077 -0.116847 0.000043
2.917000 12.174948 0.000007 -0.001657 0.000013 8.333288 0.000327 -0.116847 0.000265
2.937000 12.341616 0.000014 -0.001657 0.000018 8.333288 0.000322 -0.116849 0.000244
2.957000 12.508284 0.000019 -0.001657 0.000020 8.333279 -0.000320 -0.116851 -0.000677
2.977000 12.674952 -0.000004 -0.001657 -0.000005 8.333256 -0.001292 -0.116849 -0.001286
2.997000 12.841619 -0.000028 -0.001657 -0.000029 8.333257 -0.001292 -0.116849 -0.001134
3.017000 13.008287 -0.000042 -0.001657 -0.000038 8.333281 0.000003 -0.116849 0.000231
3.037000 13.174955 -0.000043 -0.001657 -0.000034 8.333285 -0.000235 -0.116851 0.000121
3.057000 13.341623 -0.000045 -0.001657 -0.000028 8.333295 0.000670 -0.116849 0.001297
3.077000 13.508292 -0.000008 -0.001657 0.000012 8.333326 0.002004 -0.116854 0.002082
3.097000 13.674960 0.000032 -0.001657 0.000051 8.333324 0.002067 -0.116854 0.001880
3.117000 13.841629 0.000026 -0.001657 0.000035 8.333236 -0.003090 -0.116855 -0.003152
3.137000 14.008295 -0.000032 -0.001657 -0.000027 8.333222 -0.002575 -0.116850 -0.002693
3.157000 14.174962 -0.000081 -0.001657 -0.000070 8.333250 -0.001005 -0.116853 0.000151
3.177000 14.341631 -0.000053 -0.001657 -0.000035 8.333322 0.001554 -0.116855 0.001974
3.197000 14.508299 -0.000028 -0.001657 -0.000002 8.333317 0.001294 -0.116857 0.001508
3.217000 14.674968 -0.000006 -0.001657 0.000020 8.333302 0.000735 -0.116857 0.000731
3.237000 14.841636 0.000012 -0.001657 0.000035 8.333300 0.001016 -0.116857 0.000801
3.257000 15.008304 0.000031 -0.001657 0.000047 8.333287 0.000010 -0.116857 -0.000604
3.277000 15.174972 0.000006 -0.001657 0.000016 8.333249 -0.001393 -0.116854 -0.001616
3.297000 15.341639 -0.000019 -0.001657 -0.000013 8.333251 -0.001334 -0.116856 -0.001378
3.317000 15.508307 -0.000021 -0.001657 -0.000011 8.333300 0.001403 -0.116854 0.001339
3.337000 15.674975 0.000004 -0.001657 0.000015 8.333308 0.001062 -0.116856 0.001106
3.357000 15.841644 0.000025 -0.001657 0.000033 8.333296 0.000370 -0.116857 -0.000029
3.377000 16.008312 0.000014 -0.001657 0.000018 8.333266 -0.000622 -0.116857 -0.000816
3.397000 16.174979 0.000004 -0.001657 0.000004 8.333269 -0.000529 -0.116857 -0.000630
3.417000 16.341647 -0.000000 -0.001657 -0.000001 8.333282 0.000147 -0.116857 0.000102
3.437000 16.508315 0.000002 -0.001657 0.000001 8.333283 0.000021 -0.116857 0.000037
3.457000 16.674983 0.000002 -0.001657 0.000002 8.333282 -0.000032 -0.116857 -0.000048
3.477000 16.841651 0.000000 -0.001657 -0.000000 8.333280 -0.000110 -0.116857 -0.000104
3.497000 17.008319 -0.000002 -0.001657 -0.000002 8.333280 -0.000111 -0.116857 -0.000092
3.517000 17.174987 -0.000003 -0.001657 -0.000003 8.333281 -0.000037 -0.116857 -0.000010
3.537000 17.341655 -0.000003 -0.001657 -0.000003 8.333282 -0.000054 -0.116857 -0.000017
3.557000 17.508323 -0.000004 -0.001657 -0.000003 8.333283 0.000072 -0.116857 0.000141
3.577000 17.674991 0.000001 -0.001657 0.000002 8.333288 0.000240 -0.116857 0.000257
3.597000 17.841659 0.000006 -0.001657 0.000007 8.333288 0.000249 -0.116857 0.000229
3.617000 18.008327 0.000009 -0.001657 0.000009 8.333283 0.000015 -0.116857 -0.000024
3.637000 18.174995 0.000010 -0.001657 0.000008 8.333283 0.000061 -0.116857 -0.000001
3.657000 18.341663 0.000010 -0.001657 0.000007 8.333280 -0.000166 -0.116857 -0.000279
3.677000 18.508331 0.000002 -0.001657 -0.000002 8.333272 -0.000468 -0.116857 -0.000484
3.697000 18.674999 -0.000007 -0.001657 -0.000011 8.333272 -0.000487 -0.116857 -0.000435
3.717000 18.841667 -0.000006 -0.001657 -0.000007 8.333291 0.000640 -0.116857 0.000672
3.737000 19.008335 0.000006 -0.001657 0.000006 8.333295 0.000532 -0.116857 0.000571
3.757000 19.175003 0.000017 -0.001657 0.000015 8.333289 0.000179 -0.116857 -0.000008
3.777000 19.341671 0.000011 -0.001657 0.000008 8.333274 -0.000331 -0.116857 -0.000412
3.797000 19.508339 0.000006 -0.001657 0.000001 8.333275 -0.000280 -0.116857 -0.000316
3.817000 19.674478 0.001974 -0.001648 0.002181 8.302150 0.124123 -0.113727 0.088651
3.837000 19.840128 0.007387 -0.001613 0.007161 8.282854 0.275690 -0.111156 0.215950
3.857000 20.005419 0.015939 -0.001589 0.014456 8.266680 0.435873 -0.109258 0.332356
3.877000 20.170480 0.027888 -0.001528 0.023873 8.252610 0.611577 -0.102264 0.443260
3.897000 20.335280 0.043350 -0.001472 0.035189 8.239829 0.789513 -0.099961 0.541803
3.917000 20.499081 0.062175 -0.001467 0.048601 8.183233 0.931844 -0.104922 0.666615
3.937000 20.661580 0.084477 -0.001529 0.064134 8.120543 1.124724 -0.107598 0.756116
3.957000 20.822955 0.110741 -0.001509 0.080973 8.073640 1.323518 -0.104545 0.820224
3.977000 20.984024 0.139988 -0.001560 0.096834 8.063218 1.511044 -0.113125 0.811257
3.997000 21.144811 0.172010 -0.001616 0.112817 8.040449 1.643841 -0.115829 0.809083
4.017000 21.305220 0.203833 -0.001634 0.125968 8.022221 1.592434 -0.114514 0.654745
4.037000 21.465585 0.233622 -0.001629 0.134769 8.019203 1.501402 -0.114046 0.457595
4.057000 21.625678 0.261712 -0.001620 0.140137 7.987473 1.406350 -0.112706 0.274241
4.077000 21.784330 0.289577 -0.001627 0.145530 7.918543 1.427641 -0.115766 0.290320
4.097000 21.941846 0.319447 -0.001644 0.152371 7.864828 1.524247 -0.116411 0.379362
4.117000 22.098362 0.349032 -0.001638 0.157367 7.803532 1.473460 -0.112380 0.199370
4.137000 22.253876 0.376495 -0.001573 0.157917 7.768816 1.379346 -0.107704 0.002448
4.157000 22.408551 0.402521 -0.001541 0.155970 7.727186 1.322742 -0.107762 -0.011973
4.177000 22.561405 0.431106 -0.001410 0.158826 7.649196 1.389393 -0.144615 0.124397
4.197000 22.711987 0.461129 -0.001513 0.165508 7.540690 1.425602 -0.177176 0.281263
4.217000 22.859580 0.491824 -0.001849 0.175615 7.401428 1.458550 -0.198681 0.448413
4.237000 23.003672 0.524181 -0.002249 0.187437 7.243342 1.592489 -0.211169 0.510279
4.257000 23.144034 0.559519 -0.002582 0.199568 7.073084 1.760840 -0.216028 0.545332
4.277000 23.280627 0.598240 -0.002812 0.211682 6.885538 1.964851 -0.205674 0.562203
4.297000 23.414009 0.640398 -0.002185 0.224710 6.713365 2.104579 -0.150655 0.606406
4.317000 23.545222 0.683736 -0.002103 0.240188 6.598531 2.156158 -0.177598 0.756177
4.337000 23.673476 0.727105 -0.002322 0.259234 6.431355 2.157516 -0.153241 0.946180
4.357000 23.799060 0.771642 -0.002212 0.281515 6.314755 2.219977 -0.176708 1.048047
4.377000 23.922906 0.819025 -0.002760 0.303448 6.258186 2.317811 -0.266501 0.998418
4.397000 24.045309 0.868986 -0.003721 0.326042 6.235321 2.390665 -0.343069 0.983817
4.417000 24.167927 0.917662 -0.003664 0.342851 6.126255 2.307370 -0.172746 0.716574
4.437000 24.293255 0.961846 -0.001838 0.350293 6.241674 2.222961 -0.062767 0.425011
4.457000 24.419966 1.007019 -0.001325 0.356761 6.307289 2.252426 -0.094546 0.450311
4.477000 24.545327 1.052887 -0.001517 0.367558 6.293643 2.269015 -0.182032 0.556221
4.497000 24.669165 1.099830 -0.002129 0.381706 6.291835 2.269083 -0.288558 0.637625
4.517000 24.793308 1.148254 -0.003548 0.394152 6.224193 2.355045 -0.223156 0.544681
4.537000 24.918523 1.200879 -0.002257 0.407608 6.242407 2.605332 -0.099593 0.705262
4.557000 25.045798 1.254162 -0.001545 0.420219 6.331704 2.629441 -0.095059 0.675819
4.577000 25.171593 1.308366 -0.001530 0.436391 6.317484 2.657232 -0.184444 0.758538
4.597000 25.295876 1.364888 -0.002216 0.453751 6.311860 2.744296 -0.288694 0.736003
4.617000 25.418599 1.422025 -0.003659 0.473204 6.306916 2.755450 -0.394914 0.794640
4.637000 25.539784 1.478574 -0.005723 0.495227 6.303702 2.749315 -0.502327 0.883309
4.657000 25.658592 1.535120 -0.006932 0.520226 6.179970 2.628472 -0.461740 0.919732
4.677000 25.775765 1.592016 -0.007790 0.547810 6.161744 2.608008 -0.528192 0.981433
4.697000 25.891002 1.649516 -0.008372 0.577145 6.107483 2.585512 -0.555228 1.039490
4.717000 26.004577 1.708440 -0.009282 0.606574 6.060180 2.647901 -0.609118 0.999561
4.737000 26.115862 1.769201 -0.009687 0.637102 5.970895 2.713667 -0.595668 1.053499
4.757000 26.225195 1.831065 -0.010061 0.668910 5.885781 2.795306 -0.610034 1.109177
4.777000 26.332104 1.892429 -0.009893 0.704791 5.790288 2.773462 -0.591851 1.294215
4.797000 26.437245 1.954068 -0.010050 0.742146 5.676505 2.795304 -0.581015 1.339468
4.817000 26.539771 2.016739 -0.009649 0.780957 5.559414 2.840933 -0.548069 1.392000
4.837000 26.639397 2.080197 -0.009176 0.819193 5.344811 2.910186 -0.472873 1.378302
4.857000 26.732193 2.144965 -0.005869 0.856349 4.846667 3.009471 -0.145755 1.458915
4.877000 26.819356 2.210675 -0.001036 0.890446 4.444538 3.133244 0.063016 1.682691
4.897000 26.906750 2.275304 0.000490 0.923238 4.425416 3.224301 -0.019915 1.680801
4.917000 26.993492 2.342217 0.000534 0.954007 4.340546 3.334240 -0.102648 1.544657
4.937000 27.077893 2.411169 -0.001197 0.981504 4.212411 3.451950 -0.171278 1.420206
4.957000 27.157269 2.483654 -0.001803 1.010003 3.971392 3.616866 -0.126137 1.409778
4.977000 27.231978 2.558624 -0.001664 1.038726 3.754880 3.736270 -0.106121 1.413540
4.997000 27.302785 2.635377 -0.001547 1.066534 3.557216 3.832310 -0.104632 1.371054
5.017000 27.371897 2.712302 -0.001549 1.095407 3.467760 3.824358 -0.120035 1.419133
5.037000 27.440429 2.788069 -0.001739 1.126483 3.388208 3.791964 -0.159795 1.528205
5.057000 27.506517 2.862743 -0.002038 1.159109 3.243075 3.750226 -0.160141 1.657386
5.077000 27.565889 2.938920 -0.001849 1.192500 2.991704 3.796753 -0.108422 1.690149
5.097000 27.621234 3.016915 -0.001580 1.225390 2.792480 3.888260 -0.105169 1.658201
5.117000 27.674412 3.094738 -0.001550 1.254672 2.667216 3.856899 -0.122977 1.410960
5.137000 27.727141 3.170843 -0.001731 1.278241 2.603474 3.823576 -0.187677 1.207290
5.157000 27.779176 3.245599 -0.002523 1.296591 2.521149 3.786369 -0.281563 1.031713
5.177000 27.830262 3.318488 -0.003836 1.309821 2.427225 3.762112 -0.387211 0.871590
5.197000 27.880354 3.388875 -0.005465 1.318602 2.338093 3.748672 -0.495073 0.711295
5.217000 27.929301 3.458972 -0.007493 1.323810 2.221109 3.736010 -0.553809 0.554462
5.237000 27.978068 3.528224 -0.008557 1.324046 2.189011 3.742534 -0.591983 0.366485
5.257000 28.027478 3.596288 -0.009202 1.320882 2.200697 3.722596 -0.601308 0.231834
5.277000 28.076712 3.663812 -0.009651 1.315313 2.204023 3.726136 -0.618263 0.099907
5.297000 28.126131 3.731213 -0.010151 1.308022 2.215724 3.733926 -0.638520 0.021001
5.317000 28.180581 3.797303 -0.005590 1.291954 2.920480 3.164624 0.078032 -1.059539
5.337000 28.241587 3.863286 -0.000176 1.268237 3.063852 3.268273 0.067390 -1.122525
5.357000 28.304485 3.930933 0.001473 1.245714 3.140949 3.363213 -0.030477 -1.200950
5.377000 28.367979 4.000234 0.000909 1.221867 3.149255 3.455187 -0.131830 -1.262647
5.397000 28.431484 4.071317 -0.001392 1.197057 3.149415 3.539834 -0.176433 -1.307022
5.417000 28.493051 4.144307 -0.001870 1.174903 3.067540 3.639769 -0.128545 -1.078253
5.437000 28.552321 4.219390 -0.001738 1.156204 2.968425 3.740740 -0.115013 -0.958349
5.457000 28.610534 4.296034 -0.001652 1.140623 2.917616 3.814261 -0.111439 -0.752375
5.477000 28.666667 4.372332 -0.001535 1.129913 2.808317 3.806706 -0.099250 -0.549521
5.497000 28.720849 4.448449 -0.001454 1.122577 2.711952 3.787558 -0.098987 -0.366398
5.517000 28.773201 4.524189 -0.001455 1.118837 2.618446 3.774869 -0.101181 -0.190295
5.537000 28.823661 4.599452 -0.001464 1.118915 2.523460 3.758304 -0.101132 -0.006199
5.557000 28.872222 4.674390 -0.001458 1.122688 2.428284 3.743188 -0.100607 0.178679
5.577000 28.918891 4.749028 -0.001444 1.130159 2.333658 3.729504 -0.100956 0.363133
5.597000 28.963683 4.823396 -0.001485 1.141195 2.243313 3.719506 -0.109973 0.532843
5.617000 29.006446 4.897463 -0.001612 1.155621 2.149555 3.709542 -0.121804 0.697538
5.637000 29.047110 4.971357 -0.001775 1.173542 2.051741 3.704917 -0.131870 0.865854
5.657000 29.085602 5.045357 -0.001926 1.194936 1.953698 3.711208 -0.137399 1.051008
5.677000 29.122112 5.120509 -0.001928 1.219206 1.858696 3.753477 -0.137885 1.199008
5.697000 29.157092 5.196861 -0.002053 1.246341 1.795728 3.806301 -0.139709 1.356763
5.717000 29.191977 5.273384 -0.002060 1.276134 1.783301 3.803706 -0.147302 1.420370
5.737000 29.227510 5.349894 -0.002028 1.308727 1.795679 3.828696 -0.141383 1.575229
5.757000 29.262129 5.427579 -0.002205 1.342648 1.767809 3.885187 -0.170101 1.680571
5.777000 29.293674 5.507374 -0.002515 1.375920 1.672841 3.967704 -0.191507 1.599939
5.797000 29.322569 5.589227 -0.002606 1.408506 1.543171 4.069323 -0.185476 1.568330
5.817000 29.351330 5.672279 -0.002284 1.436702 1.505824 4.109656 -0.126735 1.336816
5.837000 29.382172 5.755974 -0.001561 1.457323 1.543114 4.169420 -0.082389 1.051172
5.857000 29.412540 5.840993 -0.001370 1.473697 1.529754 4.227258 -0.096862 0.831891
5.877000 29.442727 5.926646 -0.001469 1.485495 1.520778 4.263810 -0.108594 0.601360
5.897000 29.473044 6.013031 -0.001538 1.492580 1.526134 4.300463 -0.107567 0.367168
5.917000 29.503564 6.100279 -0.001498 1.494975 1.538805 4.345804 -0.099332 0.130168
5.937000 29.534202 6.188492 -0.001417 1.492774 1.547302 4.392632 -0.094806 -0.104425
5.957000 29.564522 6.277794 -0.001372 1.486442 1.515064 4.459439 -0.097077 -0.291898
5.977000 29.590944 6.369365 -0.001488 1.480039 1.330663 4.571429 -0.108663 -0.306179
5.997000 29.613362 6.463249 -0.001506 1.473660 1.126428 4.687631 -0.101546 -0.303595
6.017000 29.632405 6.558878 -0.001486 1.467890 0.972918 4.764429 -0.107573 -0.272466
6.037000 29.650001 6.655868 -0.001568 1.464678 0.889394 4.837004 -0.113121 -0.158619
6.057000 29.666070 6.754306 -0.001604 1.463601 0.830250 4.899975 -0.113075 -0.083623
6.077000 29.683938 6.854040 -0.001619 1.459806 0.920004 4.966527 -0.111780 -0.214518
6.097000 29.704491 6.955057 -0.001511 1.453389 1.066523 5.033513 -0.098369 -0.318539
6.117000 29.725722 7.057729 -0.001482 1.447316 1.040141 5.124456 -0.107385 -0.287267
6.137000 29.744836 7.162415 -0.001540 1.443915 0.949502 5.224236 -0.108251 -0.172505
6.157000 29.762000 7.269064 -0.001518 1.442917 0.857217 5.319565 -0.103984 -0.047898
6.177000 29.777383 7.377380 -0.001541 1.444210 0.774393 5.404336 -0.110366 0.062563
6.197000 29.790935 7.487372 -0.001571 1.447784 0.682417 5.488118 -0.109582 0.178733
6.217000 29.802465 7.599018 -0.001552 1.453540 0.588061 5.570682 -0.106792 0.296679
6.237000 29.811550 7.712303 -0.001526 1.460891 0.452425 5.652614 -0.104906 0.363611
6.257000 29.817890 7.827252 -0.001501 1.469176 0.306579 5.737625 -0.105075 0.415489
6.277000 29.822911 7.944096 -0.001563 1.476787 0.279685 5.831521 -0.113926 0.358369
6.297000 29.828955 8.062850 -0.001620 1.482581 0.318745 5.926780 -0.116094 0.285073
6.317000 29.836370 8.182343 -0.001621 1.485987 0.389148 5.952982 -0.109037 0.163217
6.337000 29.846576 8.302576 -0.001517 1.486399 0.505320 6.020540 -0.100607 0.030434
6.357000 29.858981 8.424020 -0.001456 1.484373 0.613484 6.067058 -0.100185 -0.103833
6.377000 29.873862 8.545012 -0.001499 1.479385 0.745100 6.045633 -0.107536 -0.235961
6.397000 29.892048 8.665723 -0.001517 1.472254 0.906460 6.022846 -0.103828 -0.358435
6.417000 29.910658 8.786368 -0.001510 1.466381 0.893949 6.035550 -0.105696 -0.262004
6.437000 29.925930 8.907601 -0.001439 1.464104 0.745015 6.057249 -0.093072 -0.117203
6.457000 29.938699 9.029394 -0.001342 1.464417 0.618506 6.086036 -0.091289 0.017194
6.477000 29.948909 9.151225 -0.001431 1.467544 0.504748 6.090824 -0.105003 0.151726
6.497000 29.956170 9.273376 -0.001456 1.473150 0.348720 6.097152 -0.097347 0.286585
6.517000 29.961420 9.396992 -0.001426 1.480105 0.271195 6.178403 -0.105299 0.344705
6.537000 29.967776 9.522628 -0.001547 1.485372 0.348796 6.270380 -0.113756 0.225305
6.557000 29.975490 9.649368 -0.001615 1.488561 0.395127 6.315434 -0.115864 0.113327
6.577000 29.984756 9.773480 -0.001629 1.488992 0.483954 6.212578 -0.112280 -0.000843
6.597000 29.995914 9.895622 -0.001589 1.487621 0.578076 6.110783 -0.111400 -0.094672
6.617000 30.008387 10.016135 -0.001614 1.485069 0.653037 6.007761 -0.115152 -0.162850
6.637000 30.022080 10.135491 -0.001638 1.481686 0.688519 5.961393 -0.116265 -0.163432
6.657000 30.035567 10.254704 -0.001650 1.478992 0.656586 5.962962 -0.116603 -0.092620
6.677000 30.046091 10.374179 -0.001606 1.479484 0.500686 5.977230 -0.104561 0.055912
6.697000 30.054274 10.493936 -0.001492 1.482087 0.399720 5.987750 -0.104075 0.137704
6.717000 30.060416 10.612934 -0.001513 1.486776 0.293514 5.947126 -0.100171 0.254737
6.737000 30.063384 10.730845 -0.001380 1.493839 0.145226 5.896763 -0.088513 0.367468
6.757000 30.064190 10.848217 -0.001297 1.501996 0.053457 5.871267 -0.091618 0.396425
6.777000 30.067036 10.965438 -0.001444 1.506769 0.155368 5.863612 -0.107228 0.254567
6.797000 30.072648 11.082596 -0.001467 1.508629 0.296018 5.864057 -0.097060 0.097067
6.817000 30.080914 11.199511 -0.001415 1.507389 0.406697 5.846942 -0.102185 -0.062682
6.837000 30.091782 11.316095 -0.001517 1.503391 0.537003 5.826420 -0.109765 -0.194754
6.857000 30.105777 11.432175 -0.001534 1.496849 0.703650 5.805124 -0.103140 -0.317916
6.877000 30.123116 11.547765 -0.001417 1.488104 0.874840 5.786536 -0.091095 -0.447303
6.897000 30.143328 11.662922 -0.001329 1.477405 1.017507 5.760285 -0.088577 -0.552638
6.917000 30.163636 11.777752 -0.001375 1.468197 1.011808 5.743007 -0.105270 -0.429812
6.937000 30.181601 11.892507 -0.001534 1.462928 0.924950 5.738903 -0.112919 -0.244361
6.957000 30.197078 12.007142 -0.001598 1.460981 0.794880 5.725936 -0.112451 -0.093029
6.977000 30.210065 12.121278 -0.001606 1.462236 0.660800 5.706470 -0.112516 0.048917
6.997000 30.220063 12.234992 -0.001604 1.466014 0.510665 5.685202 -0.111743 0.175185
7.017000 30.228903 12.349838 -0.001599 1.469650 0.483213 5.742327 -0.113992 0.119310
7.037000 30.240172 12.466644 -0.001626 1.470391 0.591298 5.828936 -0.115087 0.008264
7.057000 30.252611 12.584485 -0.001638 1.469985 0.632507 5.875726 -0.115759 -0.020216
7.077000 30.262402 12.701577 -0.001632 1.472933 0.503026 5.856823 -0.112733 0.134544
7.097000 30.269116 12.818366 -0.001600 1.478335 0.343704 5.840049 -0.110052 0.253917
7.117000 30.272660 12.934703 -0.001577 1.486028 0.179277 5.815212 -0.109513 0.364290
7.137000 30.272937 13.050520 -0.001570 1.495898 0.013221 5.789884 -0.109042 0.472352
7.157000 30.269930 13.165483 -0.001555 1.507445 -0.162510 5.742978 -0.107550 0.553317
7.177000 30.264478 13.278219 -0.001532 1.519781 -0.290684 5.636256 -0.106785 0.639311
7.197000 30.256939 13.389542 -0.001573 1.532897 -0.403155 5.565711 -0.113704 0.673422
7.217000 30.250195 13.500035 -0.001618 1.543568 -0.335948 5.523033 -0.114099 0.527692
7.237000 30.246078 13.610156 -0.001613 1.550529 -0.224739 5.507002 -0.111891 0.355522
7.257000 30.244319 13.719766 -0.001591 1.554247 -0.109185 5.470727 -0.108433 0.185743
7.277000 30.245074 13.827917 -0.001520 1.554714 0.019071 5.402642 -0.103633 0.018803
7.297000 30.248534 13.935077 -0.001518 1.552481 0.159819 5.351801 -0.106828 -0.109382
7.317000 30.254841 14.041094 -0.001534 1.547578 0.304701 5.294648 -0.107020 -0.240703
7.337000 30.264145 14.145935 -0.001530 1.540081 0.457830 5.236556 -0.105971 -0.367035
7.357000 30.276575 14.249628 -0.001519 1.530123 0.622488 5.181882 -0.105310 -0.483842
7.377000 30.292401 14.352281 -0.001515 1.517909 0.791383 5.127593 -0.105160 -0.597278
7.397000 30.311628 14.453834 -0.001508 1.503440 0.965767 5.071668 -0.104277 -0.706907
7.417000 30.332616 14.555841 -0.001528 1.489613 1.007413 5.122684 -0.111360 -0.639717
7.437000 30.351714 14.659496 -0.001599 1.478830 0.924899 5.187821 -0.114998 -0.503346
7.457000 30.370283 14.763449 -0.001635 1.469783 0.939672 5.190123 -0.115896 -0.435552
7.477000 30.386447 14.867235 -0.001626 1.464705 0.837713 5.190778 -0.111492 -0.245457
7.497000 30.400074 14.971068 -0.001579 1.462746 0.695247 5.192397 -0.107675 -0.103683
7.517000 30.411237 15.074584 -0.001555 1.463863 0.582470 5.172393 -0.109476 0.061089
7.537000 30.419681 15.177638 -0.001583 1.467689 0.430252 5.151569 -0.111702 0.178014
7.557000 30.425037 15.280250 -0.001587 1.473965 0.270434 5.131135 -0.110017 0.294936
7.577000 30.427136 15.382501 -0.001558 1.482512 0.106615 5.111885 -0.106444 0.411768
7.597000 30.425985 15.484364 -0.001521 1.493281 -0.061220 5.092146 -0.103940 0.521555
7.617000 30.422917 15.585306 -0.001526 1.503872 -0.123872 5.054576 -0.111084 0.490483
7.637000 30.421565 15.685047 -0.001598 1.511968 -0.039129 4.976237 -0.115016 0.372724
7.657000 30.421289 15.783721 -0.001635 1.518072 -0.009283 4.921713 -0.115391 0.283468
7.677000 30.423987 15.881912 -0.001575 1.520313 0.131996 4.910316 -0.104299 0.124820
7.697000 30.429392 15.979925 -0.001488 1.519660 0.265788 4.900560 -0.099976 -0.027953
7.717000 30.437499 16.077568 -0.001466 1.516268 0.394458 4.879740 -0.103943 -0.168902
7.737000 30.448443 16.174762 -0.001497 1.510279 0.545691 4.856911 -0.103884 -0.293537
7.757000 30.462451 16.271557 -0.001460 1.502108 0.706849 4.845195 -0.098761 -0.408706
7.777000 30.478081 16.368441 -0.001501 1.493347 0.791180 4.847396 -0.110560 -0.467858
7.797000 30.493838 16.465365 -0.001591 1.484936 0.767152 4.853723 -0.115230 -0.417630
7.817000 30.507867 16.562420 -0.001622 1.479357 0.692267 4.856780 -0.111305 -0.271553
7.837000 30.519043 16.659619 -0.001551 1.477408 0.570073 4.862190 -0.103664 -0.098666
7.857000 30.527598 16.756867 -0.001486 1.478400 0.439675 4.858443 -0.101669 0.054163
7.877000 30.533494 16.853786 -0.001524 1.482065 0.301187 4.844966 -0.109842 0.173367
7.897000 30.536380 16.950361 -0.001562 1.488222 0.147700 4.827319 -0.108614 0.296889
7.917000 30.536198 17.046041 -0.001489 1.496405 -0.011740 4.779686 -0.092972 0.418799
7.937000 30.533377 17.140826 -0.001316 1.506455 -0.140401 4.745022 -0.084569 0.522665
7.957000 30.528794 17.235484 -0.001281 1.517267 -0.218732 4.736511 -0.092876 0.535079
7.977000 30.526096 17.330062 -0.001451 1.524681 -0.129943 4.731514 -0.108943 0.379299
7.997000 30.526082 17.424695 -0.001496 1.529051 0.011632 4.736011 -0.100084 0.227379
8.017000 30.528665 17.519075 -0.001445 1.530271 0.123373 4.717410 -0.103339 0.065908
8.037000 30.533758 17.613037 -0.001527 1.528663 0.244797 4.695368 -0.109941 -0.077119
8.057000 30.541728 17.706394 -0.001544 1.524219 0.383134 4.658147 -0.106205 -0.228237
8.077000 30.552585 17.798821 -0.001526 1.516912 0.537332 4.618188 -0.105778 -0.354182
8.097000 30.566568 17.890418 -0.001516 1.507153 0.697081 4.576433 -0.104678 -0.477023
8.117000 30.582354 17.980880 -0.001530 1.497282 0.760104 4.531099 -0.111283 -0.468867
8.137000 30.596417 18.070492 -0.001601 1.489721 0.667102 4.477907 -0.115217 -0.345942
8.157000 30.609314 18.159494 -0.001638 1.483853 0.624518 4.457073 -0.115057 -0.288561
8.177000 30.619322 18.248777 -0.001527 1.481856 0.487202 4.469107 -0.097200 -0.123546
8.197000 30.626625 18.338236 -0.001403 1.482451 0.349733 4.479693 -0.092741 0.019786
8.217000 30.631381 18.427840 -0.001380 1.485739 0.218814 4.483185 -0.098185 0.150670
8.237000 30.633331 18.517477 -0.001403 1.491461 0.075303 4.483304 -0.094822 0.290548
8.257000 30.632617 18.606858 -0.001331 1.499279 -0.063022 4.458665 -0.088941 0.394100
8.277000 30.630723 18.694270 -0.001429 1.507353 -0.077662 4.365694 -0.109040 0.386870
8.297000 30.630166 18.780261 -0.001567 1.513583 -0.001548 4.282852 -0.114794 0.274852
8.317000 30.631877 18.865321 -0.001606 1.516440 0.089325 4.249564 -0.109712 0.125947
8.337000 30.636700 18.949993 -0.001529 1.515867 0.231959 4.233029 -0.102007 -0.023998
8.357000 30.644330 19.034349 -0.001464 1.512600 0.374944 4.215597 -0.099204 -0.163311
8.377000 30.654820 19.118303 -0.001440 1.506761 0.526614 4.195444 -0.098243 -0.290154
8.397000 30.668273 19.201875 -0.001394 1.498582 0.675774 4.173945 -0.092380 -0.430598
8.417000 30.682308 19.285392 -0.001399 1.491150 0.667066 4.183057 -0.103585 -0.352112
8.437000 30.693306 19.369348 -0.001445 1.487136 0.543749 4.203575 -0.097195 -0.192540
8.457000 30.701700 19.453713 -0.001356 1.485808 0.409306 4.222768 -0.090021 -0.045762
8.477000 30.707416 19.538294 -0.001389 1.487256 0.275509 4.230139 -0.098491 0.068987
8.497000 30.710614 19.623041 -0.001372 1.491163 0.146358 4.241236 -0.090269 0.222275
8.517000 30.711393 19.706503 -0.001312 1.496980 0.027285 4.168286 -0.090699 0.307547
8.537000 30.710685 19.788210 -0.001426 1.503692 -0.044326 4.085102 -0.108748 0.352821
8.557000 30.710581 19.869103 -0.001566 1.509121 0.020168 4.041299 -0.114429 0.229643
8.577000 30.713868 19.949677 -0.001493 1.510403 0.167122 4.038027 -0.093640 0.057198
8.597000 30.719927 20.029971 -0.001343 1.509256 0.302951 4.020126 -0.087195 -0.083722
8.617000 30.728290 20.109716 -0.001318 1.505616 0.427655 3.995075 -0.093227 -0.209069
8.637000 30.739255 20.189115 -0.001335 1.499814 0.553098 3.971154 -0.091447 -0.323571
8.657000 30.751745 20.268221 -0.001393 1.492990 0.609016 3.957978 -0.104786 -0.339007
8.677000 30.761905 20.347560 -0.001491 1.489263 0.493448 3.973487 -0.099617 -0.168402
8.697000 30.769325 20.427253 -0.001350 1.488209 0.362882 3.984897 -0.085201 -0.032512
8.717000 30.774765 20.507015 -0.001325 1.489491 0.264845 3.989933 -0.095779 0.078521
8.737000 30.777684 20.586963 -0.001362 1.493195 0.130809 4.003174 -0.091993 0.213781
8.757000 30.778481 20.666789 -0.001353 1.498612 0.029565 3.983538 -0.098658 0.296917
8.777000 30.778376 20.744542 -0.001499 1.504352 0.029833 3.890407 -0.112371 0.278516
8.797000 30.779489 20.820773 -0.001599 1.508426 0.090022 3.800800 -0.115634 0.191873
8.817000 30.782501 20.896115 -0.001605 1.509673 0.177364 3.766131 -0.103347 0.047238
8.837000 30.788782 20.971033 -0.001411 1.507503 0.316804 3.757370 -0.088659 -0.120812
8.857000 30.797696 21.045615 -0.001311 1.503335 0.446764 3.728808 -0.087715 -0.241466
8.877000 30.808264 21.119760 -0.001355 1.497870 0.539275 3.704944 -0.102654 -0.288682
8.897000 30.819291 21.193861 -0.001519 1.492382 0.549524 3.712509 -0.113352 -0.242974
8.917000 30.828015 21.268151 -0.001577 1.489571 0.409502 3.719384 -0.104038 -0.130741
8.937000 30.833551 21.342707 -0.001415 1.490024 0.273204 3.732464 -0.089384 0.030510
8.957000 30.836805 21.417502 -0.001311 1.492860 0.151208 3.744779 -0.087683 0.176293
8.977000 30.837997 21.492478 -0.001322 1.497544 0.049321 3.749815 -0.096375 0.256278
8.997000 30.838121 21.567508 -0.001476 1.502827 -0.006503 3.749498 -0.111528 0.251792
9.017000 30.839906 21.641430 -0.001562 1.505938 0.098484 3.681728 -0.105282 0.136747
9.037000 30.844261 21.713309 -0.001440 1.506215 0.222460 3.582466 -0.092475 0.026766
9.057000 30.850682 21.783530 -0.001347 1.504240 0.334923 3.518858 -0.090371 -0.101689
9.077000 30.859397 21.852965 -0.001337 1.499825 0.445139 3.473125 -0.090900 -0.244074
9.097000 30.870272 21.921612 -0.001323 1.493671 0.551886 3.423316 -0.093744 -0.331589
9.117000 30.880789 21.990006 -0.001447 1.488748 0.507065 3.425192 -0.106016 -0.220905
9.137000 30.888186 22.058771 -0.001428 1.487094 0.362644 3.444501 -0.092207 -0.067606
9.157000 30.893095 22.127881 -0.001314 1.487992 0.239648 3.460797 -0.087799 0.081452
9.177000 30.895528 22.197193 -0.001325 1.491375 0.114261 3.470673 -0.091949 0.203798
9.197000 30.896086 22.266663 -0.001379 1.496318 0.018726 3.474149 -0.103293 0.269961
9.217000 30.897111 22.336059 -0.001526 1.500062 0.071549 3.467148 -0.111494 0.143471
9.237000 30.901467 22.405244 -0.001454 1.500702 0.227415 3.452030 -0.089823 -0.004484
9.257000 30.907729 22.474136 -0.001338 1.499627 0.329347 3.446315 -0.093860 -0.066360
9.277000 30.915311 22.543000 -0.001443 1.497089 0.411038 3.441324 -0.108802 -0.123336
9.297000 30.923026 22.611815 -0.001569 1.494385 0.376673 3.445017 -0.114826 -0.093092
9.317000 30.928817 22.679436 -0.001626 1.493403 0.268861 3.380093 -0.114414 -0.012095
9.337000 30.932056 22.745081 -0.001546 1.495013 0.146275 3.289552 -0.101163 0.098214
9.357000 30.933719 22.809361 -0.001518 1.498079 0.057841 3.207541 -0.110140 0.163859
9.377000 30.936135 22.872793 -0.001593 1.500332 0.155582 3.156301 -0.115128 0.058068
9.397000 30.939828 22.935883 -0.001634 1.501438 0.184826 3.157538 -0.116362 0.070753
9.417000 30.943921 22.998993 -0.001649 1.501633 0.245673 3.152396 -0.116385 -0.045539
9.437000 30.950236 23.061848 -0.001650 1.499626 0.348527 3.137569 -0.116218 -0.117919
9.457000 30.956944 23.124680 -0.001652 1.497588 0.307214 3.146409 -0.116614 -0.056819
9.477000 30.962095 23.187684 -0.001655 1.496860 0.253571 3.149589 -0.116711 -0.029772
9.497000 30.967408 23.250634 -0.001656 1.496072 0.276322 3.146061 -0.116754 -0.043618
9.517000 30.972410 23.313623 -0.001656 1.495983 0.219884 3.156310 -0.116744 0.049870
9.537000 30.976192 23.376768 -0.001656 1.496808 0.189530 3.155106 -0.116747 0.034619
9.557000 30.980230 23.439839 -0.001656 1.497395 0.210075 3.152587 -0.116763 0.017938
9.577000 30.984662 23.502890 -0.001656 1.497700 0.227004 3.153162 -0.116765 0.020108
9.597000 30.989041 23.565970 -0.001656 1.498020 0.222543 3.154407 -0.116764 0.024497
9.617000 30.993125 23.627694 -0.001657 1.498277 0.207724 3.085159 -0.116771 0.020054
9.637000 30.997006 23.687363 -0.001657 1.498492 0.205205 2.991510 -0.116785 0.021732
9.657000 31.000892 23.745374 -0.001657 1.498768 0.207876 2.898286 -0.116811 0.019938
9.677000 31.005030 23.802179 -0.001658 1.498777 0.219478 2.818145 -0.116812 0.009767
9.697000 31.009110 23.858612 -0.001657 1.498766 0.211372 2.823200 -0.116791 0.011419
9.717000 31.013182 23.915065 -0.001657 1.498712 0.213242 2.821971 -0.116777 0.002103
9.737000 31.017340 23.971503 -0.001657 1.498617 0.214377 2.821877 -0.116773 0.002672
9.757000 31.021494 24.027941 -0.001657 1.498539 0.212754 2.821998 -0.116773 0.004872
9.777000 31.025586 24.084384 -0.001656 1.498520 0.209090 2.822026 -0.116772 0.005105
9.797000 31.029668 24.140823 -0.001656 1.498505 0.208599 2.821763 -0.116773 0.004178
9.817000 31.033755 24.197260 -0.001656 1.498508 0.208947 2.821884 -0.116773 0.005754
9.837000 31.037851 24.253699 -0.001656 1.498511 0.210249 2.822001 -0.116773 0.006066
9.857000 31.041949 24.310142 -0.001656 1.498509 0.210501 2.822126 -0.116773 0.006535
9.877000 31.046039 24.366585 -0.001656 1.498509 0.210299 2.822163 -0.116773 0.006630
9.897000 31.050128 24.423029 -0.001656 1.498507 0.210280 2.822156 -0.116773 0.006580
9.917000 31.054214 24.479473 -0.001656 1.498509 0.209992 2.822183 -0.116773 0.006839
9.937000 31.058295 24.535917 -0.001656 1.498513 0.209729 2.822156 -0.116773 0.006710
9.957000 31.062315 24.592019 -0.001656 1.498514 0.198296 2.799411 -0.116770 0.011125
9.977000 31.065598 24.645984 -0.001657 1.498790 0.167341 2.708145 -0.116789 0.028247
9.997000 31.068829 24.698109 -0.001657 1.499094 0.175292 2.613992 -0.116799 0.020345
10.017000 31.072276 24.748551 -0.001658 1.499234 0.190664 2.519853 -0.116824 0.006121
10.037000 31.075889 24.797787 -0.001658 1.499200 0.185235 2.439425 -0.116823 0.011773
10.057000 31.079330 24.846639 -0.001657 1.499234 0.178833 2.443818 -0.116800 0.008483
10.077000 31.082793 24.895509 -0.001657 1.499238 0.179387 2.443246 -0.116787 0.006152
10.097000 31.086284 24.944374 -0.001657 1.499244 0.179741 2.443200 -0.116783 0.006217
10.117000 31.089789 24.993237 -0.001657 1.499237 0.180927 2.443011 -0.116782 0.004476
10.137000 31.093318 25.042099 -0.001657 1.499215 0.181734 2.443074 -0.116781 0.004864
10.157000 31.096844 25.090962 -0.001657 1.499196 0.181426 2.443151 -0.116781 0.005473
10.177000 31.100359 25.139826 -0.001657 1.499185 0.181038 2.443171 -0.116781 0.005554
10.197000 31.103878 25.188690 -0.001657 1.499171 0.181655 2.443143 -0.116781 0.005371
10.217000 31.107395 25.237555 -0.001657 1.499165 0.180808 2.443313 -0.116781 0.006712
10.237000 31.110887 25.286421 -0.001657 1.499173 0.179739 2.443237 -0.116781 0.006282
10.257000 31.114381 25.335286 -0.001657 1.499180 0.179805 2.443154 -0.116782 0.005944
10.277000 31.117881 25.384150 -0.001657 1.499186 0.180036 2.443151 -0.116782 0.005956
10.297000 31.121381 25.433014 -0.001657 1.499192 0.180014 2.443166 -0.116782 0.006016
10.317000 31.124885 25.481877 -0.001657 1.499193 0.180605 2.443113 -0.116782 0.005501
10.337000 31.128400 25.530741 -0.001657 1.499188 0.181113 2.443167 -0.116782 0.005761
10.357000 31.131848 25.579264 -0.001657 1.499160 0.168797 2.420403 -0.116777 0.003651
10.377000 31.134670 25.625646 -0.001657 1.499188 0.145385 2.328872 -0.116805 0.013130
10.397000 31.137445 25.670184 -0.001658 1.499269 0.149759 2.235874 -0.116805 0.009317
10.417000 31.140294 25.712872 -0.001658 1.499300 0.154240 2.141435 -0.116818 0.005900
10.437000 31.143201 25.754007 -0.001658 1.499341 0.151102 2.049220 -0.116840 0.011508
10.457000 31.146004 25.794054 -0.001658 1.499429 0.146661 1.990872 -0.116831 0.009559
10.477000 31.148812 25.833918 -0.001657 1.499446 0.146712 1.993624 -0.116808 0.007285
10.497000 31.151638 25.873790 -0.001657 1.499466 0.146932 1.993574 -0.116797 0.007243
10.517000 31.154479 25.913661 -0.001657 1.499466 0.148016 1.993333 -0.116794 0.004978
10.537000 31.157340 25.953528 -0.001657 1.499454 0.148097 1.993356 -0.116793 0.005296
10.557000 31.160195 25.993396 -0.001657 1.499446 0.147687 1.993352 -0.116793 0.005359
10.577000 31.163045 26.033264 -0.001657 1.499443 0.147269 1.993325 -0.116793 0.005272
10.597000 31.165895 26.073131 -0.001657 1.499440 0.147244 1.993289 -0.116793 0.005136
10.617000 31.168744 26.112998 -0.001657 1.499440 0.146954 1.993309 -0.116793 0.005382
10.637000 31.171588 26.152865 -0.001657 1.499443 0.146678 1.993279 -0.116793 0.005242
10.657000 31.174433 26.192732 -0.001657 1.499447 0.146709 1.993253 -0.116793 0.005100
10.677000 31.177281 26.232598 -0.001657 1.499448 0.146898 1.993248 -0.116793 0.005082
10.697000 31.180130 26.272464 -0.001657 1.499449 0.146913 1.993261 -0.116793 0.005135
10.717000 31.182979 26.312330 -0.001657 1.499449 0.147047 1.993250 -0.116793 0.005007
10.737000 31.185831 26.352196 -0.001657 1.499448 0.147173 1.993262 -0.116793 0.005068
10.757000 31.188683 26.392063 -0.001657 1.499446 0.147152 1.993273 -0.116793 0.005127
10.777000 31.191533 26.431929 -0.001657 1.499445 0.147057 1.993275 -0.116793 0.005131
10.797000 31.194382 26.471796 -0.001657 1.499445 0.147045 1.993267 -0.116793 0.005100
10.817000 31.196832 26.510307 -0.001657 1.499279 0.113981 1.925030 -0.116814 -0.003803
10.837000 31.198921 26.546777 -0.001658 1.499165 0.112846 1.832546 -0.116826 -0.001177
10.857000 31.201047 26.581393 -0.001658 1.499054 0.112719 1.739776 -0.116828 -0.000682
10.877000 31.203133 26.614153 -0.001658 1.498980 0.109440 1.647148 -0.116824 0.001410
10.897000 31.205165 26.645071 -0.001658 1.498991 0.106610 1.553199 -0.116835 0.005838
10.917000 31.207204 26.674445 -0.001658 1.499067 0.107695 1.460748 -0.116854 0.006887
10.937000 31.209223 26.702730 -0.001658 1.499119 0.104131 1.403353 -0.116850 0.008195
10.957000 31.211178 26.730848 -0.001658 1.499166 0.101954 1.406263 -0.116826 0.005843
10.977000 31.213166 26.758971 -0.001657 1.499187 0.103652 1.406015 -0.116815 0.004929
10.997000 31.215169 26.787094 -0.001657 1.499206 0.103986 1.406110 -0.116812 0.005429
11.017000 31.217175 26.815216 -0.001657 1.499216 0.104299 1.406012 -0.116811 0.004300
11.037000 31.219186 26.843338 -0.001657 1.499220 0.104139 1.406008 -0.116810 0.004382
11.057000 31.221195 26.871459 -0.001657 1.499226 0.103894 1.405986 -0.116810 0.004215
11.077000 31.223202 26.899580 -0.001657 1.499232 0.103626 1.405942 -0.116810 0.004032
11.097000 31.225209 26.927700 -0.001657 1.499239 0.103546 1.405914 -0.116811 0.003928
11.117000 31.227221 26.955819 -0.001657 1.499242 0.104017 1.405865 -0.116811 0.003528
11.137000 31.229241 26.983938 -0.001657 1.499241 0.104384 1.405905 -0.116811 0.003739
11.157000 31.231260 27.012058 -0.001657 1.499239 0.104352 1.405934 -0.116811 0.003839
11.177000 31.233277 27.040179 -0.001657 1.499238 0.104330 1.405935 -0.116811 0.003826
11.197000 31.235295 27.068299 -0.001657 1.499236 0.104346 1.405934 -0.116811 0.003821
11.217000 31.237312 27.096419 -0.001657 1.499235 0.104261 1.405944 -0.116811 0.003910
11.237000 31.239326 27.124539 -0.001657 1.499236 0.104157 1.405936 -0.116811 0.003865
11.257000 31.241341 27.152659 -0.001657 1.499236 0.104153 1.405927 -0.116811 0.003836
11.277000 31.243357 27.180779 -0.001657 1.499236 0.104146 1.405926 -0.116811 0.003834
11.297000 31.245372 27.208899 -0.001657 1.499237 0.104138 1.405925 -0.116811 0.003828
11.317000 31.247387 27.237019 -0.001657 1.499237 0.104161 1.405921 -0.116811 0.003802
11.337000 31.249403 27.265139 -0.001657 1.499237 0.104180 1.405923 -0.116811 0.003810
11.357000 31.251419 27.293259 -0.001657 1.499237 0.104176 1.405924 -0.116811 0.003812
11.377000 31.253435 27.321379 -0.001657 1.499237 0.104177 1.405923 -0.116811 0.003808
11.397000 31.255451 27.349499 -0.001657 1.499237 0.104177 1.405923 -0.116811 0.003806
11.417000 31.257466 27.377619 -0.001657 1.499237 0.104170 1.405923 -0.116811 0.003807
11.437000 31.259482 27.405739 -0.001657 1.499237 0.104164 1.405922 -0.116811 0.003802
11.457000 31.261498 27.433859 -0.001657 1.499237 0.104161 1.405921 -0.116811 0.003798
11.477000 31.263513 27.461978 -0.001657 1.499237 0.104159 1.405921 -0.116811 0.003795
11.497000 31.265529 27.490098 -0.001657 1.499237 0.104156 1.405920 -0.116811 0.003792
11.517000 31.266829 27.516884 -0.001657 1.498555 0.041013 1.338803 -0.116847 -0.059018
11.537000 31.267625 27.541648 -0.001658 1.497468 0.042349 1.246910 -0.116866 -0.052973
11.557000 31.268496 27.564558 -0.001658 1.496578 0.043138 1.154370 -0.116870 -0.046251
11.577000 31.269288 27.585611 -0.001658 1.495738 0.039023 1.061718 -0.116876 -0.043693
11.597000 31.270016 27.604809 -0.001658 1.494966 0.035952 0.968955 -0.116878 -0.040462
11.617000 31.270682 27.622150 -0.001658 1.494259 0.032703 0.876139 -0.116879 -0.037048
11.637000 31.271281 27.637635 -0.001658 1.493624 0.029335 0.783274 -0.116879 -0.033506
11.657000 31.271812 27.651262 -0.001658 1.493060 0.025923 0.690362 -0.116879 -0.029897
11.677000 31.272277 27.663030 -0.001658 1.492572 0.022919 0.597417 -0.116881 -0.025731
11.697000 31.272676 27.672939 -0.001658 1.492161 0.020420 0.504470 -0.116886 -0.021013
11.717000 31.273002 27.680989 -0.001658 1.491826 0.017271 0.411542 -0.116888 -0.016596
11.737000 31.273254 27.687181 -0.001658 1.491568 0.013948 0.318624 -0.116889 -0.012350
11.757000 31.273432 27.691515 -0.001658 1.491387 0.010389 0.225760 -0.116880 -0.008291
11.777000 31.273566 27.694010 -0.001658 1.491315 0.009872 0.131388 -0.116899 -0.000687
11.797000 31.273667 27.695060 -0.001658 1.491322 0.005486 0.039169 -0.116915 0.003770
11.817000 31.273684 27.695125 -0.001658 1.491314 0.002030 -0.001390 -0.116908 -0.000130
11.837000 31.273672 27.695126 -0.001658 1.491298 -0.001178 0.000041 -0.116888 -0.000641
11.857000 31.273653 27.695125 -0.001658 1.491293 -0.002111 -0.000302 -0.116878 -0.001970
11.877000 31.273646 27.695120 -0.001657 1.491289 -0.002087 -0.000453 -0.116872 -0.002342
11.897000 31.273645 27.695114 -0.001657 1.491287 -0.001902 -0.000469 -0.116871 -0.002276
11.917000 31.273645 27.695107 -0.001657 1.491287 -0.001957 -0.000463 -0.116871 -0.002234
11.937000 31.273645 27.695100 -0.001657 1.491286 -0.001956 -0.000463 -0.116871 -0.002224
11.957000 31.273644 27.695094 -0.001657 1.491286 -0.001950 -0.000462 -0.116871 -0.002218
11.977000 31.273644 27.695087 -0.001657 1.491286 -0.001946 -0.000461 -0.116871 -0.002212
11.997000 31.273643 27.695081 -0.001657 1.491286 -0.001941 -0.000460 -0.116871 -0.002206
12.017000 31.273643 27.695075 -0.001657 1.491286 -0.001936 -0.000459 -0.116871 -0.002201
12.037000 31.273643 27.695068 -0.001657 1.491286 -0.001931 -0.000458 -0.116871 -0.002196
12.057000 31.273642 27.695062 -0.001657 1.491286 -0.001926 -0.000457 -0.116871 -0.002191
12.077000 31.273642 27.695055 -0.001657 1.491286 -0.001922 -0.000456 -0.116871 -0.002185
12.097000 31.273641 27.695049 -0.001657 1.491286 -0.001917 -0.000455 -0.116871 -0.002180
12.117000 31.273641 27.695043 -0.001657 1.491287 -0.001912 -0.000453 -0.116871 -0.002175
12.137000 31.273640 27.695036 -0.001657 1.491287 -0.001907 -0.000452 -0.116871 -0.002170
12.157000 31.273640 27.695030 -0.001657 1.491287 -0.001902 -0.000451 -0.116871 -0.002164
12.177000 31.273639 27.695024 -0.001657 1.491287 -0.001897 -0.000450 -0.116871 -0.002159
12.197000 31.273639 27.695017 -0.001657 1.491287 -0.001892 -0.000449 -0.116871 -0.002154
12.217000 31.273638 27.695011 -0.001657 1.491287 -0.001887 -0.000448 -0.116871 -0.002149
12.237000 31.273638 27.695005 -0.001657 1.491287 -0.001883 -0.000447 -0.116871 -0.002144
12.257000 31.273637 27.694999 -0.001657 1.491287 -0.001878 -0.000446 -0.116871 -0.002138
12.277000 31.273637 27.694992 -0.001657 1.491287 -0.001873 -0.000445 -0.116871 -0.002133
12.297000 31.273636 27.694986 -0.001657 1.491287 -0.001868 -0.000444 -0.116871 -0.002128
12.317000 31.273636 27.694980 -0.001657 1.491287 -0.001863 -0.000443 -0.116871 -0.002123
12.337000 31.273636 27.694974 -0.001657 1.491287 -0.001858 -0.000442 -0.116871 -0.002117
12.357000 31.273635 27.694968 -0.001657 1.491287 -0.001853 -0.000441 -0.116871 -0.002112
12.377000 31.273635 27.694962 -0.001657 1.491287 -0.001848 -0.000440 -0.116870 -0.002107
12.397000 31.273634 27.694956 -0.001657 1.491287 -0.001844 -0.000439 -0.116870 -0.002102
12.417000 31.273634 27.694950 -0.001657 1.491287 -0.001839 -0.000438 -0.116870 -0.002097
12.437000 31.273633 27.694944 -0.001657 1.491287 -0.001834 -0.000437 -0.116870 -0.002091
12.457000 31.273633 27.694938 -0.001657 1.491287 -0.001829 -0.000436 -0.116870 -0.002086
12.477000 31.273632 27.694932 -0.001657 1.491287 -0.001824 -0.000435 -0.116870 -0.002081
12.497000 31.273632 27.694926 -0.001657 1.491287 -0.001819 -0.000434 -0.116870 -0.002076
12.517000 31.273631 27.694920 -0.001657 1.491287 -0.001815 -0.000432 -0.116870 -0.002071
12.537000 31.273631 27.694914 -0.001657 1.491287 -0.001810 -0.000431 -0.116870 -0.002065
12.557000 31.273631 27.694908 -0.001657 1.491287 -0.001805 -0.000430 -0.116870 -0.002060
12.577000 31.273630 27.694902 -0.001657 1.491287 -0.001800 -0.000429 -0.116870 -0.002055
12.597000 31.273630 27.694896 -0.001657 1.491287 -0.001795 -0.000428 -0.116870 -0.002050
12.617000 31.273629 27.694890 -0.001657 1.491287 -0.001790 -0.000427 -0.116870 -0.002045
12.637000 31.273629 27.694884 -0.001657 1.491287 -0.001786 -0.000426 -0.116870 -0.002040
12.657000 31.273628 27.694878 -0.001657 1.491287 -0.001781 -0.000425 -0.116870 -0.002034
12.677000 31.273628 27.694873 -0.001657 1.491287 -0.001776 -0.000424 -0.116870 -0.002029
12.697000 31.273628 27.694867 -0.001657 1.491287 -0.001771 -0.000423 -0.116870 -0.002024
12.717000 31.273627 27.694861 -0.001657 1.491287 -0.001766 -0.000422 -0.116870 -0.002019
12.737000 31.273627 27.694855 -0.001657 1.491287 -0.001762 -0.000421 -0.116870 -0.002014
12.757000 31.273626 27.694850 -0.001657 1.491287 -0.001757 -0.000420 -0.116870 -0.002009
12.777000 31.273626 27.694844 -0.001657 1.491287 -0.001752 -0.000419 -0.116870 -0.002004
12.797000 31.273625 27.694838 -0.001657 1.491287 -0.001747 -0.000418 -0.116870 -0.001998
12.817000 31.273625 27.694832 -0.001657 1.491287 -0.001742 -0.000417 -0.116870 -0.001993
12.837000 31.273625 27.694827 -0.001657 1.491287 -0.001738 -0.000416 -0.116870 -0.001988
12.857000 31.273624 27.694821 -0.001657 1.491287 -0.001733 -0.000415 -0.116870 -0.001983
12.877000 31.273624 27.694816 -0.001657 1.491287 -0.001728 -0.000414 -0.116870 -0.001978
12.897000 31.273623 27.694810 -0.001657 1.491287 -0.001723 -0.000413 -0.116870 -0.001973
12.917000 31.273623 27.694804 -0.001657 1.491287 -0.001719 -0.000412 -0.116870 -0.001968
12.937000 31.273623 27.694799 -0.001657 1.491287 -0.001714 -0.000411 -0.116870 -0.001962
12.957000 31.273622 27.694793 -0.001657 1.491287 -0.001709 -0.000410 -0.116870 -0.001957
12.977000 31.273622 27.694788 -0.001657 1.491287 -0.001704 -0.000409 -0.116870 -0.001952
12.997000 31.273621 27.694782 -0.001657 1.491287 -0.001699 -0.000408 -0.116870 -0.001947
13.017000 31.273621 27.694777 -0.001657 1.491287 -0.001695 -0.000407 -0.116870 -0.001942
13.037000 31.273621 27.694771 -0.001657 1.491287 -0.001690 -0.000406 -0.116870 -0.001937
13.057000 31.273620 27.694766 -0.001657 1.491287 -0.001685 -0.000405 -0.116870 -0.001932
13.077000 31.273620 27.694761 -0.001657 1.491287 -0.001680 -0.000404 -0.116870 -0.001927
13.097000 31.273619 27.694755 -0.001657 1.491287 -0.001676 -0.000403 -0.116870 -0.001922
13.117000 31.273619 27.694750 -0.001657 1.491287 -0.001671 -0.000402 -0.116870 -0.001917
13.137000 31.273619 27.694744 -0.001657 1.491287 -0.001666 -0.000401 -0.116870 -0.001911
13.157000 31.273618 27.694739 -0.001657 1.491287 -0.001662 -0.000400 -0.116870 -0.001906
13.177000 31.273618 27.694734 -0.001657 1.491287 -0.001657 -0.000399 -0.116870 -0.001901
13.197000 31.273617 27.694728 -0.001657 1.491287 -0.001652 -0.000398 -0.116870 -0.001896
13.217000 31.273617 27.694723 -0.001657 1.491287 -0.001647 -0.000396 -0.116870 -0.001891
13.237000 31.273617 27.694718 -0.001657 1.491287 -0.001643 -0.000395 -0.116870 -0.001886
13.257000 31.273616 27.694713 -0.001657 1.491287 -0.001638 -0.000394 -0.116870 -0.001881
13.277000 31.273616 27.694707 -0.001657 1.491287 -0.001633 -0.000393 -0.116870 -0.001876
13.297000 31.273615 27.694702 -0.001657 1.491287 -0.001628 -0.000392 -0.116870 -0.001871
13.317000 31.273615 27.694697 -0.001657 1.491287 -0.001624 -0.000391 -0.116870 -0.001866
13.337000 31.273615 27.694692 -0.001657 1.491287 -0.001619 -0.000390 -0.116870 -0.001861
13.357000 31.273614 27.694687 -0.001657 1.491287 -0.001614 -0.000389 -0.116870 -0.001856
13.377000 31.273614 27.694682 -0.001657 1.491287 -0.001610 -0.000388 -0.116870 -0.001850
13.397000 31.273614 27.694676 -0.001657 1.491288 -0.001605 -0.000387 -0.116870 -0.001845
13.417000 31.273613 27.694671 -0.001657 1.491288 -0.001600 -0.000386 -0.116870 -0.001840
13.437000 31.273613 27.694666 -0.001657 1.491288 -0.001595 -0.000385 -0.116870 -0.001835
13.457000 31.273612 27.694661 -0.001657 1.491288 -0.001591 -0.000384 -0.116870 -0.001830
13.477000 31.273612 27.694656 -0.001657 1.491288 -0.001586 -0.000383 -0.116870 -0.001825
13.497000 31.273612 27.694651 -0.001657 1.491288 -0.001581 -0.000382 -0.116870 -0.001820
13.517000 31.273611 27.694646 -0.001657 1.491288 -0.001577 -0.000381 -0.116870 -0.001815
13.537000 31.273611 27.694641 -0.001657 1.491288 -0.001572 -0.000380 -0.116870 -0.001810
13.557000 31.273611 27.694636 -0.001657 1.491288 -0.001567 -0.000379 -0.116870 -0.001805
13.577000 31.273610 27.694631 -0.001657 1.491288 -0.001563 -0.000378 -0.116870 -0.001800
13.597000 31.273610 27.694626 -0.001657 1.491288 -0.001558 -0.000377 -0.116870 -0.001795
13.617000 31.273609 27.694622 -0.001657 1.491288 -0.001553 -0.000376 -0.116870 -0.001790
13.637000 31.273609 27.694617 -0.001657 1.491288 -0.001549 -0.000375 -0.116870 -0.001785
13.657000 31.273609 27.694612 -0.001657 1.491288 -0.001544 -0.000374 -0.116870 -0.001780
13.677000 31.273608 27.694607 -0.001657 1.491288 -0.001539 -0.000373 -0.116870 -0.001775
13.697000 31.273608 27.694602 -0.001657 1.491288 -0.001535 -0.000372 -0.116870 -0.001770
13.717000 31.273608 27.694597 -0.001657 1.491288 -0.001530 -0.000371 -0.116870 -0.001765
13.737000 31.273607 27.694592 -0.001657 1.491288 -0.001525 -0.000370 -0.116870 -0.001760
13.757000 31.273607 27.694588 -0.001657 1.491288 -0.001521 -0.000369 -0.116870 -0.001755
13.777000 31.273607 27.694583 -0.001657 1.491288 -0.001516 -0.000368 -0.116870 -0.001750
13.797000 31.273606 27.694578 -0.001657 1.491288 -0.001511 -0.000367 -0.116870 -0.001745
13.817000 31.273606 27.694574 -0.001657 1.491288 -0.001507 -0.000366 -0.116870 -0.001740
13.837000 31.273606 27.694569 -0.001657 1.491288 -0.001502 -0.000365 -0.116870 -0.001735
13.857000 31.273605 27.694564 -0.001657 1.491288 -0.001497 -0.000364 -0.116870 -0.001730
13.877000 31.273605 27.694559 -0.001657 1.491288 -0.001493 -0.000363 -0.116870 -0.001725
13.897000 31.273605 27.694555 -0.001657 1.491288 -0.001488 -0.000362 -0.116870 -0.001720
13.917000 31.273604 27.694550 -0.001657 1.491288 -0.001483 -0.000361 -0.116870 -0.001715
13.937000 31.273604 27.694546 -0.001657 1.491288 -0.001479 -0.000360 -0.116870 -0.001710
13.957000 31.273604 27.694541 -0.001657 1.491288 -0.001474 -0.000359 -0.116870 -0.001705
13.977000 31.273603 27.694536 -0.001657 1.491288 -0.001470 -0.000358 -0.116870 -0.001700
13.997000 31.273603 27.694532 -0.001657 1.491288 -0.001465 -0.000357 -0.116870 -0.001695
14.017000 31.273603 27.694527 -0.001657 1.491288 -0.001460 -0.000356 -0.116870 -0.001690
14.037000 31.273602 27.694523 -0.001657 1.491288 -0.001456 -0.000355 -0.116870 -0.001685
14.057000 31.273602 27.694518 -0.001657 1.491288 -0.001451 -0.000354 -0.116870 -0.001680
14.077000 31.273602 27.694514 -0.001657 1.491288 -0.001446 -0.000353 -0.116870 -0.001675
14.097000 31.273601 27.694509 -0.001657 1.491288 -0.001442 -0.000352 -0.116870 -0.001670
14.117000 31.273601 27.694505 -0.001657 1.491288 -0.001437 -0.000352 -0.116870 -0.001665
14.137000 31.273601 27.694501 -0.001657 1.491288 -0.001433 -0.000351 -0.116870 -0.001660
14.157000 31.273600 27.694496 -0.001657 1.491288 -0.001428 -0.000350 -0.116870 -0.001655
14.177000 31.273600 27.694492 -0.001657 1.491288 -0.001423 -0.000349 -0.116870 -0.001650
14.197000 31.273600 27.694488 -0.001657 1.491288 -0.001419 -0.000348 -0.116870 -0.001645
14.217000 31.273599 27.694483 -0.001657 1.491288 -0.001414 -0.000347 -0.116870 -0.001640
14.237000 31.273599 27.694479 -0.001657 1.491288 -0.001410 -0.000346 -0.116870 -0.001635
14.257000 31.273599 27.694475 -0.001657 1.491288 -0.001405 -0.000345 -0.116870 -0.001630
14.277000 31.273598 27.694470 -0.001657 1.491288 -0.001400 -0.000344 -0.116870 -0.001625
14.297000 31.273598 27.694466 -0.001657 1.491288 -0.001396 -0.000343 -0.116870 -0.001620
14.317000 31.273598 27.694462 -0.001657 1.491288 -0.001391 -0.000342 -0.116870 -0.001615
14.337000 31.273598 27.694458 -0.001657 1.491288 -0.001387 -0.000341 -0.116870 -0.001610
14.357000 31.273597 27.694453 -0.001657 1.491288 -0.001382 -0.000340 -0.116870 -0.001605
14.377000 31.273597 27.694449 -0.001657 1.491288 -0.001378 -0.000339 -0.116870 -0.001601
14.397000 31.273597 27.694445 -0.001657 1.491288 -0.001373 -0.000338 -0.116869 -0.001596
14.417000 31.273596 27.694441 -0.001657 1.491288 -0.001368 -0.000337 -0.116869 -0.001591
14.437000 31.273596 27.694437 -0.001657 1.491288 -0.001364 -0.000336 -0.116869 -0.001586
14.457000 31.273596 27.694433 -0.001657 1.491288 -0.001359 -0.000335 -0.116869 -0.001581
14.477000 31.273595 27.694428 -0.001657 1.491288 -0.001355 -0.000334 -0.116869 -0.001576
14.497000 31.273595 27.694424 -0.001657 1.491288 -0.001350 -0.000333 -0.116869 -0.001571
14.517000 31.273595 27.694420 -0.001657 1.491288 -0.001346 -0.000332 -0.116869 -0.001566
14.537000 31.273595 27.694416 -0.001657 1.491288 -0.001341 -0.000331 -0.116869 -0.001561
14.557000 31.273594 27.694412 -0.001657 1.491289 -0.001336 -0.000330 -0.116869 -0.001556
14.577000 31.273594 27.694408 -0.001657 1.491289 -0.001332 -0.000329 -0.116869 -0.001551
14.597000 31.273594 27.694404 -0.001657 1.491289 -0.001327 -0.000328 -0.116869 -0.001546
14.617000 31.273593 27.694400 -0.001657 1.491289 -0.001323 -0.000327 -0.116869 -0.001541
14.637000 31.273593 27.694396 -0.001657 1.491289 -0.001318 -0.000326 -0.116869 -0.001536
14.657000 31.273593 27.694392 -0.001657 1.491289 -0.001314 -0.000325 -0.116869 -0.001532
14.677000 31.273593 27.694388 -0.001657 1.491289 -0.001309 -0.000324 -0.116869 -0.001527
14.697000 31.273592 27.694385 -0.001657 1.491289 -0.001305 -0.000323 -0.116869 -0.001522
14.717000 31.273592 27.694381 -0.001657 1.491289 -0.001300 -0.000322 -0.116869 -0.001517
14.737000 31.273592 27.694377 -0.001657 1.491289 -0.001296 -0.000321 -0.116869 -0.001512
14.757000 31.273592 27.694373 -0.001657 1.491289 -0.001291 -0.000320 -0.116869 -0.001507
14.777000 31.273591 27.694369 -0.001657 1.491289 -0.001286 -0.000319 -0.116869 -0.001502
14.797000 31.273591 27.694365 -0.001657 1.491289 -0.001282 -0.000318 -0.116869 -0.001497
14.817000 31.273591 27.694362 -0.001657 1.491289 -0.001277 -0.000318 -0.116869 -0.001492
14.837000 31.273590 27.694358 -0.001657 1.491289 -0.001273 -0.000317 -0.116869 -0.001487
14.857000 31.273590 27.694354 -0.001657 1.491289 -0.001268 -0.000316 -0.116869 -0.001483
14.877000 31.273590 27.694350 -0.001657 1.491289 -0.001264 -0.000315 -0.116869 -0.001478
14.897000 31.273590 27.694347 -0.001657 1.491289 -0.001259 -0.000314 -0.116869 -0.001473
14.917000 31.273589 27.694343 -0.001657 1.491289 -0.001255 -0.000313 -0.116869 -0.001468
14.937000 31.273589 27.694339 -0.001657 1.491289 -0.001250 -0.000312 -0.116869 -0.001463
14.957000 31.273589 27.694336 -0.001657 1.491289 -0.001246 -0.000311 -0.116869 -0.001458
14.977000 31.273589 27.694332 -0.001657 1.491289 -0.001241 -0.000310 -0.116869 -0.001453
14.997000 31.273588 27.694328 -0.001657 1.491289 -0.001237 -0.000309 -0.116869 -0.001448
15.017000 31.273588 27.694325 -0.001657 1.491289 -0.001232 -0.000308 -0.116869 -0.001444
15.037000 31.273588 27.694321 -0.001657 1.491289 -0.001228 -0.000307 -0.116869 -0.001439
15.057000 31.273588 27.694317 -0.001657 1.491289 -0.001223 -0.000306 -0.116869 -0.001434
15.077000 31.273587 27.694314 -0.001657 1.491289 -0.001219 -0.000305 -0.116869 -0.001429
15.097000 31.273587 27.694310 -0.001657 1.491289 -0.001214 -0.000304 -0.116869 -0.001424
15.117000 31.273587 27.694307 -0.001657 1.491289 -0.001210 -0.000303 -0.116869 -0.001419
15.137000 31.273587 27.694303 -0.001657 1.491289 -0.001205 -0.000302 -0.116869 -0.001414
15.157000 31.273586 27.694300 -0.001657 1.491289 -0.001201 -0.000301 -0.116869 -0.001410
15.177000 31.273586 27.694296 -0.001657 1.491289 -0.001196 -0.000300 -0.116869 -0.001405
15.197000 31.273586 27.694293 -0.001657 1.491289 -0.001192 -0.000299 -0.116869 -0.001400
15.217000 31.273586 27.694290 -0.001657 1.491289 -0.001188 -0.000298 -0.116869 -0.001395
15.237000 31.273585 27.694286 -0.001657 1.491289 -0.001183 -0.000297 -0.116869 -0.001390
15.257000 31.273585 27.694283 -0.001657 1.491289 -0.001179 -0.000297 -0.116869 -0.001385
15.277000 31.273585 27.694279 -0.001657 1.491289 -0.001174 -0.000296 -0.116869 -0.001380
15.297000 31.273585 27.694276 -0.001657 1.491289 -0.001170 -0.000295 -0.116869 -0.001376
15.317000 31.273584 27.694273 -0.001657 1.491289 -0.001165 -0.000294 -0.116869 -0.001371
15.337000 31.273584 27.694269 -0.001657 1.491289 -0.001161 -0.000293 -0.116869 -0.001366
15.357000 31.273584 27.694266 -0.001657 1.491289 -0.001156 -0.000292 -0.116869 -0.001361
15.377000 31.273584 27.694263 -0.001657 1.491289 -0.001152 -0.000291 -0.116869 -0.001356
15.397000 31.273583 27.694259 -0.001657 1.491289 -0.001147 -0.000290 -0.116869 -0.001351
15.417000 31.273583 27.694256 -0.001657 1.491289 -0.001143 -0.000289 -0.116869 -0.001347
15.437000 31.273583 27.694253 -0.001657 1.491289 -0.001138 -0.000288 -0.116869 -0.001342
15.457000 31.273583 27.694250 -0.001657 1.491289 -0.001134 -0.000287 -0.116869 -0.001337
15.477000 31.273583 27.694247 -0.001657 1.491289 -0.001130 -0.000286 -0.116869 -0.001332
15.497000 31.273582 27.694243 -0.001657 1.491289 -0.001125 -0.000285 -0.116869 -0.001327
15.517000 31.273582 27.694240 -0.001657 1.491289 -0.001121 -0.000284 -0.116869 -0.001322
15.537000 31.273582 27.694237 -0.001657 1.491289 -0.001116 -0.000283 -0.116869 -0.001318
15.557000 31.273582 27.694234 -0.001657 1.491289 -0.001112 -0.000282 -0.116869 -0.001313
15.577000 31.273581 27.694231 -0.001657 1.491289 -0.001107 -0.000282 -0.116869 -0.001308
15.597000 31.273581 27.694228 -0.001657 1.491289 -0.001103 -0.000281 -0.116869 -0.001303
15.617000 31.273581 27.694225 -0.001657 1.491289 -0.001098 -0.000280 -0.116869 -0.001298
15.637000 31.273581 27.694222 -0.001657 1.491289 -0.001094 -0.000279 -0.116869 -0.001294
15.657000 31.273581 27.694219 -0.001657 1.491290 -0.001090 -0.000278 -0.116869 -0.001289
15.677000 31.273580 27.694216 -0.001657 1.491290 -0.001085 -0.000277 -0.116869 -0.001284
15.697000 31.273580 27.694213 -0.001657 1.491290 -0.001081 -0.000276 -0.116869 -0.001279
15.717000 31.273580 27.694210 -0.001657 1.491290 -0.001076 -0.000275 -0.116869 -0.001274
15.737000 31.273580 27.694207 -0.001657 1.491290 -0.001072 -0.000274 -0.116869 -0.001270
15.757000 31.273580 27.694204 -0.001657 1.491290 -0.001068 -0.000273 -0.116869 -0.001265
15.777000 31.273579 27.694201 -0.001657 1.491290 -0.001063 -0.000272 -0.116869 -0.001260
15.797000 31.273579 27.694198 -0.001657 1.491290 -0.001059 -0.000271 -0.116869 -0.001255
15.817000 31.273579 27.694195 -0.001657 1.491290 -0.001054 -0.000270 -0.116869 -0.001250
15.837000 31.273579 27.694192 -0.001657 1.491290 -0.001050 -0.000269 -0.116869 -0.001246
15.857000 31.273579 27.694189 -0.001657 1.491290 -0.001046 -0.000268 -0.116869 -0.001241
15.877000 31.273578 27.694186 -0.001657 1.491290 -0.001041 -0.000268 -0.116869 -0.001236
15.897000 31.273578 27.694184 -0.001657 1.491290 -0.001037 -0.000267 -0.116869 -0.001231
15.917000 31.273578 27.694181 -0.001657 1.491290 -0.001032 -0.000266 -0.116869 -0.001226
15.937000 31.273578 27.694178 -0.001657 1.491290 -0.001028 -0.000265 -0.116869 -0.001222
