# stamp x y z yaw vx vy vz angular_v
0.178000 0.000000 0.000000 -0.000709 0.000000 0.000001 -0.000016 -0.088711 -0.000009
0.198000 0.000001 0.000000 -0.001311 0.000000 -0.000010 -0.000010 -0.110497 -0.000003
0.218000 0.000002 0.000000 -0.001549 0.000000 -0.000020 -0.000014 -0.115420 -0.000004
0.238000 0.000004 0.000000 -0.001626 0.000000 -0.000025 -0.000014 -0.116533 -0.000004
0.258000 0.000006 0.000000 -0.001648 0.000000 -0.000027 -0.000014 -0.116785 -0.000004
0.278000 0.000008 0.000000 -0.001655 0.000000 -0.000028 -0.000014 -0.116842 -0.000004
0.298000 0.000009 0.000000 -0.001657 0.000000 -0.000028 -0.000015 -0.116855 -0.000004
0.318000 0.000011 0.000000 -0.001657 0.000000 -0.000028 -0.000015 -0.116858 -0.000004
0.338000 0.000013 0.000000 -0.001657 0.000000 -0.000028 -0.000015 -0.116859 -0.000004
0.358000 0.000015 0.000000 -0.001657 0.000000 -0.000028 -0.000015 -0.116859 -0.000004
0.378000 0.000016 0.000000 -0.001657 0.000000 -0.000028 -0.000015 -0.116859 -0.000004
0.398000 0.000018 0.000000 -0.001657 0.000000 -0.000028 -0.000015 -0.116859 -0.000004
0.418000 0.000020 0.000000 -0.001657 0.000000 -0.000028 -0.000015 -0.116859 -0.000004
0.438000 0.000022 0.000000 -0.001657 0.000000 -0.000028 -0.000015 -0.116859 -0.000004
0.458000 0.000023 0.000000 -0.001657 0.000000 -0.000028 -0.000015 -0.116859 -0.000004
0.478000 0.000025 0.000000 -0.001657 0.000000 -0.000028 -0.000015 -0.116859 -0.000004
0.498000 0.000027 0.000000 -0.001657 0.000000 -0.000028 -0.000015 -0.116859 -0.000004
0.518000 0.000029 0.000000 -0.001657 0.000000 -0.000028 -0.000015 -0.116859 -0.000004
0.538000 0.000030 0.000000 -0.001657 0.000000 -0.000028 -0.000015 -0.116859 -0.000004
0.558000 0.000032 0.000000 -0.001657 0.000000 -0.000028 -0.000015 -0.116859 -0.000004
0.578000 0.000034 0.000000 -0.001657 0.000000 -0.000028 -0.000015 -0.116859 -0.000004
0.598000 0.000036 0.000000 -0.001657 0.000000 -0.000028 -0.000015 -0.116859 -0.000004
0.618000 0.000037 0.000000 -0.001657 0.000000 -0.000028 -0.000015 -0.116859 -0.000004
0.638000 0.000039 0.000000 -0.001657 0.000000 -0.000028 -0.000015 -0.116859 -0.000004
0.658000 0.000041 0.000000 -0.001657 0.000000 -0.000028 -0.000015 -0.116859 -0.000004
0.678000 0.000043 0.000000 -0.001657 0.000000 -0.000028 -0.000015 -0.116859 -0.000004
0.698000 0.000044 0.000000 -0.001657 0.000000 -0.000028 -0.000015 -0.116859 -0.000004
0.718000 0.000046 0.000000 -0.001657 0.000000 -0.000028 -0.000015 -0.116859 -0.000004
0.738000 0.000048 0.000000 -0.001657 0.000000 -0.000028 -0.000015 -0.116859 -0.000004
0.758000 0.000050 0.000000 -0.001657 0.000000 -0.000028 -0.000015 -0.116859 -0.000004
0.778000 0.000051 0.000000 -0.001657 0.000000 -0.000028 -0.000015 -0.116859 -0.000004
0.798000 0.000053 0.000000 -0.001657 0.000000 -0.000028 -0.000015 -0.116859 -0.000004
0.818000 0.000055 0.000000 -0.001657 0.000000 -0.000028 -0.000015 -0.116859 -0.000004
0.838000 0.001899 -0.000016 -0.001653 -0.000017 0.095193 -0.002481 -0.116606 -0.002437
0.858000 0.006117 -0.000110 -0.001651 -0.000107 0.195747 -0.005867 -0.116687 -0.005211
0.878000 0.012225 -0.000221 -0.001653 -0.000196 0.292267 -0.001393 -0.116783 0.000410
0.898000 0.020223 -0.000075 -0.001655 -0.000018 0.387877 0.010510 -0.116818 0.011355
0.918000 0.030128 0.000094 -0.001656 0.000148 0.483805 0.007055 -0.116830 0.006185
0.938000 0.041947 0.000119 -0.001656 0.000141 0.579339 -0.007266 -0.116833 -0.009002
0.958000 0.055677 -0.000060 -0.001656 -0.000054 0.675125 -0.006945 -0.116834 -0.006755
0.978000 0.071323 -0.000153 -0.001656 -0.000134 0.770894 -0.001392 -0.116835 -0.000167
0.998000 0.088884 -0.000072 -0.001656 -0.000031 0.866615 0.005554 -0.116834 0.006201
1.018000 0.108360 -0.000001 -0.001656 0.000041 0.962394 0.002241 -0.116834 0.002042
1.038000 0.129751 -0.000028 -0.001656 0.000005 1.058075 -0.006289 -0.116834 -0.006707
1.058000 0.153056 -0.000170 -0.001656 -0.000133 1.153830 -0.005928 -0.116834 -0.005002
1.078000 0.178275 -0.000238 -0.001656 -0.000175 1.249422 0.003980 -0.116835 0.005962
1.098000 0.205403 0.000078 -0.001656 0.000165 1.344910 0.019065 -0.116834 0.018768
1.118000 0.234446 0.000380 -0.001656 0.000429 1.440774 0.012856 -0.116834 0.009836
1.138000 0.265391 0.000228 -0.001656 0.000191 1.534917 -0.035413 -0.116833 -0.039482
1.158000 0.298231 -0.000568 -0.001656 -0.000610 1.630823 -0.032916 -0.116833 -0.029194
1.178000 0.332990 -0.001039 -0.001656 -0.000958 1.725578 -0.001440 -0.116854 0.007435
1.198000 0.369606 -0.000102 -0.001656 0.000133 1.818524 0.068484 -0.116821 0.071419
1.218000 0.408135 0.000943 -0.001656 0.001112 1.915695 0.038546 -0.116830 0.030735
1.238000 0.448542 0.000809 -0.001656 0.000761 2.006361 -0.047809 -0.116587 -0.057781
1.258000 0.490760 -0.001147 -0.001654 -0.001281 2.099075 -0.108988 -0.116656 -0.103570
1.278000 0.534911 -0.002565 -0.001655 -0.002415 2.195053 -0.036661 -0.116746 -0.016436
1.298000 0.580861 -0.001721 -0.001651 -0.001159 2.284086 0.070756 -0.115388 0.085529
1.318000 0.628605 0.001021 -0.001644 0.001715 2.374451 0.162412 -0.116038 0.156070
1.338000 0.678166 0.002883 -0.001639 0.003182 2.464247 0.066080 -0.109256 0.040740
1.358000 0.729479 0.001873 -0.001403 0.001633 2.554020 -0.068803 -0.083177 -0.086757
1.378000 0.782589 -0.001056 -0.001322 -0.001495 2.644638 -0.167573 -0.096833 -0.163834
1.398000 0.837584 -0.004212 -0.001484 -0.004284 2.741773 -0.127141 -0.112067 -0.095613
1.418000 0.894586 -0.005755 -0.001592 -0.005058 2.840869 -0.055720 -0.115584 -0.014107
1.438000 0.953511 -0.006321 -0.001635 -0.004758 2.934188 0.012031 -0.116455 0.055191
1.458000 1.014317 -0.005311 -0.001649 -0.002997 3.028970 0.054439 -0.116695 0.083777
1.478000 1.077050 -0.004708 -0.001654 -0.001946 3.125632 0.009028 -0.116762 0.026481
1.498000 1.141706 -0.004798 -0.001655 -0.001723 3.221378 -0.001629 -0.116808 0.013853
1.518000 1.208274 -0.004580 -0.001656 -0.001226 3.316881 0.016682 -0.116825 0.028747
1.538000 1.276753 -0.004179 -0.001656 -0.000635 3.412416 0.025663 -0.116830 0.032984
1.558000 1.347143 -0.003598 -0.001656 0.000033 3.508026 0.030142 -0.116831 0.031737
1.578000 1.419444 -0.002917 -0.001656 0.000693 3.603201 0.047030 -0.116839 0.044001
1.598000 1.493638 -0.001532 -0.001656 0.001935 3.698005 0.078077 -0.116833 0.065679
1.618000 1.569744 -0.000046 -0.001656 0.003061 3.793947 0.072362 -0.116831 0.049598
1.638000 1.647712 0.000416 -0.001656 0.002966 3.884950 -0.008542 -0.115841 -0.035899
1.658000 1.727473 -0.001571 -0.001607 0.000515 3.975640 -0.126059 -0.109842 -0.138099
1.678000 1.809056 -0.005056 -0.001605 -0.002948 4.066126 -0.168093 -0.114601 -0.149998
1.698000 1.892467 -0.006340 -0.001532 -0.003654 4.159482 -0.047438 -0.093150 -0.017030
1.718000 1.977750 -0.005275 -0.001316 -0.001987 4.253494 0.070744 -0.084324 0.091960
1.738000 2.064899 -0.002827 -0.001362 0.000712 4.347434 0.115933 -0.105069 0.114787
1.758000 2.153957 -0.001604 -0.001531 0.001740 4.443198 0.027511 -0.113755 0.012752
1.778000 2.244948 -0.001838 -0.001611 0.001215 4.538923 -0.021764 -0.116029 -0.033456
1.798000 2.337860 -0.002225 -0.001642 0.000648 4.634491 -0.014691 -0.116647 -0.020890
1.818000 2.432688 -0.002531 -0.001652 0.000246 4.730033 -0.018603 -0.116790 -0.021824
1.838000 2.529405 -0.002146 -0.001655 0.000618 4.823020 0.059321 -0.116654 0.058002
1.858000 2.627975 0.000190 -0.001654 0.002813 4.916329 0.141554 -0.116638 0.124842
1.878000 2.728452 0.002346 -0.001655 0.004414 5.011834 0.075052 -0.116612 0.039327
1.898000 2.830775 0.001953 -0.001606 0.003264 5.104140 -0.044393 -0.104404 -0.076199
1.918000 2.934942 -0.000753 -0.001481 0.000072 5.196789 -0.160585 -0.102861 -0.170064
1.938000 3.040967 -0.003594 -0.001548 -0.002647 5.290031 -0.115975 -0.112658 -0.097641
1.958000 3.148892 -0.004014 -0.001524 -0.002572 5.385695 -0.000090 -0.099888 0.022993
1.978000 3.258723 -0.002520 -0.001478 -0.000677 5.480663 0.099551 -0.107449 0.109923
1.998000 3.370456 -0.001096 -0.001570 0.000777 5.576208 0.032018 -0.114551 0.025211
2.018000 3.484112 -0.001093 -0.001625 0.000640 5.671719 0.004735 -0.116273 -0.000515
2.038000 3.599654 0.000053 -0.001646 0.001688 5.764517 0.100524 -0.116587 0.092186
2.058000 3.717062 0.002877 -0.001652 0.004168 5.859015 0.143628 -0.116734 0.114816
2.078000 3.836394 0.005147 -0.001655 0.005668 5.954679 0.086269 -0.116694 0.040366
2.098000 3.957593 0.005113 -0.001629 0.004666 6.048174 -0.027098 -0.109783 -0.070200
2.118000 4.080661 0.002917 -0.001572 0.001744 6.141614 -0.139598 -0.110998 -0.162098
2.138000 4.205608 0.000439 -0.001608 -0.000898 6.236166 -0.093880 -0.115076 -0.089463
2.158000 4.332473 0.000070 -0.001629 -0.001066 6.332184 0.007115 -0.114989 0.017326
2.178000 4.461255 0.001179 -0.001639 0.000200 6.427588 0.073941 -0.116236 0.075810
2.198000 4.591945 0.002723 -0.001649 0.001661 6.523180 0.072939 -0.116694 0.061974
2.218000 4.724549 0.004215 -0.001654 0.002840 6.618587 0.080821 -0.116802 0.060511
2.238000 4.859037 0.004945 -0.001655 0.003043 6.712079 0.003431 -0.116152 -0.023813
2.258000 4.995389 0.003395 -0.001642 0.001006 6.805686 -0.107236 -0.114956 -0.122191
2.278000 5.133618 0.000412 -0.001642 -0.002053 6.900001 -0.138730 -0.116221 -0.127009
2.298000 5.273765 -0.000965 -0.001647 -0.003009 6.996187 -0.040479 -0.115837 -0.015462
2.318000 5.415834 -0.000645 -0.001647 -0.002187 7.092032 0.028918 -0.116309 0.049250
2.338000 5.559801 0.000065 -0.001651 -0.001125 7.185952 0.075947 -0.116734 0.090536
2.358000 5.705650 0.002106 -0.001654 0.001044 7.280967 0.103886 -0.116802 0.100499
2.378000 5.853409 0.003818 -0.001656 0.002513 7.375795 0.061716 -0.116687 0.042334
2.398000 6.003038 0.003344 -0.001637 0.001597 7.469710 -0.049075 -0.111851 -0.066257
2.418000 6.154543 0.000823 -0.001607 -0.001143 7.563280 -0.159620 -0.113702 -0.157493
2.438000 6.307930 -0.001780 -0.001630 -0.003435 7.657826 -0.101992 -0.115377 -0.075495
2.458000 6.463223 -0.002050 -0.001597 -0.003090 7.753514 0.008766 -0.108638 0.036820
2.478000 6.620419 -0.000588 -0.001592 -0.001142 7.847865 0.109165 -0.114047 0.124338
2.498000 6.779499 0.002017 -0.001628 0.001567 7.943058 0.122664 -0.116173 0.114525
2.518000 6.940502 0.004319 -0.001646 0.003539 8.038615 0.121498 -0.116683 0.097453
2.538000 7.103386 0.005994 -0.001653 0.004582 8.134040 0.050787 -0.116298 0.014143
2.558000 7.268069 0.005603 -0.001648 0.003527 8.229774 -0.051009 -0.115972 -0.089822
2.578000 7.434012 0.004298 -0.001650 0.001678 8.312806 -0.045236 -0.116588 -0.079210
2.598000 7.600648 0.003524 -0.001654 0.000551 8.333065 -0.041350 -0.116789 -0.060420
2.618000 7.767292 0.002367 -0.001656 -0.000685 8.331751 -0.063774 -0.116853 -0.065468
2.638000 7.933929 0.000863 -0.001657 -0.002068 8.331649 -0.084369 -0.116873 -0.074243
2.658000 8.100558 -0.000958 -0.001657 -0.003540 8.330981 -0.096448 -0.116877 -0.071099
2.678000 8.267183 -0.002781 -0.001657 -0.004696 8.331047 -0.064424 -0.116892 -0.014870
2.698000 8.433853 -0.002887 -0.001657 -0.004157 8.334521 0.013383 -0.116859 0.030014
2.718000 8.600532 -0.003009 -0.001657 -0.003619 8.333697 -0.011129 -0.116870 0.018285
2.738000 8.767210 -0.002257 -0.001657 -0.002053 8.334822 0.090386 -0.116743 0.124538
2.758000 8.933917 0.000619 -0.001656 0.001037 8.334493 0.162950 -0.116759 0.160760
2.778000 9.100619 0.003377 -0.001656 0.003531 8.334214 0.109133 -0.116772 0.084498
2.798000 9.267322 0.003724 -0.001653 0.003355 8.333358 -0.018879 -0.116133 -0.052072
2.818000 9.433946 0.002688 -0.001652 0.001984 8.329001 -0.048212 -0.116606 -0.059647
2.838000 9.600574 0.001602 -0.001655 0.000384 8.331482 -0.081856 -0.116815 -0.107492
2.858000 9.767203 -0.000402 -0.001656 -0.001698 8.331464 -0.103143 -0.116860 -0.103046
2.878000 9.933830 -0.002356 -0.001657 -0.003264 8.331280 -0.076434 -0.116859 -0.042456
2.898000 10.100493 -0.001892 -0.001654 -0.002248 8.335592 0.059694 -0.115944 0.087296
2.918000 10.267180 0.000308 -0.001650 0.000127 8.330921 0.125082 -0.116413 0.125168
2.938000 10.433822 0.001341 -0.001653 0.001096 8.331191 0.006435 -0.116336 0.000208
2.958000 10.600466 0.000082 -0.001651 -0.000155 8.330444 -0.094416 -0.116376 -0.079926
2.978000 10.767077 -0.001166 -0.001654 -0.001218 8.329769 -0.023470 -0.116719 -0.015051
2.998000 10.933721 0.000353 -0.001652 0.000425 8.334867 0.108495 -0.115764 0.116852
3.018000 11.100407 0.003657 -0.001648 0.003496 8.330578 0.189440 -0.116273 0.163543
3.038000 11.267050 0.006019 -0.001652 0.005203 8.331184 0.074426 -0.116234 0.040368
3.058000 11.433708 0.005972 -0.001648 0.004481 8.330928 -0.031354 -0.115998 -0.054481
3.078000 11.600318 0.005409 -0.001651 0.003198 8.330882 -0.038326 -0.116645 -0.087332
3.098000 11.766947 0.003751 -0.001655 0.000899 8.331666 -0.100737 -0.116811 -0.125745
3.118000 11.933574 0.001669 -0.001656 -0.001340 8.331554 -0.103784 -0.116863 -0.107794
3.138000 12.100209 0.000253 -0.001657 -0.002458 8.331928 -0.031018 -0.116888 -0.010084
3.158000 12.266858 -0.000336 -0.001657 -0.002810 8.332624 -0.040418 -0.116874 -0.028985
3.178000 12.433511 -0.001289 -0.001657 -0.003172 8.332158 -0.025736 -0.116893 0.019826
3.198000 12.600195 -0.000508 -0.001657 -0.001888 8.334744 0.065552 -0.116857 0.075986
3.218000 12.766892 0.000562 -0.001657 -0.000571 8.334498 0.048171 -0.116868 0.053851
3.238000 12.933573 0.000406 -0.001657 -0.000701 8.334208 -0.056889 -0.116616 -0.061947
3.258000 13.100204 -0.001823 -0.001655 -0.002607 8.330698 -0.128725 -0.116672 -0.097340
3.278000 13.266827 -0.003735 -0.001656 -0.004050 8.331161 -0.062984 -0.116841 -0.025177
3.298000 13.433493 -0.003829 -0.001657 -0.003623 8.334097 0.014005 -0.116845 0.025391
3.318000 13.600169 -0.003932 -0.001657 -0.003172 8.333594 -0.010736 -0.116867 0.013711
3.338000 13.766845 -0.003186 -0.001657 -0.001675 8.334703 0.089588 -0.116735 0.122049
3.358000 13.933550 -0.000286 -0.001656 0.001374 8.334417 0.165359 -0.116748 0.160048
3.378000 14.100251 0.002520 -0.001656 0.003846 8.334151 0.111232 -0.116768 0.083260
3.398000 14.266953 0.002890 -0.001653 0.003642 8.333354 -0.016888 -0.116099 -0.053449
3.418000 14.433577 0.001849 -0.001651 0.002227 8.328807 -0.050464 -0.116585 -0.062545
3.438000 14.600204 0.000760 -0.001655 0.000592 8.331385 -0.081434 -0.116812 -0.107296
3.458000 14.766832 -0.001218 -0.001656 -0.001508 8.331468 -0.102253 -0.116861 -0.104019
3.478000 14.933459 -0.003159 -0.001657 -0.003096 8.331253 -0.076281 -0.116859 -0.043180
3.498000 15.100121 -0.002688 -0.001654 -0.002096 8.335593 0.059749 -0.115942 0.086734
3.518000 15.266808 -0.000477 -0.001650 0.000258 8.330886 0.126432 -0.116411 0.123459
3.538000 15.433470 0.001004 -0.001653 0.001735 8.334396 0.037694 -0.116760 0.028316
3.558000 15.600158 0.001832 -0.001656 0.002455 8.334063 0.053066 -0.116848 0.047078
3.578000 15.766837 0.002980 -0.001657 0.003026 8.333369 0.036368 -0.116808 -0.005260
3.598000 15.933496 0.001639 -0.001653 0.001140 8.333206 -0.102916 -0.115788 -0.126266
3.618000 16.100103 -0.001583 -0.001648 -0.002116 8.327741 -0.187575 -0.116230 -0.172880
3.638000 16.266674 -0.003927 -0.001652 -0.003993 8.328670 -0.073655 -0.116278 -0.049881
3.658000 16.433324 -0.003731 -0.001647 -0.003333 8.331803 0.032527 -0.115632 0.047697
3.678000 16.599960 -0.002756 -0.001648 -0.001875 8.331791 0.063264 -0.116489 0.090798
3.698000 16.766649 -0.000909 -0.001653 0.000357 8.334799 0.107478 -0.116782 0.112437
3.718000 16.933345 0.001218 -0.001656 0.002456 8.333337 0.110815 -0.116858 0.097380
3.738000 17.100020 0.002371 -0.001657 0.003079 8.334295 0.010567 -0.116561 -0.023371
3.758000 17.266668 0.001342 -0.001654 0.001760 8.330080 -0.074883 -0.116604 -0.071548
3.778000 17.433296 0.000439 -0.001655 0.000577 8.332010 -0.037920 -0.116812 -0.045342
3.798000 17.599940 -0.000438 -0.001656 -0.000485 8.332027 -0.053177 -0.116865 -0.054132
3.818000 17.766582 -0.001617 -0.001657 -0.001584 8.331976 -0.065437 -0.116877 -0.052389
3.838000 17.933228 -0.001819 -0.001657 -0.001383 8.332466 0.039087 -0.116648 0.062942
3.858000 18.099920 0.000227 -0.001655 0.000699 8.333567 0.128375 -0.116646 0.113630
3.878000 18.266615 0.002129 -0.001656 0.002393 8.334689 0.057500 -0.116781 0.034821
3.898000 18.433289 0.002029 -0.001656 0.002081 8.332027 -0.026881 -0.116778 -0.020063
3.918000 18.599949 0.002002 -0.001656 0.001773 8.333052 0.006645 -0.116852 -0.003634
3.938000 18.766596 0.001212 -0.001657 0.000433 8.331966 -0.089904 -0.116652 -0.116429
3.958000 18.933215 -0.001761 -0.001655 -0.002481 8.330752 -0.170065 -0.116682 -0.155162
3.978000 19.099823 -0.004676 -0.001656 -0.004842 8.330311 -0.116303 -0.116802 -0.077531
3.998000 19.266477 -0.005098 -0.001654 -0.004536 8.334458 0.013213 -0.116123 0.058046
4.018000 19.433155 -0.004064 -0.001652 -0.002985 8.331312 0.053561 -0.116587 0.071257
4.038000 19.599835 -0.002907 -0.001655 -0.001189 8.333358 0.083308 -0.116813 0.108049
4.058000 19.766535 -0.000988 -0.001656 0.000963 8.334647 0.100455 -0.116863 0.105399
4.078000 19.933195 0.001510 -0.001658 0.003555 8.329224 0.148123 -0.116222 0.144039
4.098000 20.099670 0.007932 -0.001513 0.009334 8.326081 0.343954 -0.093769 0.263972
4.118000 20.266164 0.017507 -0.001371 0.017160 8.324510 0.495920 -0.090963 0.390968
4.138000 20.432634 0.029500 -0.001358 0.026195 8.320359 0.610286 -0.098440 0.466799
4.158000 20.598983 0.043200 -0.001494 0.035645 8.314591 0.709266 -0.112003 0.500409
4.178000 20.765262 0.058313 -0.001598 0.045154 8.307543 0.780210 -0.115049 0.481476
4.198000 20.931080 0.077826 -0.001518 0.057036 8.290370 0.992955 -0.097065 0.575903
4.218000 21.096608 0.101238 -0.001405 0.070399 8.275629 1.191421 -0.093795 0.655394
4.238000 21.261227 0.127215 -0.001423 0.083836 8.222140 1.310176 -0.106415 0.669415
4.258000 21.425069 0.153403 -0.001554 0.096209 8.194835 1.318904 -0.114415 0.594088
4.278000 21.588663 0.180649 -0.001622 0.107764 8.184985 1.402766 -0.116238 0.577742
4.298000 21.752033 0.209460 -0.001646 0.118985 8.175735 1.475254 -0.116668 0.559135
4.318000 21.915129 0.239961 -0.001654 0.130078 8.161849 1.567881 -0.116718 0.560684
4.338000 22.077011 0.273488 -0.001635 0.142667 8.089019 1.736529 -0.105641 0.625018
4.358000 22.237169 0.311170 -0.001384 0.157180 8.008964 1.906199 -0.083959 0.718711
4.378000 22.396065 0.351771 -0.001284 0.172444 7.937700 2.047437 -0.089395 0.765014
4.398000 22.553947 0.394330 -0.001424 0.187122 7.889884 2.140097 -0.109243 0.749914
4.418000 22.711471 0.438192 -0.001567 0.201049 7.886289 2.207513 -0.115071 0.709001
4.438000 22.867715 0.484906 -0.001599 0.216089 7.795391 2.374946 -0.103200 0.761654
4.458000 23.021810 0.535732 -0.001396 0.232846 7.701004 2.555884 -0.087665 0.834436
4.478000 23.174329 0.589656 -0.001321 0.250209 7.620943 2.710849 -0.092733 0.867490
4.498000 23.325845 0.645175 -0.001460 0.266291 7.574760 2.774726 -0.110846 0.793821
4.518000 23.476974 0.701567 -0.001583 0.281113 7.557149 2.843966 -0.115433 0.755627
4.538000 23.626762 0.761616 -0.001588 0.297676 7.474639 3.037148 -0.101378 0.847351
4.558000 23.774580 0.826328 -0.001407 0.315882 7.381515 3.243570 -0.090320 0.907838
4.578000 23.920798 0.894514 -0.001349 0.334658 7.300053 3.434534 -0.095250 0.925532
4.598000 24.066120 0.964657 -0.001479 0.352616 7.269886 3.530786 -0.111438 0.896191
4.618000 24.211103 1.036010 -0.001591 0.369795 7.248103 3.604345 -0.115559 0.860631
4.638000 24.355126 1.107863 -0.001635 0.385021 7.216976 3.557892 -0.116246 0.707468
4.658000 24.498130 1.178848 -0.001648 0.396996 7.138179 3.566875 -0.116508 0.580278
4.678000 24.639308 1.251688 -0.001655 0.409805 7.038227 3.688365 -0.115112 0.685264
4.698000 24.777785 1.329279 -0.001466 0.425869 6.907918 3.904864 -0.088662 0.787512
4.718000 24.914229 1.410419 -0.001329 0.443221 6.806159 4.075874 -0.089089 0.874250
4.738000 25.048922 1.493360 -0.001381 0.460333 6.750619 4.132030 -0.105547 0.832818
4.758000 25.182996 1.575551 -0.001539 0.474587 6.704389 4.112896 -0.114046 0.676536
4.778000 25.315753 1.658172 -0.001617 0.487286 6.643338 4.126142 -0.116044 0.603313
4.798000 25.448955 1.738901 -0.001629 0.496337 6.668899 4.016011 -0.112882 0.407344
4.818000 25.582328 1.818596 -0.001623 0.503118 6.656802 3.993792 -0.115136 0.335219
4.838000 25.713202 1.900740 -0.001552 0.513384 6.522012 4.125390 -0.091967 0.554734
4.858000 25.840981 1.986248 -0.001335 0.526591 6.381801 4.288701 -0.089275 0.653069
4.878000 25.966399 2.075147 -0.001363 0.540694 6.258603 4.471141 -0.095788 0.705109
4.898000 26.089408 2.167275 -0.001346 0.556278 6.130454 4.632625 -0.089850 0.805341
4.918000 26.210429 2.261864 -0.001365 0.572880 6.032833 4.758175 -0.101510 0.838146
4.938000 26.328531 2.358822 -0.001474 0.591063 5.869854 4.886046 -0.098321 0.935850
4.958000 26.443070 2.458733 -0.001678 0.610679 5.754169 4.991414 -0.140404 0.957266
4.978000 26.554561 2.561276 -0.001563 0.631307 5.545435 5.156570 -0.091110 1.053054
4.998000 26.664767 2.664608 -0.001483 0.649861 5.511823 5.156680 -0.107507 0.896869
5.018000 26.775129 2.767664 -0.001551 0.665416 5.514206 5.160327 -0.112534 0.776588
5.038000 26.884685 2.871349 -0.001610 0.679538 5.472834 5.191048 -0.115380 0.698532
5.058000 26.993130 2.975794 -0.001638 0.692881 5.406737 5.236693 -0.115933 0.677495
5.078000 27.099623 3.081982 -0.001644 0.706826 5.295562 5.349769 -0.113704 0.730454
5.098000 27.202716 3.191403 -0.001505 0.723512 5.136310 5.502494 -0.093106 0.850007
5.118000 27.302996 3.303637 -0.001364 0.741521 5.003854 5.641988 -0.091250 0.923892
5.138000 27.401267 3.416910 -0.001413 0.758943 4.929537 5.643391 -0.107157 0.846631
5.158000 27.499102 3.529099 -0.001554 0.773371 4.887649 5.602335 -0.114411 0.687624
5.178000 27.595103 3.641806 -0.001624 0.787403 4.773896 5.665603 -0.114974 0.755015
5.198000 27.687451 3.757221 -0.001533 0.804710 4.619009 5.783656 -0.099057 0.868978
5.218000 27.776670 3.875109 -0.001444 0.822855 4.458076 5.905699 -0.098379 0.910412
5.238000 27.863390 3.993879 -0.001478 0.839961 4.333472 5.921733 -0.109576 0.828628
5.258000 27.949439 4.111541 -0.001580 0.854424 4.302298 5.877455 -0.115023 0.695818
5.278000 28.034298 4.229453 -0.001631 0.868076 4.211996 5.909879 -0.116345 0.700195
5.298000 28.117439 4.348282 -0.001648 0.881580 4.131240 5.954652 -0.116658 0.686940
5.318000 28.199017 4.468034 -0.001654 0.894911 4.049026 5.999306 -0.116711 0.677683
5.338000 28.277374 4.588640 -0.001635 0.909913 3.881626 6.046563 -0.105649 0.774502
5.358000 28.351517 4.710767 -0.001419 0.926599 3.695403 6.114805 -0.088823 0.833725
5.378000 28.422926 4.833952 -0.001343 0.943808 3.549667 6.166142 -0.096023 0.855910
5.398000 28.493903 4.957321 -0.001485 0.958768 3.562386 6.156643 -0.111782 0.708345
5.418000 28.565029 5.080455 -0.001592 0.971652 3.532126 6.159753 -0.115559 0.639518
5.438000 28.636550 5.203075 -0.001625 0.981543 3.605728 6.105832 -0.109936 0.440430
5.458000 28.710603 5.324035 -0.001452 0.987391 3.706961 6.033273 -0.091589 0.266011
5.478000 28.784727 5.444502 -0.001446 0.992641 3.689971 6.034117 -0.107315 0.285880
5.498000 28.856493 5.565875 -0.001553 1.002416 3.599477 6.072697 -0.110954 0.494482
5.518000 28.925201 5.688470 -0.001553 1.014504 3.421938 6.130771 -0.106141 0.582153
5.538000 28.989850 5.812575 -0.001485 1.026919 3.223008 6.223719 -0.097244 0.611493
5.558000 29.050730 5.938215 -0.001399 1.039942 3.024006 6.298858 -0.093699 0.649938
5.578000 29.108551 6.065040 -0.001360 1.054228 2.871317 6.350330 -0.092798 0.717817
5.598000 29.163666 6.192785 -0.001349 1.069784 2.729914 6.385296 -0.092304 0.788803
5.618000 29.216055 6.321284 -0.001353 1.086172 2.588619 6.419152 -0.095940 0.823555
5.638000 29.265034 6.450023 -0.001409 1.103191 2.406569 6.449889 -0.096653 0.842335
5.658000 29.310496 6.579359 -0.001347 1.121122 2.246579 6.478243 -0.088903 0.903170
5.678000 29.353269 6.709226 -0.001333 1.139460 2.117714 6.506163 -0.098262 0.911871
5.698000 29.395908 6.839275 -0.001493 1.155488 2.157260 6.495007 -0.112235 0.765298
5.718000 29.438482 6.969228 -0.001596 1.169178 2.094130 6.505008 -0.115633 0.673119
5.738000 29.477767 7.099751 -0.001596 1.185149 1.954387 6.528593 -0.104796 0.819365
5.758000 29.513196 7.230946 -0.001475 1.203190 1.752743 6.561007 -0.097709 0.875429
5.778000 29.545086 7.363254 -0.001434 1.221357 1.568593 6.617964 -0.100045 0.882988
5.798000 29.574490 7.496182 -0.001502 1.239325 1.431639 6.643736 -0.110594 0.909091
5.818000 29.601576 7.629644 -0.001589 1.257478 1.308922 6.673084 -0.115066 0.913416
5.838000 29.627588 7.762476 -0.001632 1.273591 1.307257 6.628375 -0.115838 0.735585
5.858000 29.654383 7.894058 -0.001640 1.286445 1.338553 6.569336 -0.115821 0.616972
5.878000 29.680439 8.025204 -0.001646 1.298132 1.298335 6.551012 -0.114995 0.559040
5.898000 29.708914 8.155763 -0.001540 1.305130 1.420565 6.530874 -0.098700 0.352028
5.918000 29.739690 8.285591 -0.001413 1.308954 1.535515 6.488719 -0.092674 0.182221
5.938000 29.769672 8.414966 -0.001423 1.313732 1.477017 6.477423 -0.106181 0.253332
5.958000 29.796119 8.544622 -0.001522 1.321307 1.315817 6.490323 -0.106835 0.365169
5.978000 29.819221 8.674415 -0.001486 1.331111 1.149256 6.503989 -0.099016 0.486658
5.998000 29.839054 8.804150 -0.001416 1.342880 0.983057 6.483140 -0.094783 0.583029
6.018000 29.855834 8.933511 -0.001370 1.356036 0.829602 6.466304 -0.092509 0.652734
6.038000 29.869620 9.062202 -0.001379 1.370548 0.674437 6.428666 -0.098738 0.713642
6.058000 29.879920 9.189988 -0.001412 1.386269 0.497612 6.379716 -0.096539 0.779975
6.078000 29.887072 9.317337 -0.001372 1.402618 0.340247 6.366777 -0.096301 0.797354
6.098000 29.894359 9.444552 -0.001493 1.416476 0.398470 6.355000 -0.111740 0.660543
6.118000 29.902741 9.571655 -0.001593 1.428086 0.416672 6.361612 -0.115439 0.561858
6.138000 29.912118 9.698696 -0.001599 1.436396 0.479923 6.351112 -0.105194 0.393878
6.158000 29.924360 9.825510 -0.001451 1.440878 0.607753 6.348792 -0.093378 0.211842
6.178000 29.939043 9.951974 -0.001355 1.442510 0.728801 6.331996 -0.092132 0.055457
6.198000 29.956161 10.078205 -0.001408 1.441192 0.856585 6.322106 -0.099951 -0.081031
6.218000 29.976185 10.203788 -0.001387 1.437527 1.005611 6.284101 -0.091139 -0.209163
6.238000 29.996747 10.328364 -0.001398 1.433930 0.995970 6.233916 -0.105295 -0.158128
6.258000 30.014314 10.452027 -0.001414 1.433285 0.861495 6.178134 -0.090445 -0.034768
6.278000 30.029698 10.574762 -0.001306 1.434876 0.756638 6.136671 -0.089457 0.088510
6.298000 30.042547 10.697591 -0.001356 1.438864 0.616503 6.150775 -0.094824 0.203462
6.318000 30.052871 10.820641 -0.001336 1.444843 0.497411 6.152685 -0.091088 0.308226
6.338000 30.060548 10.943732 -0.001390 1.453050 0.349578 6.153301 -0.101775 0.389472
6.358000 30.064765 11.066924 -0.001436 1.463316 0.181597 6.153796 -0.097392 0.501885
6.378000 30.066528 11.190191 -0.001362 1.474532 0.095751 6.155080 -0.095494 0.523806
6.398000 30.070530 11.313026 -0.001484 1.481846 0.184532 6.142894 -0.110602 0.359762
6.418000 30.076820 11.435685 -0.001559 1.485693 0.294896 6.133377 -0.108648 0.183423
6.438000 30.085616 11.557220 -0.001471 1.487067 0.435080 6.054269 -0.091071 0.065939
6.458000 30.096472 11.677083 -0.001309 1.486547 0.551068 5.970280 -0.085596 -0.038760
6.478000 30.108790 11.796364 -0.001363 1.484434 0.642342 5.961169 -0.101488 -0.117807
6.498000 30.123760 11.915357 -0.001374 1.479434 0.763974 5.947954 -0.089563 -0.276662
6.518000 30.140973 12.034064 -0.001325 1.472974 0.867190 5.933864 -0.095316 -0.341192
6.538000 30.158560 12.151712 -0.001474 1.466915 0.846418 5.879708 -0.111413 -0.274588
6.558000 30.174357 12.268061 -0.001588 1.463042 0.749454 5.802995 -0.115230 -0.166305
6.578000 30.189372 12.383734 -0.001634 1.460530 0.735848 5.785388 -0.116170 -0.119581
6.598000 30.201485 12.499663 -0.001505 1.461653 0.591225 5.801925 -0.090586 0.054734
6.618000 30.210874 12.615932 -0.001315 1.464996 0.459982 5.819985 -0.085198 0.192847
6.638000 30.217859 12.732458 -0.001318 1.470549 0.328024 5.827481 -0.094619 0.292121
6.658000 30.222127 12.849200 -0.001343 1.478057 0.201229 5.838075 -0.091659 0.394101
6.678000 30.224193 12.966029 -0.001374 1.487146 0.077520 5.836002 -0.099586 0.471623
6.698000 30.222638 13.082798 -0.001416 1.498423 -0.108313 5.831196 -0.096184 0.558175
6.718000 30.218053 13.199682 -0.001352 1.511549 -0.244799 5.843337 -0.089206 0.661924
6.738000 30.213568 13.316208 -0.001382 1.522681 -0.204510 5.822763 -0.105277 0.549173
6.758000 30.211437 13.432499 -0.001532 1.530036 -0.105505 5.815415 -0.112058 0.383116
6.778000 30.211677 13.548680 -0.001561 1.534001 0.008288 5.811705 -0.106517 0.208085
6.798000 30.214382 13.664560 -0.001488 1.534939 0.125054 5.808793 -0.098670 0.032266
6.818000 30.219599 13.779760 -0.001414 1.533400 0.256415 5.761968 -0.094278 -0.085677
6.838000 30.227491 13.894437 -0.001407 1.529399 0.394303 5.739173 -0.102010 -0.197869
6.858000 30.238352 14.008828 -0.001476 1.523052 0.543041 5.723129 -0.102992 -0.321097
6.878000 30.252235 14.122569 -0.001436 1.514584 0.698849 5.684722 -0.095758 -0.437312
6.898000 30.268052 14.235192 -0.001435 1.505183 0.797960 5.621292 -0.105088 -0.503683
6.918000 30.285047 14.347223 -0.001548 1.495373 0.840093 5.604688 -0.113805 -0.505880
6.938000 30.300424 14.459141 -0.001580 1.488273 0.743372 5.610956 -0.103682 -0.350978
6.958000 30.313253 14.570444 -0.001425 1.484458 0.634557 5.572529 -0.091314 -0.196276
6.978000 30.324262 14.680602 -0.001336 1.482817 0.537737 5.494091 -0.090846 -0.079386
6.998000 30.334927 14.790008 -0.001442 1.481678 0.560359 5.479415 -0.109597 -0.079202
7.018000 30.347460 14.898986 -0.001572 1.479000 0.659324 5.438072 -0.115050 -0.170109
7.038000 30.361834 15.006239 -0.001628 1.474381 0.753251 5.340723 -0.115156 -0.247543
7.058000 30.378692 15.111479 -0.001592 1.467637 0.871073 5.252285 -0.108319 -0.349870
7.078000 30.396775 15.215896 -0.001589 1.460368 0.899036 5.216756 -0.113010 -0.357776
7.098000 30.412241 15.320314 -0.001566 1.456924 0.798222 5.226276 -0.105126 -0.157004
7.118000 30.425145 15.425023 -0.001489 1.456602 0.647539 5.238146 -0.099502 -0.019811
7.138000 30.435212 15.530097 -0.001403 1.458595 0.497045 5.253238 -0.090870 0.126162
7.158000 30.442933 15.635679 -0.001309 1.462661 0.388574 5.286082 -0.088023 0.230565
7.178000 30.449228 15.741473 -0.001382 1.467972 0.312624 5.290652 -0.104331 0.306823
7.198000 30.452963 15.847508 -0.001432 1.475396 0.178562 5.302753 -0.095638 0.389038
7.218000 30.454532 15.953640 -0.001380 1.484113 0.073359 5.305921 -0.097230 0.466696
7.238000 30.453756 16.058479 -0.001470 1.494149 -0.060798 5.225255 -0.104871 0.519693
7.258000 30.450337 16.161770 -0.001477 1.505551 -0.176840 5.162256 -0.103621 0.592845
7.278000 30.445793 16.264532 -0.001539 1.516766 -0.228917 5.131559 -0.112050 0.541989
7.298000 30.443741 16.366942 -0.001582 1.524135 -0.107255 5.123637 -0.110145 0.381123
7.318000 30.444181 16.469304 -0.001546 1.528258 0.008865 5.118974 -0.104662 0.206510
7.338000 30.447201 16.571599 -0.001485 1.529382 0.144724 5.115785 -0.099624 0.055563
7.358000 30.452923 16.673728 -0.001420 1.527792 0.285778 5.111385 -0.094404 -0.089561
7.378000 30.461332 16.775608 -0.001351 1.523674 0.426621 5.104054 -0.091326 -0.229264
7.398000 30.472598 16.877271 -0.001360 1.517137 0.573880 5.088563 -0.093511 -0.348254
7.418000 30.486458 16.978510 -0.001324 1.508639 0.699058 5.066199 -0.088644 -0.455517
7.438000 30.501651 17.078586 -0.001387 1.499469 0.735464 5.009029 -0.106175 -0.453079
7.458000 30.515488 17.177321 -0.001543 1.492455 0.652233 4.935507 -0.113926 -0.330447
7.478000 30.528187 17.275048 -0.001616 1.487372 0.602607 4.891229 -0.115950 -0.228717
7.498000 30.538887 17.372595 -0.001641 1.484876 0.497712 4.875800 -0.115821 -0.096813
7.518000 30.548495 17.470030 -0.001647 1.483365 0.484179 4.867897 -0.116366 -0.097744
7.538000 30.557265 17.567418 -0.001648 1.483597 0.407292 4.870243 -0.112808 0.044974
7.558000 30.562935 17.665172 -0.001507 1.486614 0.272161 4.894426 -0.095906 0.180353
7.578000 30.566722 17.763208 -0.001463 1.491105 0.175664 4.901629 -0.105844 0.252251
7.598000 30.567941 17.861380 -0.001461 1.498023 0.046287 4.908796 -0.097200 0.367608
7.618000 30.567015 17.959646 -0.001432 1.506254 -0.055398 4.914676 -0.103902 0.446540
7.638000 30.567056 18.057422 -0.001538 1.512213 0.014467 4.885280 -0.112125 0.306039
7.658000 30.569668 18.154750 -0.001580 1.514555 0.125078 4.867310 -0.109733 0.131613
7.678000 30.574804 18.251592 -0.001541 1.513879 0.242991 4.841514 -0.101912 -0.038785
7.698000 30.582530 18.346786 -0.001404 1.511250 0.378273 4.754950 -0.089850 -0.143468
7.718000 30.592585 18.440681 -0.001315 1.506756 0.499831 4.686812 -0.087431 -0.257785
7.738000 30.603704 18.534012 -0.001364 1.501997 0.526594 4.674563 -0.104768 -0.216999
7.758000 30.612742 18.627502 -0.001531 1.499552 0.432258 4.675196 -0.113388 -0.073002
7.778000 30.620491 18.720975 -0.001609 1.498034 0.399312 4.668918 -0.115693 -0.107186
7.798000 30.630793 18.814111 -0.001634 1.494116 0.540268 4.655548 -0.114110 -0.228268
7.818000 30.643481 18.907043 -0.001625 1.488629 0.648132 4.644683 -0.114442 -0.308411
7.838000 30.654999 18.999719 -0.001617 1.484839 0.544510 4.636974 -0.109049 -0.208919
7.858000 30.663350 19.092297 -0.001523 1.484125 0.423666 4.641069 -0.100846 -0.034014
7.878000 30.669234 19.184472 -0.001448 1.486108 0.298264 4.610779 -0.095809 0.108252
7.898000 30.672847 19.275148 -0.001350 1.490230 0.183721 4.517642 -0.087940 0.228345
7.918000 30.674498 19.364979 -0.001299 1.495896 0.086978 4.484992 -0.091116 0.309332
7.938000 30.676573 19.454516 -0.001426 1.500299 0.134520 4.474396 -0.106911 0.196810
7.958000 30.681677 19.543877 -0.001416 1.501333 0.268471 4.475252 -0.090666 0.021877
7.978000 30.689137 19.632959 -0.001307 1.500070 0.372287 4.449937 -0.088836 -0.094174
7.998000 30.698885 19.721796 -0.001319 1.496546 0.495345 4.442221 -0.092416 -0.200810
8.018000 30.710163 19.810487 -0.001413 1.491869 0.572535 4.433847 -0.107107 -0.252634
8.038000 30.720261 19.898976 -0.001547 1.489301 0.509450 4.425940 -0.110962 -0.102941
8.058000 30.727375 19.987482 -0.001528 1.490182 0.351732 4.427856 -0.101854 0.033449
8.078000 30.731442 20.076186 -0.001441 1.493493 0.202331 4.431580 -0.094867 0.174678
8.098000 30.732849 20.165339 -0.001352 1.498998 0.069729 4.470089 -0.089014 0.300494
8.118000 30.732239 20.254929 -0.001305 1.506135 -0.027845 4.477235 -0.090887 0.386260
8.138000 30.732057 20.344097 -0.001415 1.511746 0.008977 4.467050 -0.106580 0.259835
8.158000 30.734505 20.432286 -0.001478 1.514311 0.132645 4.413481 -0.099877 0.131285
8.178000 30.739188 20.518960 -0.001391 1.514432 0.241446 4.324088 -0.090800 0.010102
8.198000 30.745951 20.604195 -0.001319 1.512461 0.352390 4.248547 -0.087858 -0.107716
8.218000 30.754358 20.688623 -0.001331 1.508973 0.426075 4.215732 -0.098985 -0.184973
8.238000 30.764446 20.772812 -0.001491 1.503841 0.541020 4.209488 -0.110623 -0.272452
8.258000 30.776636 20.856782 -0.001581 1.497159 0.638006 4.197590 -0.114249 -0.363953
8.278000 30.789663 20.940741 -0.001626 1.490098 0.647824 4.200744 -0.116187 -0.344490
8.298000 30.802813 21.024686 -0.001647 1.483507 0.670676 4.197370 -0.116697 -0.330399
8.318000 30.816597 21.108518 -0.001654 1.476867 0.704176 4.190497 -0.116811 -0.337321
8.338000 30.828593 21.192019 -0.001611 1.472558 0.588418 4.192955 -0.104032 -0.197115
8.358000 30.837738 21.274884 -0.001457 1.471361 0.475485 4.141079 -0.094742 -0.045355
8.378000 30.844785 21.356366 -0.001384 1.472433 0.359595 4.061023 -0.092672 0.070374
8.398000 30.849933 21.436674 -0.001344 1.475157 0.263537 4.006702 -0.093938 0.160203
8.418000 30.854055 21.516741 -0.001455 1.478568 0.193269 4.002267 -0.109974 0.183254
8.438000 30.857553 21.596761 -0.001578 1.482495 0.138341 3.997811 -0.115258 0.214473
8.458000 30.860225 21.676758 -0.001631 1.486975 0.122115 3.993979 -0.116493 0.205480
8.478000 30.862716 21.756682 -0.001649 1.491425 0.089079 3.987119 -0.116754 0.243844
8.498000 30.862937 21.836772 -0.001652 1.498040 -0.007321 4.000935 -0.115845 0.360563
8.518000 30.861252 21.917009 -0.001647 1.505852 -0.099305 4.016935 -0.115991 0.434969
8.538000 30.860440 21.996839 -0.001635 1.511400 -0.031859 3.987064 -0.111433 0.281154
8.558000 30.862582 22.076163 -0.001562 1.513603 0.101050 3.969086 -0.105283 0.120380
8.578000 30.867236 22.154721 -0.001506 1.513124 0.224626 3.917938 -0.100571 -0.017757
8.598000 30.874117 22.231301 -0.001406 1.510569 0.343955 3.822687 -0.091471 -0.131012
8.618000 30.883172 22.306415 -0.001325 1.505916 0.459310 3.748183 -0.087700 -0.254616
8.638000 30.892863 22.380958 -0.001369 1.501383 0.459251 3.736596 -0.104991 -0.190068
8.658000 30.899773 22.455711 -0.001497 1.499667 0.332032 3.742958 -0.104316 -0.047722
8.678000 30.904717 22.530382 -0.001487 1.499667 0.229386 3.731491 -0.106706 -0.004158
8.698000 30.910302 22.604931 -0.001569 1.499154 0.320538 3.722746 -0.114266 -0.080273
8.718000 30.917788 22.679336 -0.001623 1.497207 0.383560 3.720960 -0.116090 -0.104465
8.738000 30.926413 22.753627 -0.001645 1.493853 0.465243 3.709142 -0.116165 -0.223063
8.758000 30.937281 22.827652 -0.001648 1.488526 0.567357 3.700682 -0.116087 -0.304829
8.778000 30.948375 22.901643 -0.001652 1.483709 0.532778 3.700168 -0.114926 -0.221822
8.798000 30.956076 22.975598 -0.001555 1.482588 0.387473 3.701399 -0.101072 -0.065029
8.818000 30.961155 23.049659 -0.001452 1.484360 0.252072 3.702753 -0.096872 0.085324
8.838000 30.963599 23.122306 -0.001378 1.487997 0.125662 3.624849 -0.089610 0.203856
8.858000 30.963987 23.193100 -0.001300 1.493492 0.015062 3.534650 -0.089343 0.302170
8.878000 30.963310 23.263125 -0.001417 1.499573 -0.015276 3.501661 -0.108527 0.297724
8.898000 30.964441 23.332853 -0.001560 1.503354 0.081050 3.478932 -0.114243 0.143946
8.918000 30.967242 23.402149 -0.001619 1.505515 0.153926 3.460609 -0.115916 0.104744
8.938000 30.971049 23.471324 -0.001643 1.506115 0.221642 3.456929 -0.116033 -0.026429
8.958000 30.977160 23.540278 -0.001645 1.504441 0.327679 3.442897 -0.115808 -0.102773
8.978000 30.984058 23.609137 -0.001648 1.502266 0.360854 3.445117 -0.116545 -0.122205
8.998000 30.991786 23.677962 -0.001653 1.499146 0.411299 3.436146 -0.116764 -0.154711
9.018000 30.999731 23.746711 -0.001656 1.496051 0.402329 3.437491 -0.116849 -0.137342
9.038000 31.008587 23.815360 -0.001656 1.491933 0.480572 3.427316 -0.116578 -0.253218
9.058000 31.019530 23.883730 -0.001653 1.486183 0.567422 3.416222 -0.116497 -0.323411
9.078000 31.030477 23.952109 -0.001656 1.481096 0.525207 3.420137 -0.115026 -0.227106
9.098000 31.038263 24.020491 -0.001545 1.480241 0.398290 3.422265 -0.099454 -0.042809
9.118000 31.043128 24.089052 -0.001433 1.481885 0.244218 3.426494 -0.095240 0.086228
9.138000 31.045387 24.156142 -0.001363 1.485306 0.117165 3.350314 -0.089518 0.201533
9.158000 31.045841 24.221350 -0.001351 1.490399 0.018665 3.259749 -0.100307 0.290806
9.178000 31.045943 24.285696 -0.001507 1.495404 0.039724 3.224222 -0.112873 0.225038
9.198000 31.048200 24.349441 -0.001600 1.497928 0.134556 3.171315 -0.114985 0.090155
9.218000 31.051827 24.412578 -0.001632 1.499215 0.194129 3.154491 -0.116133 0.077055
9.238000 31.055122 24.475766 -0.001648 1.500471 0.171087 3.159485 -0.116704 0.060558
9.258000 31.058370 24.538929 -0.001654 1.501596 0.158729 3.157474 -0.116847 0.056835
9.278000 31.061752 24.602041 -0.001657 1.502384 0.186717 3.150639 -0.116751 0.004718
9.298000 31.067987 24.664859 -0.001626 1.500369 0.333614 3.139612 -0.108387 -0.139685
9.318000 31.076365 24.727492 -0.001551 1.496445 0.426311 3.130964 -0.109266 -0.213877
9.338000 31.083555 24.789911 -0.001569 1.494446 0.351851 3.121253 -0.105587 -0.069337
9.358000 31.087377 24.852473 -0.001449 1.495673 0.190080 3.126398 -0.093350 0.068519
9.378000 31.088519 24.915315 -0.001352 1.499341 0.055410 3.131132 -0.091174 0.212090
9.398000 31.087170 24.978435 -0.001338 1.505298 -0.068063 3.165684 -0.090858 0.324492
9.418000 31.083949 25.041818 -0.001329 1.512832 -0.157377 3.168171 -0.094870 0.408120
9.438000 31.081423 25.104621 -0.001455 1.518667 -0.113688 3.145185 -0.109278 0.274856
9.458000 31.081575 25.166217 -0.001532 1.521532 0.012263 3.081727 -0.105685 0.150440
9.478000 31.084089 25.226250 -0.001467 1.521871 0.132674 2.991475 -0.095711 0.029449
9.498000 31.088673 25.284229 -0.001353 1.520119 0.243735 2.882698 -0.087934 -0.077951
9.518000 31.095057 25.340765 -0.001295 1.516544 0.337238 2.813039 -0.089682 -0.186484
9.538000 31.101622 25.396930 -0.001418 1.512995 0.288043 2.810050 -0.108815 -0.145831
9.558000 31.105851 25.453293 -0.001562 1.511847 0.180369 2.822359 -0.114505 -0.020270
9.578000 31.109241 25.509736 -0.001623 1.511499 0.200620 2.818835 -0.116190 -0.046882
9.598000 31.114659 25.566020 -0.001645 1.509519 0.298973 2.813274 -0.116565 -0.123258
9.618000 31.120360 25.622323 -0.001653 1.507314 0.274025 2.816285 -0.116755 -0.094904
9.638000 31.126536 25.678531 -0.001655 1.504403 0.353438 2.803600 -0.116669 -0.193553
9.658000 31.134386 25.734591 -0.001655 1.500234 0.396127 2.806342 -0.116733 -0.208449
9.678000 31.142034 25.790725 -0.001656 1.496415 0.391234 2.805189 -0.116792 -0.191742
9.698000 31.150484 25.846692 -0.001656 1.491984 0.443733 2.793025 -0.116786 -0.235709
9.718000 31.159291 25.902580 -0.001657 1.487436 0.440206 2.792422 -0.116807 -0.218159
9.738000 31.165975 25.956998 -0.001606 1.484850 0.320230 2.707930 -0.102110 -0.124541
9.758000 31.170179 26.009300 -0.001429 1.485023 0.219288 2.607996 -0.092056 0.012104
9.778000 31.172355 26.059813 -0.001355 1.487336 0.110068 2.509949 -0.090665 0.126029
9.798000 31.172456 26.109228 -0.001309 1.491419 0.005895 2.462716 -0.089533 0.229393
9.818000 31.171379 26.158400 -0.001400 1.496377 -0.067553 2.451514 -0.106959 0.258765
9.838000 31.171020 26.207465 -0.001550 1.500303 0.020165 2.451091 -0.114301 0.139993
9.858000 31.172856 26.256442 -0.001618 1.502194 0.105466 2.445651 -0.115971 0.072957
9.878000 31.174776 26.305424 -0.001644 1.503821 0.110575 2.447919 -0.116612 0.057762
9.898000 31.178505 26.354236 -0.001650 1.503122 0.210892 2.434037 -0.116223 -0.077596
9.918000 31.183592 26.402876 -0.001651 1.501556 0.258581 2.433592 -0.116592 -0.062737
9.938000 31.188007 26.451680 -0.001655 1.500611 0.212940 2.441545 -0.116815 -0.026198
9.958000 31.192006 26.500487 -0.001656 1.499833 0.203291 2.438685 -0.116865 -0.042242
9.978000 31.196274 26.549226 -0.001657 1.498855 0.225245 2.433546 -0.116857 -0.084601
9.998000 31.201648 26.597851 -0.001657 1.496881 0.276201 2.430532 -0.116829 -0.116447
10.018000 31.207239 26.646492 -0.001657 1.494945 0.274245 2.433630 -0.116869 -0.088088
10.038000 31.211180 26.695190 -0.001650 1.495131 0.168826 2.432173 -0.111139 0.047518
10.058000 31.211658 26.744103 -0.001438 1.498311 0.021635 2.452269 -0.084995 0.190400
10.078000 31.211057 26.793085 -0.001304 1.502279 -0.009590 2.436922 -0.095852 0.181864
10.098000 31.213317 26.841404 -0.001457 1.503311 0.134588 2.415479 -0.106442 0.073394
10.118000 31.218473 26.889459 -0.001452 1.501443 0.277608 2.396802 -0.095153 -0.087428
10.138000 31.225680 26.935600 -0.001341 1.497112 0.364778 2.299776 -0.087297 -0.235536
10.158000 31.234214 26.979314 -0.001368 1.491288 0.440875 2.190178 -0.103890 -0.305604
10.178000 31.242192 27.021521 -0.001531 1.486500 0.376236 2.134134 -0.112426 -0.193490
10.198000 31.246796 27.063498 -0.001482 1.485431 0.232503 2.107486 -0.094525 -0.041545
10.218000 31.248974 27.104435 -0.001352 1.486733 0.115824 2.037157 -0.088271 0.087195
10.238000 31.249331 27.144631 -0.001308 1.489706 0.021746 2.003002 -0.092462 0.163464
10.258000 31.248873 27.184658 -0.001443 1.493236 -0.038543 1.994703 -0.109946 0.171202
10.278000 31.249195 27.224647 -0.001574 1.495984 0.042357 1.998056 -0.115190 0.081415
10.298000 31.250957 27.264550 -0.001629 1.497423 0.079637 1.994239 -0.116439 0.059881
10.318000 31.252401 27.304485 -0.001649 1.499041 0.052250 1.995799 -0.116776 0.076201
10.338000 31.254331 27.344359 -0.001654 1.499840 0.120361 1.989392 -0.116757 -0.011778
10.358000 31.257312 27.384164 -0.001656 1.499907 0.142320 1.992025 -0.116824 0.004597
10.378000 31.260027 27.424026 -0.001656 1.500038 0.137763 1.992176 -0.116859 -0.020057
10.398000 31.263335 27.463796 -0.001657 1.499458 0.166226 1.987805 -0.116863 -0.038393
10.418000 31.266769 27.503572 -0.001657 1.498905 0.164507 1.989088 -0.116873 -0.031654
10.438000 31.269214 27.543419 -0.001657 1.499569 0.086906 1.999113 -0.116727 0.090970
10.458000 31.269934 27.583453 -0.001656 1.501617 0.021439 2.000385 -0.116742 0.099326
10.478000 31.271061 27.623392 -0.001656 1.502963 0.081489 1.989554 -0.116694 0.023997
10.498000 31.275324 27.662972 -0.001619 1.501380 0.226474 1.976952 -0.106976 -0.126138
10.518000 31.281646 27.702406 -0.001532 1.497846 0.317467 1.970157 -0.107970 -0.196120
10.538000 31.286866 27.741660 -0.001570 1.496023 0.246011 1.959080 -0.106094 -0.049984
10.558000 31.288579 27.781135 -0.001409 1.497375 0.082413 1.969388 -0.087548 0.093776
10.578000 31.288090 27.821089 -0.001291 1.500803 -0.014016 2.006396 -0.087051 0.204498
10.598000 31.286044 27.861240 -0.001320 1.505803 -0.096948 2.011990 -0.096874 0.277540
10.618000 31.283076 27.901448 -0.001476 1.511374 -0.154431 2.006113 -0.111550 0.281221
10.638000 31.281517 27.939701 -0.001564 1.515029 -0.067504 1.902700 -0.106749 0.172355
10.658000 31.282140 27.975232 -0.001467 1.516037 0.030940 1.780842 -0.095513 0.051037
10.678000 31.284609 28.008398 -0.001380 1.514993 0.128453 1.662458 -0.091259 -0.058803
10.698000 31.288991 28.039275 -0.001311 1.512010 0.229353 1.545637 -0.087330 -0.164577
10.718000 31.294817 28.068321 -0.001361 1.507782 0.305476 1.448871 -0.103764 -0.233907
10.738000 31.299925 28.096757 -0.001527 1.504429 0.210611 1.430182 -0.113616 -0.131114
10.758000 31.302803 28.124952 -0.001610 1.503183 0.117458 1.406573 -0.115753 -0.040720
10.778000 31.305628 28.153010 -0.001641 1.502170 0.163172 1.398727 -0.116583 -0.070717
10.798000 31.308999 28.180988 -0.001652 1.500772 0.169246 1.399714 -0.116806 -0.064796
10.818000 31.312268 28.208988 -0.001656 1.499415 0.165866 1.399706 -0.116856 -0.064648
10.838000 31.315193 28.237020 -0.001657 1.498463 0.129324 1.403119 -0.116873 -0.028744
10.858000 31.317745 28.265069 -0.001657 1.497822 0.129876 1.401548 -0.116870 -0.037410
10.878000 31.320443 28.293097 -0.001657 1.497178 0.129787 1.402591 -0.116872 -0.018570
10.898000 31.322813 28.321179 -0.001657 1.496881 0.115671 1.403974 -0.116873 -0.014819
10.918000 31.325153 28.349250 -0.001657 1.496561 0.116977 1.403092 -0.116870 -0.018840
10.938000 31.327249 28.377352 -0.001657 1.496624 0.090812 1.407044 -0.116875 0.018349
10.958000 31.328967 28.405484 -0.001657 1.496928 0.085353 1.405743 -0.116871 0.010535
10.978000 31.330771 28.433602 -0.001657 1.497245 0.082996 1.406848 -0.116874 0.027832
10.998000 31.332192 28.461766 -0.001657 1.497922 0.064490 1.407989 -0.116873 0.031272
11.018000 31.333586 28.489920 -0.001657 1.498586 0.069454 1.407444 -0.116869 0.029337
11.038000 31.335931 28.517977 -0.001657 1.498222 0.166230 1.397562 -0.116730 -0.069695
11.058000 31.339628 28.545928 -0.001656 1.496668 0.177521 1.399111 -0.116800 -0.069013
11.078000 31.342633 28.573939 -0.001657 1.495736 0.122494 1.399955 -0.116834 -0.006306
11.098000 31.343357 28.602083 -0.001655 1.497088 -0.000810 1.413263 -0.116460 0.101085
11.118000 31.343244 28.630345 -0.001654 1.499240 0.014159 1.411994 -0.116727 0.090548
11.138000 31.345229 28.658378 -0.001655 1.499237 0.140424 1.393464 -0.115523 -0.031577
11.158000 31.349834 28.686128 -0.001621 1.496644 0.248327 1.389439 -0.112891 -0.150363
11.178000 31.355117 28.713777 -0.001627 1.493567 0.240551 1.374970 -0.115555 -0.136812
11.198000 31.357119 28.741414 -0.001546 1.493688 0.078704 1.374107 -0.092786 0.027064
11.218000 31.356563 28.769454 -0.001311 1.496319 -0.031569 1.415719 -0.083862 0.142396
11.238000 31.354770 28.797754 -0.001330 1.500264 -0.102430 1.417809 -0.100358 0.209258
11.258000 31.352433 28.826098 -0.001501 1.504763 -0.109332 1.415452 -0.112831 0.214703
11.278000 31.351243 28.854414 -0.001603 1.507909 -0.025024 1.404945 -0.115522 0.135890
11.298000 31.353679 28.882052 -0.001494 1.507280 0.138924 1.375678 -0.091652 -0.023844
11.318000 31.358602 28.909456 -0.001322 1.504071 0.261166 1.371345 -0.085442 -0.177934
11.338000 31.363459 28.935486 -0.001372 1.499541 0.203172 1.304385 -0.105566 -0.206766
11.358000 31.365496 28.959711 -0.001472 1.497399 0.096544 1.221657 -0.098599 -0.074851
11.378000 31.365361 28.982225 -0.001391 1.497546 -0.012041 1.135717 -0.097029 0.033138
11.398000 31.364485 29.002928 -0.001499 1.498434 -0.008858 1.041695 -0.111966 0.026611
11.418000 31.365207 29.021661 -0.001597 1.497687 0.080455 0.942650 -0.115523 -0.062293
11.438000 31.366408 29.038494 -0.001637 1.496462 0.047086 0.852143 -0.116579 -0.023639
11.458000 31.366740 29.053523 -0.001652 1.496115 0.031965 0.760111 -0.116817 -0.007792
11.478000 31.367282 29.066671 -0.001656 1.495557 0.044507 0.666087 -0.116872 -0.018370
11.498000 31.367747 29.077961 -0.001658 1.495079 0.034020 0.573717 -0.116884 -0.006446
11.518000 31.368087 29.087397 -0.001658 1.494728 0.032976 0.480650 -0.116885 -0.004450
11.538000 31.368396 29.094971 -0.001658 1.494410 0.030010 0.387721 -0.116884 -0.000667
11.558000 31.368618 29.100688 -0.001658 1.494182 0.025911 0.294874 -0.116882 0.003791
11.578000 31.368771 29.104548 -0.001658 1.494027 0.022833 0.201827 -0.116872 0.007312
11.598000 31.368904 29.106627 -0.001658 1.493977 0.022428 0.107739 -0.116904 0.015777
11.618000 31.368977 29.107398 -0.001658 1.493987 0.016836 0.017123 -0.116909 0.019539
11.638000 31.368993 29.107441 -0.001658 1.493881 0.005076 0.000938 -0.116900 0.000249
11.658000 31.368887 29.107456 -0.001658 1.493831 -0.008366 -0.000197 -0.116888 -0.004800
11.678000 31.368810 29.107440 -0.001657 1.493814 -0.009280 -0.001576 -0.116883 -0.009223
11.698000 31.368796 29.107409 -0.001657 1.493802 -0.008352 -0.001877 -0.116880 -0.009818
11.718000 31.368794 29.107376 -0.001657 1.493797 -0.008641 -0.001899 -0.116879 -0.009754
11.738000 31.368789 29.107342 -0.001657 1.493796 -0.008990 -0.001947 -0.116878 -0.009908
11.758000 31.368784 29.107308 -0.001657 1.493795 -0.009038 -0.001984 -0.116878 -0.010026
11.778000 31.368781 29.107273 -0.001657 1.493795 -0.009013 -0.001994 -0.116878 -0.010044
11.798000 31.368778 29.107239 -0.001657 1.493794 -0.009012 -0.001994 -0.116878 -0.010037
11.818000 31.368776 29.107204 -0.001657 1.493794 -0.009013 -0.001993 -0.116878 -0.010032
11.838000 31.368773 29.107169 -0.001657 1.493794 -0.009008 -0.001993 -0.116878 -0.010027
11.858000 31.368770 29.107134 -0.001657 1.493794 -0.009000 -0.001991 -0.116878 -0.010019
11.878000 31.368767 29.107100 -0.001657 1.493794 -0.008992 -0.001990 -0.116878 -0.010011
11.898000 31.368765 29.107065 -0.001657 1.493794 -0.008984 -0.001988 -0.116878 -0.010002
11.918000 31.368762 29.107030 -0.001657 1.493794 -0.008977 -0.001986 -0.116878 -0.009993
11.938000 31.368759 29.106996 -0.001657 1.493794 -0.008969 -0.001985 -0.116878 -0.009985
11.958000 31.368757 29.106961 -0.001657 1.493794 -0.008961 -0.001983 -0.116878 -0.009976
11.978000 31.368754 29.106927 -0.001657 1.493794 -0.008953 -0.001981 -0.116878 -0.009967
11.998000 31.368751 29.106892 -0.001657 1.493794 -0.008945 -0.001979 -0.116878 -0.009959
12.018000 31.368749 29.106858 -0.001657 1.493794 -0.008937 -0.001978 -0.116878 -0.009950
12.038000 31.368746 29.106823 -0.001657 1.493794 -0.008930 -0.001976 -0.116878 -0.009941
12.058000 31.368743 29.106789 -0.001657 1.493794 -0.008922 -0.001974 -0.116878 -0.009932
12.078000 31.368741 29.106755 -0.001657 1.493794 -0.008914 -0.001972 -0.116878 -0.009924
12.098000 31.368738 29.106720 -0.001657 1.493794 -0.008906 -0.001971 -0.116878 -0.009915
12.118000 31.368736 29.106686 -0.001657 1.493794 -0.008898 -0.001969 -0.116878 -0.009906
12.138000 31.368733 29.106652 -0.001657 1.493794 -0.008891 -0.001967 -0.116878 -0.009898
12.158000 31.368730 29.106617 -0.001657 1.493794 -0.008883 -0.001966 -0.116878 -0.009889
12.178000 31.368728 29.106583 -0.001657 1.493794 -0.008875 -0.001964 -0.116878 -0.009880
12.198000 31.368725 29.106549 -0.001657 1.493794 -0.008867 -0.001962 -0.116878 -0.009872
12.218000 31.368722 29.106515 -0.001657 1.493794 -0.008860 -0.001960 -0.116878 -0.009863
12.238000 31.368720 29.106481 -0.001657 1.493794 -0.008852 -0.001959 -0.116878 -0.009854
12.258000 31.368717 29.106447 -0.001657 1.493794 -0.008844 -0.001957 -0.116878 -0.009846
12.278000 31.368715 29.106413 -0.001657 1.493794 -0.008836 -0.001955 -0.116878 -0.009837
12.298000 31.368712 29.106379 -0.001657 1.493794 -0.008829 -0.001953 -0.116878 -0.009828
12.318000 31.368709 29.106345 -0.001657 1.493794 -0.008821 -0.001952 -0.116878 -0.009820
12.338000 31.368707 29.106311 -0.001657 1.493794 -0.008813 -0.001950 -0.116878 -0.009811
12.358000 31.368704 29.106277 -0.001657 1.493794 -0.008806 -0.001948 -0.116878 -0.009803
12.378000 31.368701 29.106243 -0.001657 1.493794 -0.008798 -0.001947 -0.116878 -0.009794
12.398000 31.368699 29.106209 -0.001657 1.493794 -0.008790 -0.001945 -0.116878 -0.009785
12.418000 31.368696 29.106175 -0.001657 1.493794 -0.008783 -0.001943 -0.116878 -0.009777
12.438000 31.368694 29.106141 -0.001657 1.493794 -0.008775 -0.001942 -0.116878 -0.009768
12.458000 31.368691 29.106107 -0.001657 1.493794 -0.008767 -0.001940 -0.116878 -0.009760
12.478000 31.368688 29.106074 -0.001657 1.493794 -0.008760 -0.001938 -0.116879 -0.009751
12.498000 31.368686 29.106040 -0.001657 1.493794 -0.008752 -0.001936 -0.116879 -0.009743
12.518000 31.368683 29.106006 -0.001657 1.493794 -0.008744 -0.001935 -0.116879 -0.009734
12.538000 31.368681 29.105973 -0.001657 1.493794 -0.008737 -0.001933 -0.116879 -0.009726
12.558000 31.368678 29.105939 -0.001657 1.493794 -0.008729 -0.001931 -0.116879 -0.009717
12.578000 31.368676 29.105905 -0.001657 1.493794 -0.008721 -0.001930 -0.116879 -0.009708
12.598000 31.368673 29.105872 -0.001657 1.493794 -0.008714 -0.001928 -0.116879 -0.009700
12.618000 31.368670 29.105838 -0.001657 1.493794 -0.008706 -0.001926 -0.116879 -0.009691
12.638000 31.368668 29.105805 -0.001657 1.493794 -0.008698 -0.001924 -0.116879 -0.009683
12.658000 31.368665 29.105771 -0.001657 1.493794 -0.008691 -0.001923 -0.116879 -0.009674
12.678000 31.368663 29.105738 -0.001657 1.493794 -0.008683 -0.001921 -0.116879 -0.009666
12.698000 31.368660 29.105705 -0.001657 1.493794 -0.008676 -0.001919 -0.116879 -0.009657
12.718000 31.368657 29.105671 -0.001657 1.493794 -0.008668 -0.001918 -0.116879 -0.009649
12.738000 31.368655 29.105638 -0.001657 1.493794 -0.008660 -0.001916 -0.116879 -0.009641
12.758000 31.368652 29.105605 -0.001657 1.493794 -0.008653 -0.001914 -0.116879 -0.009632
12.778000 31.368650 29.105571 -0.001657 1.493794 -0.008645 -0.001913 -0.116879 -0.009624
12.798000 31.368647 29.105538 -0.001657 1.493794 -0.008638 -0.001911 -0.116879 -0.009615
12.818000 31.368645 29.105505 -0.001657 1.493794 -0.008630 -0.001909 -0.116879 -0.009607
12.838000 31.368642 29.105472 -0.001657 1.493794 -0.008623 -0.001908 -0.116879 -0.009598
12.858000 31.368640 29.105439 -0.001657 1.493794 -0.008615 -0.001906 -0.116879 -0.009590
12.878000 31.368637 29.105405 -0.001657 1.493794 -0.008607 -0.001904 -0.116879 -0.009581
12.898000 31.368634 29.105372 -0.001657 1.493794 -0.008600 -0.001903 -0.116879 -0.009573
12.918000 31.368632 29.105339 -0.001657 1.493794 -0.008592 -0.001901 -0.116879 -0.009565
12.938000 31.368629 29.105306 -0.001657 1.493794 -0.008585 -0.001899 -0.116879 -0.009556
12.958000 31.368627 29.105273 -0.001657 1.493794 -0.008577 -0.001898 -0.116879 -0.009548
12.978000 31.368624 29.105240 -0.001657 1.493794 -0.008570 -0.001896 -0.116879 -0.009539
12.998000 31.368622 29.105207 -0.001657 1.493794 -0.008562 -0.001894 -0.116879 -0.009531
13.018000 31.368619 29.105174 -0.001657 1.493794 -0.008555 -0.001893 -0.116879 -0.009523
13.038000 31.368617 29.105142 -0.001657 1.493794 -0.008547 -0.001891 -0.116879 -0.009514
13.058000 31.368614 29.105109 -0.001657 1.493794 -0.008540 -0.001889 -0.116879 -0.009506
13.078000 31.368612 29.105076 -0.001657 1.493794 -0.008532 -0.001888 -0.116879 -0.009497
13.098000 31.368609 29.105043 -0.001657 1.493794 -0.008525 -0.001886 -0.116879 -0.009489
13.118000 31.368607 29.105010 -0.001657 1.493794 -0.008517 -0.001884 -0.116879 -0.009481
13.138000 31.368604 29.104978 -0.001657 1.493794 -0.008510 -0.001883 -0.116879 -0.009472
13.158000 31.368602 29.104945 -0.001657 1.493794 -0.008502 -0.001881 -0.116879 -0.009464
13.178000 31.368599 29.104912 -0.001657 1.493794 -0.008495 -0.001879 -0.116879 -0.009456
13.198000 31.368597 29.104880 -0.001657 1.493794 -0.008487 -0.001878 -0.116879 -0.009447
13.218000 31.368594 29.104847 -0.001657 1.493794 -0.008480 -0.001876 -0.116879 -0.009439
13.238000 31.368592 29.104815 -0.001657 1.493794 -0.008473 -0.001874 -0.116879 -0.009431
13.258000 31.368589 29.104782 -0.001657 1.493794 -0.008465 -0.001873 -0.116879 -0.009423
13.278000 31.368587 29.104750 -0.001657 1.493794 -0.008458 -0.001871 -0.116879 -0.009414
13.298000 31.368584 29.104717 -0.001657 1.493794 -0.008450 -0.001869 -0.116879 -0.009406
13.318000 31.368582 29.104685 -0.001657 1.493794 -0.008443 -0.001868 -0.116879 -0.009398
13.338000 31.368579 29.104652 -0.001657 1.493794 -0.008435 -0.001866 -0.116879 -0.009389
13.358000 31.368577 29.104620 -0.001657 1.493794 -0.008428 -0.001864 -0.116879 -0.009381
13.378000 31.368574 29.104587 -0.001657 1.493794 -0.008421 -0.001863 -0.116879 -0.009373
13.398000 31.368572 29.104555 -0.001657 1.493794 -0.008413 -0.001861 -0.116879 -0.009365
13.418000 31.368569 29.104523 -0.001657 1.493794 -0.008406 -0.001859 -0.116879 -0.009356
13.438000 31.368567 29.104491 -0.001657 1.493794 -0.008399 -0.001858 -0.116880 -0.009348
13.458000 31.368564 29.104458 -0.001657 1.493794 -0.008391 -0.001856 -0.116880 -0.009340
13.478000 31.368562 29.104426 -0.001657 1.493794 -0.008384 -0.001855 -0.116880 -0.009332
13.498000 31.368559 29.104394 -0.001657 1.493794 -0.008376 -0.001853 -0.116880 -0.009324
13.518000 31.368557 29.104362 -0.001657 1.493794 -0.008369 -0.001851 -0.116880 -0.009315
13.538000 31.368554 29.104330 -0.001657 1.493794 -0.008362 -0.001850 -0.116880 -0.009307
13.558000 31.368552 29.104298 -0.001657 1.493794 -0.008354 -0.001848 -0.116880 -0.009299
13.578000 31.368549 29.104266 -0.001657 1.493794 -0.008347 -0.001846 -0.116880 -0.009291
13.598000 31.368547 29.104234 -0.001657 1.493794 -0.008340 -0.001845 -0.116880 -0.009283
13.618000 31.368544 29.104202 -0.001657 1.493794 -0.008332 -0.001843 -0.116880 -0.009274
13.638000 31.368542 29.104170 -0.001657 1.493794 -0.008325 -0.001841 -0.116880 -0.009266
13.658000 31.368540 29.104138 -0.001657 1.493794 -0.008318 -0.001840 -0.116880 -0.009258
13.678000 31.368537 29.104106 -0.001657 1.493794 -0.008310 -0.001838 -0.116880 -0.009250
13.698000 31.368535 29.104074 -0.001657 1.493794 -0.008303 -0.001837 -0.116880 -0.009242
13.718000 31.368532 29.104042 -0.001657 1.493794 -0.008296 -0.001835 -0.116880 -0.009234
13.738000 31.368530 29.104010 -0.001657 1.493794 -0.008289 -0.001833 -0.116880 -0.009225
13.758000 31.368527 29.103979 -0.001657 1.493794 -0.008281 -0.001832 -0.116880 -0.009217
13.778000 31.368525 29.103947 -0.001657 1.493794 -0.008274 -0.001830 -0.116880 -0.009209
13.798000 31.368522 29.103915 -0.001657 1.493794 -0.008267 -0.001829 -0.116880 -0.009201
13.818000 31.368520 29.103883 -0.001657 1.493794 -0.008260 -0.001827 -0.116880 -0.009193
13.838000 31.368517 29.103852 -0.001657 1.493794 -0.008252 -0.001825 -0.116880 -0.009185
13.858000 31.368515 29.103820 -0.001657 1.493794 -0.008245 -0.001824 -0.116880 -0.009177
13.878000 31.368513 29.103789 -0.001657 1.493794 -0.008238 -0.001822 -0.116880 -0.009169
13.898000 31.368510 29.103757 -0.001657 1.493794 -0.008231 -0.001820 -0.116880 -0.009161
13.918000 31.368508 29.103725 -0.001657 1.493794 -0.008223 -0.001819 -0.116880 -0.009153
13.938000 31.368505 29.103694 -0.001657 1.493794 -0.008216 -0.001817 -0.116880 -0.009145
13.958000 31.368503 29.103662 -0.001657 1.493794 -0.008209 -0.001816 -0.116880 -0.009136
13.978000 31.368501 29.103631 -0.001657 1.493794 -0.008202 -0.001814 -0.116880 -0.009128
13.998000 31.368498 29.103600 -0.001657 1.493794 -0.008194 -0.001812 -0.116880 -0.009120
14.018000 31.368496 29.103568 -0.001657 1.493794 -0.008187 -0.001811 -0.116880 -0.009112
14.038000 31.368493 29.103537 -0.001657 1.493794 -0.008180 -0.001809 -0.116880 -0.009104
14.058000 31.368491 29.103505 -0.001657 1.493794 -0.008173 -0.001808 -0.116880 -0.009096
14.078000 31.368488 29.103474 -0.001657 1.493794 -0.008166 -0.001806 -0.116880 -0.009088
14.098000 31.368486 29.103443 -0.001657 1.493794 -0.008158 -0.001804 -0.116880 -0.009080
14.118000 31.368484 29.103412 -0.001657 1.493794 -0.008151 -0.001803 -0.116880 -0.009072
14.138000 31.368481 29.103380 -0.001657 1.493794 -0.008144 -0.001801 -0.116880 -0.009064
14.158000 31.368479 29.103349 -0.001657 1.493794 -0.008137 -0.001800 -0.116880 -0.009056
14.178000 31.368476 29.103318 -0.001657 1.493794 -0.008130 -0.001798 -0.116880 -0.009048
14.198000 31.368474 29.103287 -0.001657 1.493794 -0.008123 -0.001796 -0.116880 -0.009040
14.218000 31.368472 29.103256 -0.001657 1.493794 -0.008116 -0.001795 -0.116880 -0.009032
14.238000 31.368469 29.103225 -0.001657 1.493794 -0.008108 -0.001793 -0.116880 -0.009024
14.258000 31.368467 29.103194 -0.001657 1.493794 -0.008101 -0.001792 -0.116880 -0.009016
14.278000 31.368464 29.103163 -0.001657 1.493794 -0.008094 -0.001790 -0.116880 -0.009008
14.298000 31.368462 29.103132 -0.001657 1.493794 -0.008087 -0.001789 -0.116880 -0.009000
14.318000 31.368460 29.103101 -0.001657 1.493794 -0.008080 -0.001787 -0.116880 -0.008992
14.338000 31.368457 29.103070 -0.001657 1.493794 -0.008073 -0.001785 -0.116880 -0.008985
14.358000 31.368455 29.103039 -0.001657 1.493794 -0.008066 -0.001784 -0.116880 -0.008977
14.378000 31.368453 29.103008 -0.001657 1.493794 -0.008059 -0.001782 -0.116880 -0.008969
14.398000 31.368450 29.102977 -0.001657 1.493794 -0.008051 -0.001781 -0.116880 -0.008961
14.418000 31.368448 29.102946 -0.001657 1.493794 -0.008044 -0.001779 -0.116880 -0.008953
14.438000 31.368445 29.102916 -0.001657 1.493794 -0.008037 -0.001777 -0.116880 -0.008945
14.458000 31.368443 29.102885 -0.001657 1.493794 -0.008030 -0.001776 -0.116880 -0.008937
14.478000 31.368441 29.102854 -0.001657 1.493794 -0.008023 -0.001774 -0.116880 -0.008929
14.498000 31.368438 29.102824 -0.001657 1.493794 -0.008016 -0.001773 -0.116880 -0.008921
14.518000 31.368436 29.102793 -0.001657 1.493794 -0.008009 -0.001771 -0.116880 -0.008913
14.538000 31.368434 29.102762 -0.001657 1.493794 -0.008002 -0.001770 -0.116880 -0.008906
14.558000 31.368431 29.102732 -0.001657 1.493794 -0.007995 -0.001768 -0.116880 -0.008898
14.578000 31.368429 29.102701 -0.001657 1.493794 -0.007988 -0.001766 -0.116880 -0.008890
14.598000 31.368427 29.102671 -0.001657 1.493794 -0.007981 -0.001765 -0.116880 -0.008882
14.618000 31.368424 29.102640 -0.001657 1.493794 -0.007974 -0.001763 -0.116880 -0.008874
14.638000 31.368422 29.102610 -0.001657 1.493794 -0.007967 -0.001762 -0.116881 -0.008866
14.658000 31.368420 29.102579 -0.001657 1.493794 -0.007960 -0.001760 -0.116881 -0.008858
14.678000 31.368417 29.102549 -0.001657 1.493794 -0.007953 -0.001759 -0.116881 -0.008851
14.698000 31.368415 29.102518 -0.001657 1.493794 -0.007946 -0.001757 -0.116881 -0.008843
14.718000 31.368413 29.102488 -0.001657 1.493794 -0.007939 -0.001756 -0.116881 -0.008835
14.738000 31.368410 29.102458 -0.001657 1.493794 -0.007932 -0.001754 -0.116881 -0.008827
14.758000 31.368408 29.102427 -0.001657 1.493794 -0.007925 -0.001752 -0.116881 -0.008819
14.778000 31.368406 29.102397 -0.001657 1.493794 -0.007918 -0.001751 -0.116881 -0.008811
14.798000 31.368403 29.102367 -0.001657 1.493794 -0.007911 -0.001749 -0.116881 -0.008804
14.818000 31.368401 29.102336 -0.001657 1.493794 -0.007904 -0.001748 -0.116881 -0.008796
14.838000 31.368399 29.102306 -0.001657 1.493794 -0.007897 -0.001746 -0.116881 -0.008788
14.858000 31.368396 29.102276 -0.001657 1.493794 -0.007890 -0.001745 -0.116881 -0.008780
14.878000 31.368394 29.102246 -0.001657 1.493794 -0.007883 -0.001743 -0.116881 -0.008773
14.898000 31.368392 29.102216 -0.001657 1.493794 -0.007876 -0.001742 -0.116881 -0.008765
14.918000 31.368389 29.102186 -0.001657 1.493794 -0.007869 -0.001740 -0.116881 -0.008757
14.938000 31.368387 29.102156 -0.001657 1.493794 -0.007862 -0.001738 -0.116881 -0.008749
14.958000 31.368385 29.102126 -0.001657 1.493794 -0.007855 -0.001737 -0.116881 -0.008742
14.978000 31.368382 29.102096 -0.001657 1.493794 -0.007848 -0.001735 -0.116881 -0.008734
14.998000 31.368380 29.102066 -0.001657 1.493794 -0.007841 -0.001734 -0.116881 -0.008726
15.018000 31.368378 29.102036 -0.001657 1.493794 -0.007835 -0.001732 -0.116881 -0.008719
15.038000 31.368375 29.102006 -0.001657 1.493794 -0.007828 -0.001731 -0.116881 -0.008711
15.058000 31.368373 29.101976 -0.001657 1.493794 -0.007821 -0.001729 -0.116881 -0.008703
15.078000 31.368371 29.101946 -0.001657 1.493794 -0.007814 -0.001728 -0.116881 -0.008696
15.098000 31.368369 29.101916 -0.001657 1.493794 -0.007807 -0.001726 -0.116881 -0.008688
15.118000 31.368366 29.101886 -0.001657 1.493794 -0.007800 -0.001725 -0.116881 -0.008680
15.138000 31.368364 29.101857 -0.001657 1.493794 -0.007793 -0.001723 -0.116881 -0.008672
15.158000 31.368362 29.101827 -0.001657 1.493794 -0.007786 -0.001722 -0.116881 -0.008665
15.178000 31.368359 29.101797 -0.001657 1.493794 -0.007779 -0.001720 -0.116881 -0.008657
15.198000 31.368357 29.101767 -0.001657 1.493794 -0.007773 -0.001719 -0.116881 -0.008650
15.218000 31.368355 29.101738 -0.001657 1.493794 -0.007766 -0.001717 -0.116881 -0.008642
15.238000 31.368353 29.101708 -0.001657 1.493794 -0.007759 -0.001715 -0.116881 -0.008634
