header: 
  seq: 5
  stamp: 
    secs: 159
    nsecs: 961000000
  frame_id: "world"
child_frame_id: "base_link"
pose: 
  pose: 
    position: 
      x: 43.948746613475414
      y: 0.0031146034906763733
      z: -0.001657125156370705
    orientation: 
      x: 1.3457427277714763e-08
      y: 3.413204543453301e-05
      z: 3.784002728874785e-05
      w: 0.9999999987015679
  covariance: [0.0, 0.0, 0.0, 0.0, 0.0, 0.0, 0.0, 0.0, 0.0, 0.0, 0.0, 0.0, 0.0, 0.0, 0.0, 0.0, 0.0, 0.0, 0.0, 0.0, 0.0, 0.0, 0.0, 0.0, 0.0, 0.0, 0.0, 0.0, 0.0, 0.0, 0.0, 0.0, 0.0, 0.0, 0.0, 0.0]
twist: 
  twist: 
    linear: 
      x: 0.2994010784716273
      y: 1.2879663450849753e-05
      z: -0.11685875889653358
    angular: 
      x: -6.20941196401342e-07
      y: 0.002756023903501494
      z: 2.8037838829345284e-06
  covariance: [0.0, 0.0, 0.0, 0.0, 0.0, 0.0, 0.0, 0.0, 0.0, 0.0, 0.0, 0.0, 0.0, 0.0, 0.0, 0.0, 0.0, 0.0, 0.0, 0.0, 0.0, 0.0, 0.0, 0.0, 0.0, 0.0, 0.0, 0.0, 0.0, 0.0, 0.0, 0.0, 0.0, 0.0, 0.0, 0.0]
---
